"","X98_DCM_0d2.3","X64_DCM_0d2.3","X123_DCM_0d2.0d45","X78_DCM_0d45.0d8","X124_DCM_0d1.0d2","X85_MES_0d2.3"
"COG0001",7811,7150,12300,8317,3560,10821
"COG0002",5929,4036,5792,5167,2722,4965
"COG0003",130,461,277,360,658,162
"COG0004",15513,19747,11490,13484,7775,9888
"COG0005",5312,4955,4664,4914,1983,5641
"COG0006",22760,20382,20931,6453,2909,9586
"COG0007",1733,1952,3357,2920,1964,3549
"COG0008",14301,14079,15891,14857,6334,16497
"COG0009",6116,4655,5186,5293,2489,5429
"COG0010",7563,8584,7096,7578,3666,8689
"COG0011",298,164,276,255,199,115
"COG0012",9633,9071,9039,9264,3296,8816
"COG0013",21570,19612,16755,19786,7234,15014
"COG0014",9104,6351,6298,7444,3367,4782
"COG0015",11232,10321,9979,10787,4139,8304
"COG0016",2778,2843,2618,7763,3020,6597
"COG0017",2322,5328,5629,3813,1076,5181
"COG0018",14258,10478,11523,13550,4866,10305
"COG0019",14312,9267,10072,10458,5594,7808
"COG0020",5999,4818,5002,5229,2295,4785
"COG0021",15618,13854,10711,12329,5174,11075
"COG0022",9974,12663,9322,10911,5847,8913
"COG0023",627,739,661,1038,287,757
"COG0024",6323,6562,5464,5953,2655,5250
"COG0025",2414,3568,2547,3312,2705,2762
"COG0026",1745,1563,1238,5703,2771,2767
"COG0027",2000,1660,858,2462,1592,166
"COG0028",29868,31971,35368,29924,11839,36491
"COG0029",3699,4775,2833,5116,2136,2660
"COG0030",6106,4518,5409,5894,2412,4955
"COG0031",10406,10062,9348,10935,7389,9615
"COG0033",2205,2263,608,3339,1426,171
"COG0034",11281,10518,8999,11013,4269,9566
"COG0035",1977,1650,1059,613,378,474
"COG0036",5856,6027,5726,5616,2611,5086
"COG0037",11555,8707,11609,10739,5598,9422
"COG0038",3042,4161,2559,4180,1964,5116
"COG0039",7211,7832,6772,5940,2396,6144
"COG0040",4246,3235,4400,3769,1755,3044
"COG0041",3866,3704,3118,3711,1334,3183
"COG0042",8413,8742,7324,8939,4466,6531
"COG0043",3285,6643,8554,5868,2246,6958
"COG0044",14663,12200,11747,11433,4612,14318
"COG0045",10200,9748,9544,8067,3520,9371
"COG0046",17487,19050,15132,16858,6471,16007
"COG0047",7427,7784,7035,7326,3319,7893
"COG0048",2980,3118,2625,2842,1316,2639
"COG0049",3822,4049,3459,3552,1569,3482
"COG0050",9560,11229,7821,8710,4113,8329
"COG0051",2304,2448,2087,2367,1027,1845
"COG0052",6201,5909,5389,5723,2447,5128
"COG0053",828,1379,1034,567,1134,3723
"COG0054",1004,806,878,3110,1170,2287
"COG0055",12170,14120,8097,9884,4659,7637
"COG0056",13061,15097,8920,11738,5369,8677
"COG0057",10813,9376,8733,11206,6173,8236
"COG0058",3938,4979,1422,5427,7851,3029
"COG0059",7677,7842,6427,6949,3467,6018
"COG0060",23713,21376,19992,21769,8296,18612
"COG0061",7613,6072,6532,7267,3002,5557
"COG0062",4102,4298,5306,4896,1948,5723
"COG0063",5378,5273,6175,5659,2117,6376
"COG0064",10779,8620,7460,9124,3617,7306
"COG0065",11893,15022,10833,11254,4511,9308
"COG0066",5333,6390,5172,5665,2029,4086
"COG0067",22507,24349,16699,21499,10780,17200
"COG0068",43,87,505,262,568,59
"COG0069",31693,33618,23047,28255,13549,25701
"COG0070",20120,23628,15220,19892,9504,13555
"COG0071",4119,4377,3560,3518,34234,3304
"COG0072",18411,14766,14769,15581,6487,11560
"COG0073",12987,12611,11683,12630,6511,11525
"COG0074",7894,8402,7595,5854,2517,8286
"COG0075",2128,2464,2261,8658,3574,13068
"COG0076",3276,3778,2882,4002,4318,4712
"COG0077",7003,5334,5768,5816,2610,4589
"COG0078",6510,5444,6307,5768,2490,5456
"COG0079",11744,8200,10505,12265,7074,10570
"COG0080",3240,3388,2716,3070,1362,2809
"COG0081",5671,5873,4921,5351,2131,4589
"COG0082",8652,9182,6853,7931,3336,6226
"COG0083",1818,1876,2528,2340,1090,1882
"COG0084",6089,4079,5601,5285,3046,4740
"COG0085",29952,30920,25416,27732,16060,24758
"COG0086",33965,37240,25502,32577,18503,23902
"COG0087",5421,6524,4871,5089,2054,4701
"COG0088",4813,5295,4362,4691,1880,3902
"COG0089",2091,1843,1790,1866,838,1754
"COG0090",6633,7475,5193,5883,2614,5115
"COG0091",2924,3247,2516,2769,1038,2391
"COG0092",5749,6491,4638,5382,2229,4004
"COG0093",2752,2817,2487,2796,1091,2412
"COG0094",4541,4132,3976,4182,1794,3734
"COG0095",1277,1116,947,1524,461,1470
"COG0096",3301,3110,2715,2862,1296,2626
"COG0097",4495,4179,3647,4232,1795,3494
"COG0098",4015,4748,3650,4021,1588,3382
"COG0099",3281,3169,2879,2969,1307,2765
"COG0100",3058,3125,2504,2927,1222,2542
"COG0101",6262,5394,4390,5805,2296,4206
"COG0102",3621,3490,3307,3634,1487,3044
"COG0103",3153,3368,2812,2837,1325,2460
"COG0104",10771,10701,8679,9403,7835,8171
"COG0105",3545,3118,2925,3212,1220,2737
"COG0106",4415,3247,3783,3894,1690,3207
"COG0107",6282,4773,5140,4989,2302,3805
"COG0108",7593,7325,6379,7662,3793,4934
"COG0109",7989,7249,6908,7692,3305,6121
"COG0110",2375,1808,4138,2403,2860,2761
"COG0111",18478,16915,20891,19084,10491,19447
"COG0112",10035,11421,8879,9751,5330,9027
"COG0113",6706,5328,4803,6210,2550,4598
"COG0114",11495,9890,8211,9621,3710,6076
"COG0115",15008,13368,14728,14687,5796,14267
"COG0116",1775,1999,1515,2925,1633,1779
"COG0117",6186,5581,4748,5883,2414,4134
"COG0118",4864,3330,4287,3903,1849,2982
"COG0119",20947,19618,18421,17374,10140,17503
"COG0120",1871,2613,1773,2496,1086,2119
"COG0121",104,358,524,224,466,270
"COG0122",4301,3438,5169,3833,1754,4359
"COG0123",5238,6657,4740,4828,3606,5342
"COG0124",11139,9590,9947,10084,3773,8152
"COG0125",4537,4312,4219,4163,1660,3989
"COG0126",9800,8976,8005,9121,3368,7378
"COG0127",5933,5329,4697,5803,2237,3695
"COG0128",10422,8394,8229,8673,3758,7506
"COG0129",15291,16745,13110,14148,6346,12777
"COG0130",4317,4274,4770,5165,1844,4510
"COG0131",4318,3499,3323,3921,1515,3169
"COG0132",1172,1151,1547,1724,755,1159
"COG0133",8477,8044,6894,7653,2849,6377
"COG0134",5545,3784,4439,5160,2116,4341
"COG0135",3772,2615,3018,3567,1635,2785
"COG0136",8386,8101,6571,7763,3605,6541
"COG0137",8378,6481,6875,7048,3220,5649
"COG0138",12804,11094,9887,11628,6566,8270
"COG0139",3269,2523,2552,3003,1245,2148
"COG0140",2091,1497,1355,660,270,371
"COG0141",10853,9908,8144,9413,4284,9293
"COG0142",15659,14505,13827,14919,5435,13115
"COG0143",12188,10124,10952,11136,4688,10946
"COG0144",4164,6971,3900,6485,2125,3818
"COG0145",4854,10330,13089,9915,2675,15491
"COG0146",4050,8450,9663,8063,2362,13710
"COG0147",5315,3992,3943,15041,6339,12105
"COG0148",10416,9585,9002,9712,3894,8069
"COG0149",5738,4528,4746,1669,717,1287
"COG0150",9035,6648,6971,7776,15819,6423
"COG0151",10241,8996,8457,3161,1146,2839
"COG0152",6132,5212,5854,6208,6655,5650
"COG0153",1730,1991,1537,1522,599,2066
"COG0154",23395,25886,26112,24704,8208,28004
"COG0155",5332,4898,4643,6138,3639,5118
"COG0156",5159,6498,7064,7415,2877,5995
"COG0157",5042,4331,4375,5261,1906,3745
"COG0158",524,1177,1567,941,686,850
"COG0159",5560,3968,4499,4791,1926,4023
"COG0160",4681,5567,5332,4353,2523,8813
"COG0161",12038,12590,11610,11490,4912,15727
"COG0162",9511,7873,8539,9168,3414,7185
"COG0163",866,1251,1817,1176,847,1497
"COG0164",5337,3942,4390,4522,2015,3888
"COG0165",10143,6428,8278,8759,3712,7442
"COG0166",3299,2360,2679,9257,3831,7164
"COG0167",8591,7040,6917,8291,3974,7942
"COG0168",14392,9392,10631,11463,5592,8623
"COG0169",7123,5029,5962,6426,3060,5547
"COG0170",1357,882,544,1337,423,795
"COG0171",9353,8978,7976,9217,12448,5777
"COG0172",10352,8959,8950,9196,4043,8063
"COG0173",14538,10821,9743,12726,4523,9706
"COG0174",20345,21059,18650,17161,11239,22816
"COG0175",2126,2196,4327,3074,7940,3159
"COG0176",7169,6274,4778,1862,9658,1061
"COG0177",5249,4980,5061,5102,2790,4358
"COG0178",24213,21795,20475,22925,8754,21418
"COG0179",7505,7479,8605,7919,2817,9955
"COG0180",8999,7738,7944,8220,3442,6718
"COG0181",7446,5769,5155,6550,2832,4783
"COG0182",3796,3199,3929,2650,1817,3729
"COG0183",17667,23512,20710,20042,7253,24042
"COG0184",721,682,690,2136,801,2105
"COG0185",2306,2656,2037,2127,803,1884
"COG0186",1852,1707,1855,1785,897,1681
"COG0187",23437,24172,20054,21502,11786,18516
"COG0188",28670,29130,20927,27658,13416,22433
"COG0189",5502,6130,5877,6963,13089,4810
"COG0190",7358,6681,6065,6425,2648,6631
"COG0191",1469,3384,1251,2925,1188,2663
"COG0192",10011,9918,8091,8751,4652,7908
"COG0193",4925,3455,3410,4092,1651,3045
"COG0194",4433,3013,3410,3882,2272,2576
"COG0195",11727,10467,8921,9927,4291,7569
"COG0196",7112,4818,5234,6127,2529,4720
"COG0197",3531,3598,2894,3057,1314,2667
"COG0198",1784,1971,1748,687,224,581
"COG0199",1954,1758,1442,1838,995,1061
"COG0200",3540,3269,2870,3113,1320,2773
"COG0201",3511,3482,3089,10101,4296,8238
"COG0202",8032,8547,7005,7467,4374,6434
"COG0203",2928,2498,2420,2727,1175,2461
"COG0204",11811,11419,10751,11128,5936,10492
"COG0205",3776,4218,3258,3277,1336,4993
"COG0206",3497,4215,3067,9447,4145,9174
"COG0207",694,999,849,2931,20314,2583
"COG0208",2729,3482,1461,6150,67769,3434
"COG0209",25979,35366,21362,22251,191653,22453
"COG0210",20108,15213,18428,18700,97875,17637
"COG0211",2032,1649,1425,1774,794,1479
"COG0212",3602,1980,2615,2691,1294,2677
"COG0213",1368,2030,1793,1611,367,1935
"COG0214",1431,2151,2475,1642,405,1659
"COG0215",12341,10816,10171,11218,3983,9314
"COG0216",8891,7534,6420,7334,3090,6166
"COG0217",4599,4218,4217,3744,2326,3855
"COG0218",1233,1516,1732,1701,669,1876
"COG0219",2741,2378,2546,2581,1543,2226
"COG0220",2392,2174,2380,2975,1188,1953
"COG0221",1641,1727,817,2078,2933,308
"COG0222",3077,3276,2082,2835,1070,1923
"COG0223",9156,6916,8748,7969,8637,6375
"COG0224",7718,7177,5539,6782,2878,4951
"COG0225",7580,5962,5130,6484,2773,5670
"COG0226",3815,4144,2767,6924,6129,658
"COG0227",2223,1564,1356,1806,930,1035
"COG0228",3031,3098,2045,2394,1061,1915
"COG0229",4581,3766,3567,3808,1929,4305
"COG0230",365,228,208,264,61,169
"COG0231",4714,4089,4049,4365,2008,3821
"COG0232",5508,3141,4729,3797,2311,3452
"COG0233",4069,2930,3199,1141,488,988
"COG0234",3108,2692,2168,862,4165,721
"COG0235",4333,4808,3889,4116,2700,4343
"COG0236",2119,1631,1553,1820,963,1661
"COG0237",4719,3470,4380,4525,1698,3891
"COG0238",1843,1074,1432,1444,655,1357
"COG0239",541,427,897,617,283,519
"COG0240",5647,5394,5020,4928,2039,5319
"COG0241",2080,1651,2274,1675,926,2141
"COG0242",6116,4354,4592,1710,4146,1276
"COG0243",7415,14040,13301,10473,5362,14149
"COG0244",4508,5844,4162,4618,1774,3766
"COG0245",5768,3298,3544,1511,755,732
"COG0246",1013,2033,1211,1045,1196,745
"COG0247",8730,13579,13387,11063,3860,18455
"COG0248",3952,3773,3298,5439,3153,2193
"COG0249",8620,10432,8766,13379,5069,9456
"COG0250",4640,4983,4207,4548,1832,3704
"COG0251",4733,6025,6351,5755,2123,8534
"COG0252",818,2577,2985,1799,1241,3307
"COG0253",2209,1591,1514,5762,2540,3786
"COG0254",1947,1552,1341,1651,719,1241
"COG0255",304,267,409,378,178,407
"COG0256",2734,2654,2508,2625,1123,2437
"COG0257",42,137,79,106,88,11
"COG0258",18513,17629,14971,17700,42126,12876
"COG0259",3639,2815,2311,2695,1393,2508
"COG0260",10252,10483,9990,10151,5154,7346
"COG0261",3253,2551,2449,2869,1123,2022
"COG0262",1395,1566,1730,1780,1138,1352
"COG0263",7802,5503,5782,6673,3318,4142
"COG0264",5796,4509,4118,4758,2455,4248
"COG0265",17394,15883,19199,16653,9206,17199
"COG0266",6585,5484,4694,6666,3691,4531
"COG0267",735,614,345,710,389,522
"COG0268",2000,1149,1311,1602,741,996
"COG0269",78,45,86,49,4,139
"COG0270",3595,4649,4462,3853,66908,1646
"COG0271",1690,1437,1305,1560,575,984
"COG0272",17658,13338,12827,14636,11626,10748
"COG0274",2038,2382,1131,651,839,736
"COG0275",7299,5238,5105,6162,2361,4795
"COG0276",8688,6494,5950,6685,3458,3785
"COG0277",18305,19780,18949,19227,10016,24855
"COG0278",2116,1810,1576,1868,860,1994
"COG0279",710,535,944,1769,3170,2090
"COG0280",10452,10826,6917,2598,1328,2114
"COG0281",8682,10285,7104,2467,1334,2251
"COG0282",138,284,784,298,680,556
"COG0283",5614,3620,3753,5503,1993,3245
"COG0284",5702,4914,5217,5457,2246,4600
"COG0285",9562,7669,7633,8710,3305,6281
"COG0286",1295,970,4347,1458,4526,734
"COG0287",6704,4736,5291,5933,2671,4876
"COG0288",361,732,872,620,957,977
"COG0289",5316,3902,3816,4518,2122,2813
"COG0290",4504,3573,3076,3647,1534,2817
"COG0291",1227,1074,950,1220,388,441
"COG0292",2798,2237,2047,2508,921,1993
"COG0293",3077,3002,2777,2790,1310,2734
"COG0294",2289,1864,1924,6355,2638,5377
"COG0295",514,706,600,543,586,745
"COG0296",4282,5165,1577,4962,2470,3046
"COG0297",2903,4456,1286,3633,1972,2497
"COG0298",8,6,66,22,36,0
"COG0299",5022,3504,4230,4369,11640,3720
"COG0300",1347,2611,1794,2281,890,2047
"COG0301",414,520,2692,852,476,2501
"COG0302",5000,4429,4032,4679,5811,3804
"COG0303",5279,5827,7486,5903,2097,8357
"COG0304",12645,13453,11290,11555,5025,10741
"COG0305",15239,14822,10198,13937,200084,8933
"COG0306",2455,3989,3898,2688,1486,5520
"COG0307",4526,3520,3805,4337,1677,2988
"COG0308",12441,11786,14888,13228,7642,19544
"COG0309",149,109,1016,424,288,300
"COG0310",523,489,126,130,352,6
"COG0311",934,1208,1648,1057,247,1206
"COG0312",11534,13443,7552,11865,6828,12328
"COG0313",6348,3930,4624,5354,2365,3407
"COG0314",1625,1641,2077,1613,699,2041
"COG0315",1859,1884,2421,2056,774,2478
"COG0316",5215,4691,4909,4616,6905,6171
"COG0317",15255,13160,12833,15057,7362,12336
"COG0318",29403,32960,30239,33668,11450,43733
"COG0319",3147,1910,2346,2936,1032,2250
"COG0320",9127,7988,5397,7938,3142,5152
"COG0321",5358,3958,3436,4584,2014,2880
"COG0322",15368,12546,12307,14502,5239,10314
"COG0323",3094,4161,5558,4773,1576,5282
"COG0324",7161,4794,5517,5946,2487,4839
"COG0325",5428,3500,3618,4543,1950,3249
"COG0326",6253,6132,3901,7506,3096,5225
"COG0327",797,639,1062,737,723,1196
"COG0328",3294,3473,2709,3475,2203,2674
"COG0329",12083,9257,12107,10735,4688,12247
"COG0330",13072,12418,12913,11065,4896,13036
"COG0331",7020,5146,5088,5751,2527,4160
"COG0332",5889,6020,5127,6357,2796,6620
"COG0333",872,341,435,554,242,307
"COG0334",4444,5891,6687,5403,3541,7049
"COG0335",3833,3468,2587,3172,1389,2297
"COG0336",6481,5366,4267,5349,2454,3857
"COG0337",9038,5568,6142,7670,3478,5821
"COG0338",2521,2255,2352,1391,22143,1068
"COG0339",4729,5438,4457,6171,4917,4433
"COG0340",5010,3893,4977,5024,2151,4215
"COG0341",7277,4638,5219,6417,3112,4933
"COG0342",11798,9252,9448,10469,5191,7881
"COG0343",8765,9113,7869,8654,3328,7779
"COG0344",4114,2344,4059,3481,1506,2944
"COG0345",1994,1352,1358,4639,2221,3893
"COG0346",5516,5503,7129,6620,2677,8734
"COG0347",2101,1886,2337,2707,986,1725
"COG0348",450,839,2317,1085,2350,1088
"COG0349",4902,3333,4384,4590,2138,3476
"COG0350",2004,1870,2754,1718,941,2399
"COG0351",4298,2369,4238,3329,2237,2622
"COG0352",4000,2819,3602,3663,2193,2462
"COG0353",4752,3686,3412,4015,1499,3080
"COG0354",5637,2923,3979,4341,2200,3300
"COG0355",3053,2680,2234,2616,1363,1846
"COG0356",7128,6259,5248,6219,2650,4526
"COG0357",4359,3184,3699,4046,1620,2644
"COG0358",14339,10798,12089,12855,41268,10937
"COG0359",3860,2665,2986,3296,1345,2740
"COG0360",2868,2002,2254,2596,1142,2116
"COG0361",2084,2312,1840,2071,1493,1917
"COG0362",3154,4102,1178,3326,1864,1284
"COG0363",2646,2665,1865,2648,2021,3488
"COG0364",2639,3957,1132,3590,2868,1216
"COG0365",31389,28312,24179,24811,10807,26260
"COG0366",7548,8306,6028,2560,2650,1339
"COG0367",9609,9596,13992,10181,13102,7853
"COG0368",1160,1087,1379,1895,695,1303
"COG0369",2681,6294,2740,3968,2958,2324
"COG0370",193,719,1138,892,339,2972
"COG0371",1955,1403,1737,2140,702,1581
"COG0372",10119,10316,8826,9447,3986,10022
"COG0373",3143,3672,4605,1509,724,2025
"COG0374",31,75,562,87,191,17
"COG0375",50,123,64,102,73,20
"COG0376",9103,9954,6743,6457,3904,4841
"COG0377",3764,4191,3453,1078,510,1251
"COG0378",1505,1587,1275,1830,715,747
"COG0379",5896,5800,5366,5362,2465,3732
"COG0380",283,1305,314,785,1513,623
"COG0381",4601,3109,4040,3533,5529,2900
"COG0382",8872,8330,6981,9919,3302,5566
"COG0383",578,2134,541,627,1729,2316
"COG0384",1038,1146,1551,1289,614,1839
"COG0385",4067,3549,3149,2560,2577,2134
"COG0386",3803,2564,2502,3293,1501,1931
"COG0387",300,1448,455,605,162,372
"COG0388",12461,12147,12601,12521,6378,15206
"COG0389",11007,9268,9546,10528,4561,8213
"COG0390",277,256,569,233,36,1669
"COG0391",3089,2372,2908,3761,1173,2334
"COG0392",1633,698,2288,2026,425,1565
"COG0393",508,602,576,625,148,735
"COG0394",2574,2404,2746,2786,1283,2460
"COG0395",8872,9134,5350,7279,3523,10681
"COG0396",6182,5338,5060,5401,2511,3684
"COG0397",6629,8103,5313,2558,988,1737
"COG0398",4266,2556,3322,3564,2388,1732
"COG0399",20781,13943,19551,16265,41993,16608
"COG0400",4806,3617,3415,3844,1642,2557
"COG0401",1,7,48,16,89,4
"COG0402",6073,8828,8085,7970,3479,12619
"COG0403",15075,17133,8958,13933,5996,10145
"COG0404",53589,50181,35342,12432,5269,16800
"COG0405",11175,12990,15696,12862,5703,15051
"COG0406",3902,4385,3736,4966,2447,3829
"COG0407",7167,5405,5314,6194,3010,4101
"COG0408",5929,4614,2711,4917,2210,1926
"COG0409",14,36,249,108,272,21
"COG0410",9935,8477,6143,6813,3490,8815
"COG0411",8617,7610,5484,5639,2708,8369
"COG0412",4048,3937,5005,4153,1412,6366
"COG0413",6929,6663,5771,6641,3233,3883
"COG0414",5886,3309,3649,5528,2666,2401
"COG0415",14315,18774,6742,19182,7968,2135
"COG0416",6307,4510,4477,5372,2339,4457
"COG0417",6493,16973,5989,7414,102377,5567
"COG0418",2266,2064,1066,2668,1399,830
"COG0419",3585,4515,5888,4031,50037,3441
"COG0420",291,773,2679,1083,6772,2265
"COG0421",1834,1966,2794,2665,1545,3175
"COG0422",2936,2775,3753,1247,727,1061
"COG0423",5286,5958,6144,5402,1136,5296
"COG0424",4365,3682,3737,4215,1850,2989
"COG0425",339,446,956,480,417,1079
"COG0426",5552,4996,540,6790,2312,85
"COG0427",244,509,1262,612,1091,457
"COG0428",823,968,1023,707,378,703
"COG0429",1547,1845,1167,2077,1284,1129
"COG0430",7,127,115,45,90,81
"COG0431",1378,1717,2457,2242,1511,1274
"COG0432",2052,1974,2137,2145,1317,1836
"COG0433",482,760,2735,1462,1140,1503
"COG0434",598,586,265,323,287,690
"COG0435",1606,1593,913,2110,1273,1120
"COG0436",26586,27260,25406,24284,9651,26021
"COG0437",2812,3620,2983,3212,521,6191
"COG0438",49118,38842,45102,45848,99849,34382
"COG0439",12628,15366,11139,12898,4958,14471
"COG0440",3776,3189,2959,3070,1375,2683
"COG0441",15986,15555,13266,13815,5626,11539
"COG0442",11414,10401,10129,11229,4157,9482
"COG0443",22566,26806,16612,22143,13038,17180
"COG0444",3240,3727,6802,3731,833,10701
"COG0445",13491,13242,9111,12101,4920,9043
"COG0446",17525,17784,15100,14357,7554,29204
"COG0447",2254,2167,881,2201,683,1688
"COG0448",1720,2681,785,2556,1435,1581
"COG0449",13563,10801,11256,11990,12678,10205
"COG0450",3149,2315,3172,2679,2630,2254
"COG0451",57940,42389,47386,46222,159246,37769
"COG0452",9245,7742,7778,2897,1224,2128
"COG0454",7509,6770,7388,8420,6120,7667
"COG0455",457,578,1390,670,517,1795
"COG0456",748,657,1054,2832,1526,3365
"COG0457",46461,40102,55144,46644,24400,59060
"COG0458",8505,8416,7226,22452,10507,19248
"COG0459",5885,8532,5201,19147,69851,15471
"COG0460",8369,6544,7111,7275,4175,8002
"COG0461",5445,3925,4291,4734,13412,4012
"COG0462",8277,8070,7071,7460,3585,7072
"COG0463",38932,26663,37356,33899,56904,29896
"COG0464",3596,10109,7966,6580,4741,6794
"COG0465",20347,28733,11291,20414,12200,11083
"COG0466",13072,10971,10920,10228,7241,13746
"COG0467",2277,2163,338,3115,964,206
"COG0468",11153,13931,9138,10667,62106,8309
"COG0469",7350,7402,5386,7473,3250,6537
"COG0470",9439,11030,8384,9839,40866,7886
"COG0471",3097,2789,3089,9678,4312,9292
"COG0472",12075,7651,8809,9823,5217,8742
"COG0473",10060,11588,10537,10035,3978,9523
"COG0474",811,4306,963,1417,1071,2419
"COG0475",3845,5282,5969,4567,4702,5532
"COG0476",6159,6314,6480,6724,5206,5838
"COG0477",48528,53585,71464,60170,23925,58984
"COG0478",13,149,7,45,16,11
"COG0479",6084,6869,6143,5393,3520,5955
"COG0480",17168,20825,17247,15851,7550,20683
"COG0481",14623,12528,9666,12836,4652,9276
"COG0482",8953,6550,6187,7593,3178,6987
"COG0483",11191,8551,9408,9753,3732,8508
"COG0484",10294,14791,11565,10234,6271,9827
"COG0486",9920,8331,6914,9186,3416,5948
"COG0488",9931,13602,12047,14639,7776,15485
"COG0489",9179,8453,9690,8711,3905,9293
"COG0490",0,0,1,0,1,1
"COG0491",16307,16823,18447,18144,8727,22441
"COG0492",14994,14952,10369,13759,5736,8463
"COG0493",10028,10627,9517,8557,3132,12186
"COG0494",9382,9541,12227,10220,6204,11858
"COG0495",20415,18934,17761,19362,7552,15842
"COG0496",2629,3216,2636,3265,1195,2528
"COG0497",4090,3626,3790,5630,2038,5296
"COG0498",10950,9646,12741,10466,3780,12022
"COG0499",11041,11305,8817,10060,3823,8896
"COG0500",34830,27754,36313,31635,35008,36260
"COG0501",6566,5072,6010,4529,3122,5592
"COG0502",1614,1715,2332,2094,1266,1754
"COG0503",3712,3639,3564,1254,1382,980
"COG0504",13593,11713,10603,12567,4785,10013
"COG0505",9313,8357,7407,8071,3235,7128
"COG0506",3347,3553,3993,3344,5637,6118
"COG0507",4324,3899,5816,2033,1917,1961
"COG0508",6919,6722,4989,16985,7666,13207
"COG0509",2721,2796,2169,2581,1001,2311
"COG0510",1060,963,812,763,439,1430
"COG0511",1291,1827,1716,4504,2287,5115
"COG0512",5669,5448,4515,6126,2021,5361
"COG0513",16364,20677,17023,18264,10708,20205
"COG0514",1272,3276,3062,2746,3615,4281
"COG0515",4788,25300,11058,10929,8059,9369
"COG0516",11329,12099,8831,9983,22112,9742
"COG0517",10433,10690,12413,10038,5339,15520
"COG0518",12878,11890,10619,12734,5547,14409
"COG0519",9932,8812,8028,9852,3888,8585
"COG0520",15249,16031,15867,16430,5301,15027
"COG0521",1985,2288,2488,1948,915,2684
"COG0522",5245,5244,4201,5022,1957,3970
"COG0523",5738,8595,2717,10347,2049,1448
"COG0524",15280,13754,13545,14367,5705,16237
"COG0525",22394,17989,17136,20441,6845,15072
"COG0526",19214,18019,19723,20012,12941,20679
"COG0527",10428,9136,10411,10245,5150,9650
"COG0528",3312,3850,3475,1295,525,1251
"COG0529",2303,2851,2542,3290,2127,2391
"COG0530",4883,5302,5365,5825,2810,4641
"COG0531",3335,5663,6661,4486,3153,10217
"COG0532",16704,17141,13103,15144,6152,11979
"COG0533",9059,8552,7153,8396,3169,6604
"COG0534",11070,9617,10706,9362,5396,12657
"COG0535",4208,3546,7505,4426,6498,4958
"COG0536",8394,7277,6303,7247,3266,5410
"COG0537",4033,3589,4092,3989,2269,3848
"COG0538",9871,9036,4504,8222,2916,4202
"COG0539",13672,11344,9242,11576,5366,8736
"COG0540",8010,7632,6889,7973,3460,7037
"COG0541",9518,10931,8539,9327,3658,8247
"COG0542",20148,22016,15619,25368,22580,16235
"COG0543",813,1791,2712,1488,1371,3002
"COG0544",10551,8137,8341,9132,3658,7019
"COG0545",1065,1326,1023,3667,1940,3649
"COG0546",5941,4370,5371,5447,3280,4886
"COG0547",7258,5533,6462,6331,3521,6253
"COG0548",2011,1557,1869,5307,2838,5219
"COG0549",672,1322,1058,718,133,1879
"COG0550",18864,19975,14931,18315,8788,13907
"COG0551",1011,1844,4438,2085,1904,1732
"COG0552",6777,6832,5988,6892,2760,6254
"COG0553",3401,15407,7601,5846,133531,5650
"COG0554",6940,5794,5757,5221,3349,5609
"COG0555",155,220,276,244,232,349
"COG0556",17090,16827,13552,16259,5641,10523
"COG0557",6525,7242,5491,9342,5360,7746
"COG0558",5897,4525,5113,5221,1949,7972
"COG0559",12250,11670,7992,9197,4693,11393
"COG0560",2110,3243,3921,2924,1368,4519
"COG0561",2344,3430,3423,1041,6557,622
"COG0562",351,529,322,366,1358,56
"COG0563",4723,4561,4121,4434,2368,3881
"COG0564",12107,11416,9946,11872,5944,9430
"COG0565",4238,3562,2629,3742,1711,1924
"COG0566",10167,8493,6466,10019,4343,6563
"COG0567",14341,13816,8769,10456,4981,7346
"COG0568",23395,20312,15692,21159,29183,13791
"COG0569",8830,6969,7977,7796,3318,6710
"COG0571",4796,3876,3507,4303,2579,3248
"COG0572",1244,1277,1023,1562,1117,2231
"COG0573",2529,3042,1607,5652,995,570
"COG0574",15486,15472,15936,11796,6116,15924
"COG0575",4883,3781,3834,4335,2009,3576
"COG0576",5034,4629,4585,4879,1848,3660
"COG0577",11001,13085,13066,12401,6117,9284
"COG0578",1711,2726,2129,2211,2310,4255
"COG0579",4429,4056,4604,5664,2227,4991
"COG0580",2578,2101,2704,2366,987,2297
"COG0581",2318,2837,2124,5189,1784,651
"COG0582",8954,8491,12691,9986,79664,19944
"COG0583",7333,9887,22372,11440,23082,12328
"COG0584",4776,3712,4667,4148,2372,7651
"COG0585",463,1818,1968,1220,745,1815
"COG0586",1262,939,1113,1408,718,807
"COG0587",26500,22978,25759,24755,101787,23093
"COG0588",4450,3078,3408,3013,1431,2107
"COG0589",810,2692,5085,2381,3691,2738
"COG0590",3607,3049,2567,3100,1571,3069
"COG0591",12363,12281,19092,12931,8358,19213
"COG0592",9775,8410,8520,9374,5970,7474
"COG0593",14958,9828,11634,12068,6127,9350
"COG0594",367,350,1079,507,335,694
"COG0595",9056,7736,5584,8264,3158,2765
"COG0596",37479,35086,33942,39794,14088,41764
"COG0597",3185,1500,2790,2528,1230,2070
"COG0598",52,147,446,187,596,574
"COG0599",195,257,365,1018,330,1381
"COG0600",4983,4939,4902,4516,2483,5927
"COG0601",9126,9304,11930,10547,2918,15315
"COG0602",2268,2174,2639,3022,5304,2909
"COG0603",2148,2119,2722,3030,4384,2595
"COG0604",16538,17615,17693,15804,7798,19966
"COG0605",444,459,710,1445,2413,1589
"COG0606",189,889,1117,537,1511,3172
"COG0607",6274,6638,7329,7167,4024,8058
"COG0608",5675,4082,7991,1828,1187,2570
"COG0609",3169,1570,3893,1752,1714,1490
"COG0610",1118,843,4530,1387,3903,951
"COG0611",4767,3223,4322,4739,1981,3562
"COG0612",9382,9026,12607,11232,5999,11569
"COG0613",2158,1727,3689,2841,1302,2216
"COG0614",3045,2466,5071,2712,1910,4368
"COG0615",1065,1060,1172,343,1566,480
"COG0616",7400,5957,5954,6670,3759,5426
"COG0617",13198,10243,10260,13126,12741,8869
"COG0618",1753,2698,1961,2235,742,2249
"COG0619",1423,1169,276,1657,756,241
"COG0620",2747,3279,4234,3083,1609,9831
"COG0621",16370,14072,14803,16834,6335,15414
"COG0622",382,381,894,539,131,952
"COG0623",6699,6486,4167,5868,2085,3399
"COG0624",15434,17823,17796,15678,6702,20816
"COG0625",11455,12935,9749,13778,6983,8533
"COG0626",12690,12313,7017,12822,4467,11504
"COG0627",646,854,1068,329,205,449
"COG0628",4270,5297,5212,5340,4436,6131
"COG0629",4024,3358,3094,3591,15110,2809
"COG0630",731,1755,960,1211,146,692
"COG0631",813,2403,1566,1057,1645,1608
"COG0632",1878,1488,2083,797,281,856
"COG0633",3781,4568,2065,4691,5458,1867
"COG0634",1022,753,1286,1014,899,1898
"COG0635",4054,3397,4944,1649,811,1965
"COG0636",813,985,329,804,437,460
"COG0637",3381,3246,3066,3741,7997,3777
"COG0638",739,3071,3874,1678,507,3528
"COG0639",1733,4484,2906,3799,2938,3819
"COG0640",945,1130,1861,1710,1253,2346
"COG0641",60,301,637,209,1219,459
"COG0642",31061,27166,58479,12739,18309,10403
"COG0643",169,292,1090,1222,2967,1669
"COG0644",14222,18778,15263,15661,6354,14688
"COG0645",33,52,322,186,333,108
"COG0646",8760,9347,8965,10060,4159,9090
"COG0647",4088,3443,2686,3094,1321,2041
"COG0648",1037,1906,2091,1436,433,1889
"COG0649",9482,10456,8017,8167,3288,8115
"COG0650",0,0,1,0,0,0
"COG0651",1836,2465,3870,3102,960,5567
"COG0652",9407,11273,8298,11155,4443,9356
"COG0653",21571,16504,15631,18837,7042,15070
"COG0654",15929,12903,10209,13869,5952,9841
"COG0655",350,573,763,201,367,267
"COG0656",871,2247,1731,1440,1136,2850
"COG0657",6632,7381,6127,7300,2489,9338
"COG0658",161,631,1319,528,1628,2221
"COG0659",5733,7749,5125,8664,6242,6782
"COG0661",15549,19944,8955,17413,8626,5293
"COG0662",2182,1594,1712,5427,25902,4595
"COG0663",2704,2384,2391,2240,1838,2145
"COG0664",3644,5539,5210,4406,4070,6673
"COG0665",45674,46407,37207,36678,16989,59758
"COG0666",5401,11440,5740,5400,2687,16118
"COG0667",14820,13516,19225,15140,4736,18189
"COG0668",9987,10388,12410,10576,7155,9882
"COG0669",1210,746,888,3137,1448,2369
"COG0670",4266,3460,2713,3369,2077,2036
"COG0671",1366,1672,2569,1788,15509,1798
"COG0672",434,502,3018,929,532,1300
"COG0673",35378,32254,36111,33972,12581,46561
"COG0674",4266,6639,8151,5168,975,9375
"COG0675",62,73,1458,91,3263,159
"COG0676",22,400,316,185,482,104
"COG0677",4768,3241,6193,4366,1734,3630
"COG0678",1868,2209,1479,1862,4083,1201
"COG0679",4130,2695,2760,3489,2185,1760
"COG0680",3,3,109,40,102,6
"COG0681",6859,5543,5822,6746,4875,5660
"COG0682",6433,4205,4491,5713,2279,4344
"COG0683",14681,16035,10879,11467,5981,15141
"COG0684",1651,1910,3113,2090,937,2439
"COG0685",5748,4972,5227,4963,1849,6478
"COG0686",4770,4586,3824,3094,2494,4592
"COG0687",5391,6835,4760,4543,3343,8264
"COG0688",3799,2714,3044,2892,1457,3418
"COG0689",1960,4042,3484,2760,1476,3173
"COG0690",653,604,474,672,444,371
"COG0691",3594,2384,2457,3016,1313,2366
"COG0692",346,324,332,1248,1326,767
"COG0693",404,727,1930,773,1532,1250
"COG0694",4444,3518,3915,3516,7150,4467
"COG0695",2495,2124,2825,2545,3730,1561
"COG0696",3789,3459,1693,4566,1700,4203
"COG0697",48276,39295,34881,40302,19254,30567
"COG0698",2274,1559,1956,1706,1219,1460
"COG0699",83,963,272,310,346,73
"COG0700",115,227,357,211,239,305
"COG0701",143,286,412,749,1245,734
"COG0702",11878,9591,9183,11760,5156,8517
"COG0703",4578,2864,3502,4162,1637,2587
"COG0704",1155,2421,4108,3798,814,2825
"COG0705",4152,3533,5191,4016,2167,4630
"COG0706",12462,10179,9159,9948,4461,7453
"COG0707",7828,4405,4805,6502,2517,4940
"COG0708",6592,5428,4836,5990,2758,5550
"COG0709",3514,4330,2121,6065,1479,3282
"COG0710",209,924,1490,622,93,1391
"COG0711",6352,5606,3857,5723,2253,2690
"COG0712",4752,3738,3388,4276,1683,2997
"COG0713",2045,1568,1725,1898,748,1670
"COG0714",13967,16900,14861,13296,80723,16418
"COG0715",2824,3758,5032,3646,2638,3722
"COG0716",1338,1156,1640,1656,2421,288
"COG0717",4627,3864,3470,3781,3106,2508
"COG0718",1777,1226,1364,1562,735,1204
"COG0719",19206,16863,16917,17905,8455,11566
"COG0720",2699,2228,1788,3087,1363,1971
"COG0721",1891,1231,1260,1630,605,894
"COG0722",3280,2430,2460,3473,1713,3040
"COG0723",4398,4362,3226,3520,1866,2723
"COG0724",1799,4519,1032,1027,462,370
"COG0725",617,685,1760,1077,406,1605
"COG0726",7962,5183,9004,6631,3602,9671
"COG0727",332,375,287,169,131,307
"COG0728",10840,6884,6293,8699,4041,5481
"COG0729",169,201,1468,441,1495,665
"COG0730",10994,8898,7838,8575,5068,6311
"COG0731",350,1382,1417,961,159,969
"COG0732",383,300,2938,587,3007,188
"COG0733",4633,6096,4413,1743,978,1281
"COG0735",7756,5444,5619,6503,3070,2811
"COG0736",1825,1183,1893,1427,787,1241
"COG0737",2380,2462,2811,2458,1010,5099
"COG0738",368,499,1369,994,2007,1507
"COG0739",16431,12987,14753,13136,11417,14892
"COG0740",7894,8406,4271,7582,27055,4799
"COG0741",10465,8838,11596,8355,11024,10008
"COG0742",4307,2615,3203,1220,591,894
"COG0743",7791,4818,5786,6528,2640,4558
"COG0744",3790,4660,4985,4778,3990,3098
"COG0745",17384,13352,17780,18799,15459,11236
"COG0746",1290,1495,2071,1682,633,2136
"COG0747",14017,15588,17760,15857,5105,21081
"COG0748",1217,829,802,604,373,707
"COG0749",23627,21059,18132,22106,299395,16140
"COG0750",9822,8590,9876,9028,3980,8954
"COG0751",9552,6962,6530,8372,4692,5635
"COG0752",4114,3606,2921,3288,2188,2737
"COG0753",36,106,1112,398,1451,292
"COG0754",59,119,447,186,387,42
"COG0755",7549,5690,5462,6719,2438,5382
"COG0756",2129,2984,1594,1945,11817,1719
"COG0757",3477,2233,2469,3025,1324,2480
"COG0758",215,686,1083,421,1189,2850
"COG0759",1511,1090,962,1321,547,687
"COG0760",8763,7754,13564,9543,3956,13232
"COG0761",8085,6064,5112,6884,2808,4261
"COG0762",2051,1590,1220,1979,1093,902
"COG0763",7184,4475,4687,6255,2609,4810
"COG0764",6692,5136,4916,5353,2128,6876
"COG0765",10344,8720,6449,7248,4205,6444
"COG0766",10241,8078,5987,8122,3443,5735
"COG0767",1818,1629,1387,2605,1211,1032
"COG0768",27026,18654,16345,21120,9464,16039
"COG0769",12582,7270,7567,10054,4408,7927
"COG0770",1907,1472,1433,6018,2520,5244
"COG0771",9545,5211,5768,8610,3296,4533
"COG0772",17382,11119,10466,14322,6914,10897
"COG0773",11494,7309,8425,9880,4747,8318
"COG0774",7075,4579,4719,5909,2345,5420
"COG0775",998,1332,1888,1280,4118,2225
"COG0776",1590,1242,1519,3735,1999,3832
"COG0777",6573,5708,5318,1855,762,2452
"COG0778",6288,7034,8086,7110,3081,7856
"COG0779",1563,1212,1184,1765,849,1367
"COG0780",1760,1131,1667,1787,1527,1591
"COG0781",3267,1831,2348,3080,1194,2413
"COG0782",3261,2486,3567,2802,1501,2875
"COG0783",36,134,502,171,624,126
"COG0784",2223,5146,23080,7181,24252,8538
"COG0785",3895,2541,4035,3181,1645,1351
"COG0786",580,356,116,2077,255,118
"COG0787",4469,3609,3072,4823,2031,3624
"COG0788",1914,1499,1793,2618,1438,1082
"COG0789",3181,2436,4819,3145,3905,3087
"COG0790",2908,5012,6816,3625,2035,6670
"COG0791",4058,2295,1696,1173,9101,564
"COG0792",41,91,281,138,259,811
"COG0793",14505,12659,12265,14398,6102,16243
"COG0794",5459,3662,4152,3895,2662,4297
"COG0795",12583,5822,9165,10047,4375,8710
"COG0796",1642,1339,1622,2179,717,1736
"COG0797",311,332,451,1014,1825,931
"COG0798",394,380,1292,712,627,625
"COG0799",2773,1926,2084,2311,892,2187
"COG0800",1329,1425,1458,1869,1087,1185
"COG0801",3476,2324,2947,3198,1629,3049
"COG0802",3458,2072,2550,2878,1226,2135
"COG0803",4678,5130,3547,1872,616,450
"COG0804",4061,4536,1731,4229,1098,2042
"COG0805",5871,4889,5092,6163,3212,4723
"COG0806",2101,1505,1865,2351,804,2009
"COG0807",8026,8508,6332,8753,3774,5000
"COG0809",4575,4070,3925,5419,1754,4545
"COG0810",1679,1699,2370,1759,1835,2532
"COG0811",7402,6869,7274,6529,3861,7481
"COG0812",6562,4280,4372,5545,2551,4611
"COG0813",471,258,239,77,334,26
"COG0814",64,829,330,170,363,27
"COG0815",11046,6512,7310,8984,4332,6592
"COG0816",3164,2188,2075,2638,1191,1626
"COG0817",1595,1394,1672,1826,1018,2037
"COG0818",660,305,363,922,633,716
"COG0819",1242,565,972,1198,122,597
"COG0820",4365,4363,4207,5409,1965,5334
"COG0821",8787,7323,6292,7257,3153,4985
"COG0822",2347,1865,2662,2014,3497,2831
"COG0823",11672,8922,13306,8865,4387,15634
"COG0824",5406,4985,4286,6062,2773,6652
"COG0825",7766,6552,5551,6106,2568,8043
"COG0826",204,1683,1945,471,2301,2726
"COG0827",207,181,595,363,2343,230
"COG0828",1165,855,736,1031,730,486
"COG0829",2224,1687,1414,2405,756,945
"COG0830",1566,1270,1166,1849,572,684
"COG0831",771,888,642,882,311,480
"COG0832",653,790,390,724,141,426
"COG0833",1,0,7,0,26,3
"COG0834",3724,4209,3283,8200,9290,8121
"COG0835",109,207,1877,429,1685,466
"COG0836",5893,3457,4795,4654,2775,4008
"COG0837",1643,2001,691,2309,1232,1063
"COG0838",2945,2515,2624,2469,1099,2685
"COG0839",3924,2858,3265,3274,1290,3080
"COG0840",1011,2119,19491,3958,19254,3638
"COG0841",23929,24961,33565,23945,26713,24241
"COG0842",7503,6477,7843,7134,4874,6684
"COG0843",17524,18348,12359,14194,7357,12070
"COG0845",12585,12628,20414,15407,17267,13490
"COG0846",1362,2214,2012,1771,704,2558
"COG0847",5971,5542,5965,6245,5459,5295
"COG0848",2926,2128,3023,2234,1529,2938
"COG0849",5999,3520,6009,4502,1643,5491
"COG0850",847,613,382,1078,865,159
"COG0851",349,303,148,676,228,67
"COG0852",1400,1264,1308,3651,1502,3688
"COG0853",338,359,412,496,121,402
"COG0854",4600,2990,2729,3701,1660,2571
"COG0855",4240,3426,2348,5902,3227,961
"COG0856",175,496,238,333,15,225
"COG0857",1759,1437,1503,2290,1601,594
"COG0858",2849,1915,1953,2343,1019,1672
"COG0859",11171,6391,10940,6980,4979,11460
"COG0860",3564,3281,3704,4104,2622,3504
"COG0861",4262,3023,2476,3400,2054,1602
"COG0863",10672,7445,6345,5572,107120,5493
"COG0864",26,34,470,38,22,53
"COG1001",596,450,1842,775,271,2104
"COG1002",1005,2510,2985,1749,1771,1609
"COG1003",15516,18297,9862,14753,6125,10285
"COG1004",10592,7947,8458,8831,41029,6803
"COG1005",8374,8548,7765,7504,3001,7725
"COG1006",159,204,240,243,139,319
"COG1007",10988,9964,10092,10301,4335,10022
"COG1008",14018,13530,9503,12850,6778,9594
"COG1009",14720,14543,14730,13725,7586,12477
"COG1010",2067,1965,1231,2967,1398,1190
"COG1011",8937,6533,9457,8146,3335,8846
"COG1012",49966,54036,41046,41948,27946,54985
"COG1013",2358,3530,4864,3171,1150,5890
"COG1014",5425,6743,8862,6455,1390,10135
"COG1015",531,585,325,346,453,630
"COG1017",5,30,242,90,424,37
"COG1018",850,1336,5132,1931,3068,3206
"COG1019",179,794,846,401,80,719
"COG1020",700,2517,1816,2006,945,1658
"COG1021",90,96,131,82,22,122
"COG1022",15163,12507,10238,12316,6262,10354
"COG1023",169,855,431,313,730,251
"COG1024",33290,40220,35407,37882,11925,40180
"COG1025",832,1411,3422,1002,1536,3093
"COG1026",990,1703,2383,1386,503,1253
"COG1027",15,206,1183,320,326,1657
"COG1028",82002,82136,85678,87999,32886,87356
"COG1029",231,125,226,224,246,213
"COG1030",1027,979,1576,1031,198,2713
"COG1031",216,1259,518,760,48,563
"COG1032",7979,7528,23484,8231,17143,16934
"COG1033",19176,19411,20686,17070,6676,24032
"COG1034",9271,7340,5279,5560,2919,6069
"COG1035",617,503,553,436,98,1282
"COG1036",64,43,41,41,13,13
"COG1038",1311,2402,1286,1513,789,1148
"COG1039",115,131,85,74,5,158
"COG1040",80,207,585,237,497,1451
"COG1041",323,1519,502,703,83,503
"COG1042",1789,2977,7108,4024,1318,7669
"COG1043",5137,3661,3312,4343,1927,3338
"COG1044",6238,4578,4219,5769,2243,4838
"COG1045",3248,3051,2375,3163,2057,2521
"COG1047",522,1800,2458,1308,2464,2573
"COG1048",14235,14759,15982,11375,6903,13339
"COG1049",7328,7517,3263,8543,4340,2874
"COG1051",1439,2041,2392,1946,1234,2597
"COG1052",8601,7146,7590,5708,4134,7163
"COG1053",21820,28358,20159,18798,7986,19141
"COG1054",6863,5427,4511,6231,2446,3338
"COG1055",2920,3647,3763,3478,1221,5232
"COG1056",149,571,823,406,164,538
"COG1057",4364,2634,3328,3677,1531,2224
"COG1058",6249,4706,4411,5528,1987,3974
"COG1059",26,5,11,23,4,1
"COG1060",3722,5348,9168,5001,1999,8033
"COG1061",5754,9385,4752,5599,68880,4948
"COG1062",3006,3372,5530,3872,3297,7081
"COG1063",6762,6542,11512,6854,2881,10708
"COG1064",1371,2497,4088,2085,1556,3682
"COG1066",3318,3147,3205,4265,5545,3341
"COG1067",625,2541,1876,1321,1153,1328
"COG1069",298,450,508,200,159,1069
"COG1070",4099,4206,3223,4994,1706,2962
"COG1071",10473,12738,9841,11226,4658,9242
"COG1072",287,354,389,424,60,154
"COG1073",7236,6113,8013,6199,3855,7536
"COG1074",7669,10714,7031,11589,4111,7909
"COG1075",707,576,398,1486,1482,1056
"COG1076",1997,1590,2081,1592,897,2471
"COG1077",8212,7729,5383,6879,2989,5535
"COG1078",2239,2822,2183,3746,1291,2178
"COG1079",3285,3699,2334,2810,1404,4378
"COG1080",1492,1407,1742,1002,977,1334
"COG1082",5183,5590,5822,5130,1911,8661
"COG1083",3680,1894,4427,2836,9263,1729
"COG1084",314,1657,461,729,99,412
"COG1085",442,421,1666,658,552,1966
"COG1086",5765,3636,6261,5161,7235,4812
"COG1087",3531,2735,2806,3196,3748,2617
"COG1088",6640,4288,5889,4522,24636,5215
"COG1089",8464,5639,4797,5571,40174,4445
"COG1090",2942,3986,3259,4155,1426,3251
"COG1091",4003,2233,3651,2995,6364,3215
"COG1092",338,956,2685,1065,1647,2015
"COG1093",270,1020,1275,676,136,1172
"COG1094",209,1103,666,545,93,845
"COG1095",186,817,763,514,118,818
"COG1096",121,557,763,283,63,290
"COG1097",169,615,736,477,57,1211
"COG1098",3,1,2,2,1,3
"COG1099",112,122,204,132,26,336
"COG1100",5665,6604,1491,7249,3062,782
"COG1101",6,19,38,20,30,8
"COG1102",145,486,709,361,58,1020
"COG1104",7691,6500,6026,2813,950,2517
"COG1105",9,10,95,34,82,129
"COG1106",6,3,74,9,42,7
"COG1107",9,1,34,16,3,29
"COG1108",7249,6235,4379,6710,2718,3375
"COG1109",20782,18021,17081,18717,8523,17083
"COG1111",498,2515,1981,1341,218,1812
"COG1112",3058,7623,4116,1382,795,850
"COG1113",0,2,1,6,6,42
"COG1114",5,13,179,15,146,222
"COG1115",4291,4391,5087,4421,2965,5881
"COG1116",1881,2394,3214,2457,1422,3429
"COG1117",2163,2328,1904,4227,1266,632
"COG1118",142,136,259,140,271,132
"COG1119",1231,1035,1088,1530,1030,1931
"COG1120",1552,703,2202,1145,812,1128
"COG1121",6602,6451,3994,6334,2368,2445
"COG1122",2749,2348,1009,2717,1303,1287
"COG1123",2675,2541,1850,9074,2371,5860
"COG1124",2,11,17,5,12,20
"COG1125",112,67,121,171,96,180
"COG1126",5468,5264,3653,4067,2312,4388
"COG1127",1878,1684,1441,2695,1338,1011
"COG1129",4397,4999,3264,4026,1095,4471
"COG1131",16004,17353,17916,16324,8150,18472
"COG1132",39134,33396,31461,37784,15720,34504
"COG1133",3299,2207,1647,1864,1114,1617
"COG1134",1304,856,1323,1267,865,1118
"COG1135",42,53,227,183,177,829
"COG1136",9758,10927,10639,10609,4436,10051
"COG1137",5644,3598,3544,4398,1877,3545
"COG1138",12509,9321,10967,9875,4244,8219
"COG1139",77,247,619,305,87,1938
"COG1140",81,108,722,101,107,590
"COG1141",508,655,58,573,2431,1
"COG1142",1558,1463,322,1880,835,246
"COG1143",4843,3221,3958,3453,14068,3584
"COG1144",0,0,76,10,0,163
"COG1145",668,1063,1649,1469,1805,1928
"COG1146",3015,3136,3932,2920,2756,4664
"COG1148",76,98,148,92,2,1603
"COG1150",84,99,58,47,0,0
"COG1151",0,0,97,1,6,0
"COG1153",14,16,38,33,5,37
"COG1154",11911,11676,7420,10337,4618,7802
"COG1155",166,765,793,1310,261,2170
"COG1156",441,1606,1944,374,58,657
"COG1157",651,1005,1377,954,834,1685
"COG1158",9453,8166,8225,7024,3188,7468
"COG1159",3065,2825,2365,3714,1413,2846
"COG1160",6323,5498,5457,7422,2738,5370
"COG1161",1276,1811,512,1579,931,805
"COG1162",2200,1672,1515,2771,1188,2951
"COG1163",363,1551,1735,1014,189,1309
"COG1164",2301,4003,4728,1138,203,1241
"COG1165",3300,2869,1187,3882,791,2779
"COG1166",3442,2693,2131,4909,2663,337
"COG1167",1600,2360,4482,2706,2498,3438
"COG1168",620,996,1257,1064,843,915
"COG1169",2995,2313,1003,3889,608,2281
"COG1171",8971,9074,8303,9677,4407,10814
"COG1172",5081,6091,3406,4396,1269,4829
"COG1173",8597,9196,11131,9502,2431,14322
"COG1174",82,156,172,143,144,375
"COG1175",9516,10861,5876,8093,4211,11352
"COG1176",5101,4871,3742,4080,1952,7545
"COG1177",3997,4106,3216,3459,1659,6059
"COG1178",14328,10716,9789,11764,5160,10317
"COG1179",61,249,367,182,450,265
"COG1180",68,250,528,220,82,1530
"COG1181",7067,4505,4477,5871,2616,7046
"COG1182",495,668,577,542,915,56
"COG1183",4223,2831,3476,3368,1539,4297
"COG1184",19,251,39,62,45,387
"COG1185",15397,16101,11198,12906,5789,10373
"COG1186",8329,6852,6000,7928,3411,5468
"COG1187",1268,1080,1200,4370,2673,3853
"COG1188",228,246,411,401,340,412
"COG1189",642,543,435,2369,714,1282
"COG1190",6178,5521,5420,6692,2666,6560
"COG1191",416,958,1048,693,2874,1318
"COG1192",7890,8074,7973,7381,5728,6257
"COG1193",3751,4316,2322,6051,1735,2257
"COG1194",7641,4782,5328,5725,7182,3940
"COG1195",4690,3763,4064,5637,1819,3616
"COG1196",18436,21553,14683,19315,6990,12852
"COG1197",12167,10788,12215,15484,5033,12718
"COG1198",15629,11580,11546,13935,5239,10867
"COG1199",4380,6794,8200,7114,5319,7143
"COG1200",15326,9940,11117,13180,5792,8724
"COG1201",3242,10670,6876,8592,3204,5629
"COG1202",16,1,21,1,1,4
"COG1203",20,114,423,54,511,95
"COG1204",941,5026,3082,854,371,1051
"COG1205",141,788,1415,513,827,805
"COG1206",2199,2138,1097,808,317,328
"COG1207",7157,5470,5146,6270,3203,3376
"COG1208",11742,8164,10337,9949,14221,9544
"COG1209",4220,2717,4320,3575,5944,4016
"COG1210",3013,1977,3158,2514,1518,2307
"COG1211",6085,3624,4261,5089,2223,3263
"COG1212",5768,3704,4038,4137,5958,3676
"COG1213",2010,1009,3622,1386,4230,6354
"COG1214",2700,1999,2640,2810,1065,2484
"COG1215",2859,3133,3280,4201,2396,4992
"COG1216",6264,3691,7377,5337,7675,6121
"COG1217",6613,8452,5956,8828,3975,9504
"COG1218",4998,4413,4143,4767,2488,3050
"COG1219",9594,8422,7192,8435,5535,7554
"COG1220",5964,5347,5184,3966,2456,4353
"COG1221",40,345,1060,182,748,172
"COG1222",407,2017,548,896,203,412
"COG1223",10,255,1,42,28,0
"COG1224",22,362,5,16,20,4
"COG1225",6814,5920,5888,7468,2513,4775
"COG1226",6574,8829,7821,7566,6886,8628
"COG1227",16,308,94,156,97,109
"COG1228",9495,10336,13634,10470,4056,21006
"COG1229",243,182,264,278,110,232
"COG1230",362,697,2755,1101,2388,1666
"COG1231",727,1659,1210,829,518,2968
"COG1232",2713,1591,3499,2127,613,2359
"COG1233",17878,16445,11254,18033,5587,10434
"COG1234",4450,5395,5345,5308,1838,4398
"COG1235",4480,3846,4737,4140,1864,3986
"COG1236",1493,4228,4095,3570,2216,2712
"COG1237",151,148,240,197,35,192
"COG1238",3210,2248,3138,2498,1466,2040
"COG1239",3804,4395,1106,5368,1406,3001
"COG1240",1142,1635,340,499,151,97
"COG1241",810,4524,2650,2162,1895,2869
"COG1242",104,96,192,101,9,944
"COG1243",343,702,1966,698,403,1518
"COG1244",355,1434,547,804,72,700
"COG1245",545,1999,2216,1531,246,1911
"COG1246",224,575,1291,392,766,1447
"COG1247",356,309,477,427,134,1187
"COG1249",17362,18692,16634,17875,9182,18138
"COG1250",16388,17913,16335,15252,6891,21305
"COG1251",138,318,1078,403,1597,443
"COG1252",4986,6084,2729,8007,4495,2201
"COG1253",8097,7286,8571,9980,3774,7568
"COG1254",236,223,609,290,142,1037
"COG1255",2,0,6,1,0,0
"COG1256",953,1309,1790,1384,1074,1981
"COG1257",432,954,885,2219,992,2854
"COG1258",434,1817,1714,1153,163,1762
"COG1259",888,753,1346,944,504,1379
"COG1260",1396,1203,2971,1281,992,3214
"COG1261",93,189,555,251,474,518
"COG1262",4816,5577,14211,5766,2926,15168
"COG1263",0,0,210,1,29,57
"COG1264",0,0,559,1,31,37
"COG1266",2805,2386,1359,3886,802,1221
"COG1267",2041,1061,1506,1450,832,1095
"COG1268",3110,1897,1738,2113,1271,1158
"COG1269",636,2422,3123,1578,330,2965
"COG1270",1254,1306,1389,2154,1151,1845
"COG1271",56,171,2854,394,1622,547
"COG1272",373,313,446,347,447,1467
"COG1273",10,9,63,20,39,54
"COG1274",527,532,546,523,41,1168
"COG1275",2,5,204,8,105,27
"COG1276",35,51,300,172,308,7
"COG1277",1647,1350,3686,2210,440,3079
"COG1278",832,684,998,2332,1559,3381
"COG1279",1825,1205,1547,1352,891,561
"COG1280",7088,5496,6759,5411,3549,5362
"COG1281",1496,1727,901,2002,1317,321
"COG1282",10464,11158,6772,8923,3739,6288
"COG1283",1772,2330,2373,1208,2109,2862
"COG1284",66,83,423,121,379,792
"COG1285",17,79,152,28,244,226
"COG1286",226,317,609,419,336,429
"COG1287",1657,7302,4962,4028,612,2671
"COG1288",12,74,441,57,367,178
"COG1289",16,45,413,21,190,78
"COG1290",8904,9171,6693,7692,5736,5671
"COG1291",1365,1542,2324,1389,1025,3063
"COG1292",1699,2975,3712,2547,4880,3378
"COG1293",2725,4538,3124,4582,1584,3067
"COG1294",37,114,1013,201,1172,169
"COG1295",1781,1249,1738,2466,1665,1815
"COG1296",927,893,889,1040,829,987
"COG1297",1529,2218,2000,1817,180,1973
"COG1298",1148,1507,2293,1843,1430,2964
"COG1299",18,13,294,24,163,32
"COG1300",6,58,107,75,115,144
"COG1301",2802,2956,3610,3307,1773,3273
"COG1302",1,2,1,1,0,35
"COG1303",177,631,687,416,73,597
"COG1304",11873,10015,7904,8773,3570,4258
"COG1305",2872,3589,4023,3796,2462,2946
"COG1306",841,660,320,321,504,125
"COG1307",750,425,1415,801,81,996
"COG1308",37,120,305,34,14,137
"COG1309",2046,2718,6159,3422,5740,4331
"COG1310",442,1044,1421,694,29716,1219
"COG1311",330,1219,1908,994,614,866
"COG1312",1227,697,2047,1162,234,2057
"COG1313",0,1,132,16,4,89
"COG1314",324,151,288,265,218,149
"COG1315",126,188,692,199,606,971
"COG1316",626,1078,335,345,1375,374
"COG1317",73,144,575,107,448,1507
"COG1319",2791,4438,4474,3942,670,6148
"COG1320",45,57,126,105,131,177
"COG1321",1169,1650,2242,1617,525,3079
"COG1322",2502,2254,1971,6079,2653,5488
"COG1324",937,626,947,958,351,877
"COG1325",0,29,380,123,43,442
"COG1326",136,458,198,246,24,121
"COG1327",2917,2325,2148,2683,1276,1422
"COG1328",20,158,2362,493,329,1452
"COG1329",3149,1919,1639,1807,949,828
"COG1330",3932,2773,1737,5129,2847,3334
"COG1331",5070,3294,9268,4537,999,11245
"COG1333",1678,1249,150,2239,699,100
"COG1334",24,39,224,61,143,69
"COG1335",594,788,837,2839,1251,3883
"COG1336",0,1,0,0,0,1
"COG1337",0,0,0,0,0,0
"COG1338",436,608,891,711,522,1017
"COG1339",134,460,808,350,58,698
"COG1340",328,1031,443,591,51,403
"COG1341",9,104,3,29,21,1
"COG1343",0,1,24,2,5,0
"COG1344",4124,5820,6489,5056,3385,12428
"COG1345",253,352,535,1135,943,4290
"COG1346",11,57,342,102,488,156
"COG1347",939,767,974,989,461,867
"COG1348",1810,1763,176,642,299,0
"COG1349",112,283,1098,361,1027,753
"COG1350",1834,1807,1346,1039,425,2026
"COG1351",6883,7012,5710,4963,37884,5417
"COG1352",126,226,1791,493,1303,752
"COG1353",0,1,0,0,0,2
"COG1354",5675,4226,4188,4911,2166,4135
"COG1355",86,178,430,107,117,933
"COG1356",0,0,3,0,0,0
"COG1357",5333,5822,9727,6651,4289,6822
"COG1358",158,684,501,353,107,397
"COG1359",119,120,238,475,196,897
"COG1360",2360,2525,3279,2581,1307,3636
"COG1361",18,51,1086,226,64,1021
"COG1362",66,227,309,387,288,871
"COG1363",1153,1162,1519,1676,421,1772
"COG1364",8105,5197,5451,6598,2421,4278
"COG1366",404,457,501,508,516,708
"COG1368",842,355,1331,711,924,5777
"COG1369",2,19,3,5,1,4
"COG1370",520,2137,1220,1109,139,1212
"COG1371",58,183,512,187,50,507
"COG1372",3517,4791,1001,4629,70121,1678
"COG1373",19,56,235,18,69,380
"COG1374",2,47,0,12,18,0
"COG1376",344,1044,663,192,626,293
"COG1377",612,819,1116,290,231,488
"COG1378",245,723,978,686,110,1243
"COG1379",6,2,42,8,0,234
"COG1380",1,15,65,44,167,2
"COG1381",4108,2613,3302,3921,1599,2991
"COG1382",5,23,4,10,13,7
"COG1383",41,124,65,92,32,39
"COG1384",6981,5735,5249,5348,2003,3089
"COG1385",5801,4169,3793,4961,2481,3506
"COG1386",4343,3747,3586,3700,1767,3201
"COG1387",610,1760,1067,1133,107,1970
"COG1388",299,732,955,177,256,224
"COG1389",659,2725,2329,1801,327,2004
"COG1390",142,622,745,392,57,481
"COG1391",428,1160,4240,1488,1781,3820
"COG1392",574,754,1640,630,351,2565
"COG1393",1092,879,1505,1458,723,1660
"COG1394",191,847,865,522,80,1057
"COG1395",2,0,14,4,1,6
"COG1396",3902,2858,3414,2450,4554,2660
"COG1397",275,192,699,317,299,754
"COG1398",2269,2510,2357,2999,4410,1151
"COG1399",260,504,865,323,727,1079
"COG1400",9,32,22,28,12,35
"COG1401",501,320,1143,570,666,803
"COG1402",1804,2612,2379,2635,1292,2629
"COG1403",4223,3574,3161,3434,9509,2580
"COG1404",12812,36104,23543,22624,11638,18595
"COG1405",804,4122,4178,2312,1819,3875
"COG1406",7,9,180,34,183,48
"COG1407",411,820,965,1084,767,538
"COG1408",742,655,721,835,165,1252
"COG1409",2774,4623,4417,3750,2980,7507
"COG1410",8522,8803,9877,11133,4348,10516
"COG1411",118,52,114,101,34,71
"COG1412",17,140,5,37,30,25
"COG1413",3218,4398,2280,3520,1923,3745
"COG1414",695,1219,1087,1121,1300,2473
"COG1415",82,146,110,77,9,175
"COG1416",8,33,23,20,6,49
"COG1418",748,731,3172,1240,260,2031
"COG1419",305,423,1026,437,731,1517
"COG1420",1131,1581,2115,1407,720,2414
"COG1422",149,544,728,503,56,721
"COG1426",524,489,1448,641,514,931
"COG1427",313,639,844,615,68,751
"COG1428",1410,1078,1437,1384,963,1878
"COG1429",9114,11453,1673,4652,1636,1248
"COG1430",863,1319,1226,1089,6138,1045
"COG1431",9,8,40,3,29,3
"COG1432",461,393,1570,813,658,1842
"COG1433",0,0,10,0,0,0
"COG1434",895,1034,1397,352,255,513
"COG1435",1653,2200,1334,1405,1640,2017
"COG1436",91,331,132,149,24,166
"COG1437",16,16,79,48,14,116
"COG1438",102,239,278,147,244,272
"COG1439",123,686,582,399,65,511
"COG1441",104,467,158,212,62,849
"COG1442",563,232,267,174,352,34
"COG1443",413,570,840,612,110,939
"COG1444",36,352,881,272,941,318
"COG1445",13,10,258,15,152,23
"COG1446",1589,2224,2208,1713,497,3787
"COG1448",531,955,1151,993,824,521
"COG1449",539,1656,251,849,723,191
"COG1450",2610,2835,4564,2793,1847,5156
"COG1451",629,503,1183,826,726,1630
"COG1452",7651,4058,7017,5510,3297,4538
"COG1453",2355,3214,955,3748,1627,591
"COG1454",7620,7117,7891,6769,3215,6597
"COG1455",3,4,179,11,8,35
"COG1456",0,0,0,0,0,123
"COG1457",127,51,456,78,398,479
"COG1459",4020,3774,4696,3497,2737,5940
"COG1460",40,15,38,42,1,88
"COG1461",338,187,695,1204,81,1484
"COG1462",315,355,487,658,15126,658
"COG1463",1295,1285,913,1934,1069,496
"COG1464",6,7,102,17,149,42
"COG1465",189,1108,927,698,70,1256
"COG1466",6641,3317,5125,5956,2072,4416
"COG1467",323,1194,1759,933,431,1873
"COG1468",1,3,67,4,23,2
"COG1469",105,142,192,482,627,606
"COG1470",43,50,136,96,13,26
"COG1471",196,813,779,535,86,843
"COG1472",10488,8267,8641,10352,4981,8451
"COG1473",8735,9387,7772,3001,1039,3281
"COG1474",634,3378,2347,1873,224,1734
"COG1475",6475,5691,7060,5410,40173,4855
"COG1476",85,185,180,200,75,444
"COG1477",1860,1575,2559,2295,1232,2730
"COG1478",812,797,2429,1060,321,2262
"COG1479",384,569,1190,539,2175,491
"COG1480",4430,2860,1767,3456,1543,1950
"COG1481",0,0,2,1,3,16
"COG1482",206,421,414,301,114,900
"COG1483",35,68,285,75,131,64
"COG1484",395,465,3883,1037,4943,1836
"COG1485",2343,2315,1911,2920,1625,878
"COG1486",1511,1201,1289,1310,152,1446
"COG1487",11,77,403,35,66,380
"COG1488",857,1225,1679,1218,524,717
"COG1489",3259,2134,2143,2628,1544,1417
"COG1490",1052,1012,1445,1207,504,1463
"COG1491",164,569,646,434,54,778
"COG1492",1946,2039,1878,2867,1098,1951
"COG1493",200,245,227,237,48,287
"COG1494",4509,4600,2291,3838,1943,1979
"COG1495",519,305,367,1113,685,974
"COG1496",4251,2667,2890,3179,1723,1835
"COG1497",1,0,3,1,1,0
"COG1498",256,1686,1491,902,195,1173
"COG1499",287,1137,417,610,91,422
"COG1500",191,824,955,521,74,899
"COG1501",277,943,852,546,1197,1351
"COG1502",347,1067,1924,1094,2454,1504
"COG1503",391,1458,1445,987,198,1472
"COG1505",1782,1885,2222,2180,1027,3047
"COG1506",11076,11565,13017,13396,8233,17729
"COG1507",236,257,60,25,74,39
"COG1508",2981,2520,3792,3614,1356,4800
"COG1509",441,790,3673,964,2433,2512
"COG1510",52,66,230,96,226,236
"COG1511",9,14,28,6,451,29
"COG1512",58,409,192,110,561,324
"COG1513",365,253,296,328,445,20
"COG1514",251,273,1261,486,335,1407
"COG1515",67,109,95,47,55,109
"COG1516",152,212,402,215,306,607
"COG1518",23,53,320,35,202,69
"COG1519",7285,3886,6527,5736,2536,5179
"COG1520",7724,5911,7709,6917,2176,9170
"COG1521",1538,906,1040,3884,1916,2763
"COG1522",1670,3145,7879,4189,2172,8872
"COG1523",2882,3614,1749,4224,2943,2556
"COG1524",3109,3227,3578,2676,1363,5623
"COG1525",2044,2095,2279,1925,11320,1666
"COG1526",1392,2069,1925,2135,530,2741
"COG1527",298,1300,1575,930,207,1713
"COG1528",774,673,551,1086,777,340
"COG1529",12967,21578,22082,18817,4000,31216
"COG1530",12685,9302,10210,11015,5741,10370
"COG1533",909,818,1592,990,1578,1897
"COG1534",129,93,312,140,201,376
"COG1535",4,0,39,3,3,28
"COG1536",1367,1624,2372,1533,822,3507
"COG1537",287,1476,1148,790,131,1577
"COG1538",11514,9583,11172,11535,8859,7333
"COG1539",2494,1787,1753,2044,1196,1919
"COG1540",3127,1981,2508,633,382,648
"COG1541",997,1440,1549,1360,1842,4042
"COG1543",1952,1584,95,2106,713,5
"COG1544",874,828,477,421,204,161
"COG1545",1035,1369,1654,1592,157,1950
"COG1546",4926,4502,4063,5254,2100,4039
"COG1547",683,436,232,733,198,291
"COG1548",122,49,136,147,60,91
"COG1549",148,521,204,980,77,509
"COG1550",1,1,27,8,1,110
"COG1551",35,44,108,176,246,447
"COG1552",32,99,77,60,14,18
"COG1553",65,112,199,103,207,113
"COG1554",211,100,135,149,114,311
"COG1555",47,220,186,50,117,173
"COG1556",43,130,217,182,39,755
"COG1558",228,364,444,353,264,692
"COG1559",2383,1755,2714,2435,1051,3528
"COG1560",6127,3611,4772,4883,2137,5975
"COG1561",1268,1145,1928,1678,779,2437
"COG1562",6358,6824,4323,6853,3581,2301
"COG1563",1,67,0,4,4,0
"COG1564",984,977,812,255,107,404
"COG1565",6880,4035,3940,5508,2236,2554
"COG1566",328,665,1632,781,1060,349
"COG1568",15,26,163,62,3,32
"COG1569",0,8,9,2,11,30
"COG1570",4314,3494,5047,4312,1895,5167
"COG1571",338,1138,1602,280,36,484
"COG1572",357,800,322,590,73,357
"COG1573",6761,4227,6024,5365,4097,4459
"COG1574",1101,1120,1841,4000,1212,12838
"COG1575",3483,2641,2229,3304,1208,2721
"COG1576",1301,1520,956,1880,661,1384
"COG1577",385,1262,1390,885,109,1458
"COG1578",28,11,13,4,0,22
"COG1579",873,493,1018,630,76,1827
"COG1580",30,34,621,111,529,410
"COG1581",3,41,454,33,10,177
"COG1582",4,3,5,2,0,4
"COG1583",0,0,3,1,1,7
"COG1584",0,36,57,13,4,2
"COG1585",73,52,193,90,47,279
"COG1586",3404,2664,1658,2477,5338,1044
"COG1587",4261,3206,4187,4290,1776,3933
"COG1588",1,0,7,2,0,33
"COG1589",1988,1316,1484,2097,1053,1299
"COG1590",42,167,40,18,5,16
"COG1591",4,0,5,2,0,5
"COG1592",275,994,313,584,345,746
"COG1593",10142,9582,6404,2815,1413,2472
"COG1594",182,1316,569,465,646,436
"COG1595",3064,3402,5637,4017,5542,6359
"COG1596",2986,2124,3385,2942,2000,2316
"COG1597",1945,2752,2554,2059,1303,3471
"COG1598",20,12,9,11,7,209
"COG1599",560,2340,2063,1390,231,2192
"COG1600",3931,3548,4865,4543,2124,5785
"COG1601",163,628,526,378,96,529
"COG1602",39,46,1198,281,82,1433
"COG1603",3,26,5,3,0,4
"COG1604",0,1,0,0,0,0
"COG1605",1285,1300,2259,1447,1141,2003
"COG1606",1738,1262,1725,1974,528,1038
"COG1607",653,950,1576,1018,2992,1618
"COG1608",214,706,996,633,90,759
"COG1609",1172,2103,4865,2672,4287,4442
"COG1610",2956,1806,2422,2146,1048,1713
"COG1611",3005,3082,3190,3669,2310,4832
"COG1612",7224,5413,5294,6704,3007,4821
"COG1613",0,7,12,1,124,15
"COG1615",1847,3024,5562,1843,3133,4267
"COG1617",2,0,5,1,0,0
"COG1618",176,734,317,404,48,223
"COG1619",1629,1861,1094,1912,1269,1040
"COG1620",178,342,1042,507,1133,513
"COG1621",1014,573,2128,1208,375,1023
"COG1622",9487,7688,6335,7678,3959,6181
"COG1623",467,476,120,133,340,11
"COG1624",1720,1690,804,2047,661,1756
"COG1625",2441,1435,548,2970,793,1021
"COG1626",222,364,551,235,522,993
"COG1628",1,2,39,2,0,471
"COG1629",14021,14340,19692,49240,47092,42159
"COG1630",1,37,650,154,65,635
"COG1631",80,215,305,179,39,376
"COG1632",210,816,573,460,63,638
"COG1633",17,140,156,137,17,66
"COG1634",217,998,1038,564,86,827
"COG1635",2,45,505,147,53,582
"COG1636",367,333,152,334,65,301
"COG1637",80,60,81,70,10,267
"COG1638",7507,7448,4733,5487,3614,5215
"COG1639",164,301,1975,460,1879,485
"COG1640",2856,2885,1033,2789,1986,521
"COG1641",1924,1676,2354,2452,974,1914
"COG1643",1049,7489,3235,2959,4823,2562
"COG1644",92,282,351,210,138,298
"COG1645",1,0,4,0,1,0
"COG1646",451,1249,1251,863,136,1410
"COG1647",193,60,225,175,77,1049
"COG1648",246,368,1652,604,741,2077
"COG1649",831,1008,862,706,800,1404
"COG1650",290,1008,1058,683,98,1081
"COG1651",3812,2872,5692,3885,2201,3988
"COG1652",267,458,1325,662,2515,574
"COG1653",12095,15976,7286,9113,5416,10941
"COG1654",322,358,1507,559,641,1193
"COG1655",0,2,0,0,3,4
"COG1656",2,51,19,13,19,98
"COG1657",266,643,1269,470,109,941
"COG1658",49,103,48,56,6,94
"COG1659",0,0,0,0,1,4
"COG1660",243,293,322,700,907,724
"COG1661",835,1202,468,1276,434,479
"COG1662",8,12,20,2,6,35
"COG1663",5260,2630,4133,4033,1531,4388
"COG1664",1155,723,1294,788,314,1227
"COG1665",14,2,14,2,3,14
"COG1666",1606,1206,1431,1926,1089,1441
"COG1668",561,919,996,963,510,1585
"COG1669",2,6,13,2,3,20
"COG1670",1592,1837,3867,2291,2291,4498
"COG1671",148,266,373,398,229,375
"COG1672",15,54,162,35,67,71
"COG1673",0,0,24,1,4,0
"COG1674",12863,9199,12095,9933,4770,8467
"COG1675",8,161,543,126,59,453
"COG1676",142,218,1084,534,77,956
"COG1677",161,257,341,289,215,524
"COG1678",1629,1512,2157,1681,1224,2536
"COG1679",542,2387,2112,1528,331,1564
"COG1680",16430,15144,17124,16712,7972,27404
"COG1681",2,1,23,0,0,22
"COG1682",954,585,1111,1019,570,891
"COG1683",222,407,865,498,535,440
"COG1684",173,174,275,632,489,1130
"COG1685",109,576,812,446,52,823
"COG1686",5488,3848,4156,1444,702,1052
"COG1687",2,4,6,2,17,162
"COG1688",0,0,11,1,2,0
"COG1690",428,1390,2018,1125,329,1418
"COG1691",1000,976,1655,1320,490,1452
"COG1692",3109,2152,1970,2034,808,1170
"COG1694",4682,3698,2944,4418,14499,3088
"COG1695",99,299,622,190,368,747
"COG1696",840,827,2072,1310,558,2201
"COG1697",411,1467,1497,383,53,497
"COG1698",74,339,367,180,30,255
"COG1699",75,95,167,85,20,395
"COG1700",0,2,26,113,16,9
"COG1701",246,1035,1027,590,108,632
"COG1702",9375,8482,5312,7255,40847,4460
"COG1703",2401,4944,4027,3938,551,8326
"COG1704",490,759,640,721,305,580
"COG1705",271,313,490,468,2561,339
"COG1706",640,939,1283,899,701,1638
"COG1707",0,1,2,3,0,10
"COG1708",7,37,176,80,151,33
"COG1709",61,28,76,65,4,69
"COG1711",4,18,567,129,38,293
"COG1712",251,407,1270,525,97,1038
"COG1713",71,90,382,182,11,248
"COG1714",380,304,738,443,509,862
"COG1715",119,74,247,148,212,136
"COG1716",269,338,648,144,85,552
"COG1717",178,678,610,448,53,663
"COG1718",262,1400,1152,774,262,946
"COG1719",0,44,11,25,6,2
"COG1720",64,224,353,173,366,96
"COG1721",2992,4716,6075,4514,1409,6983
"COG1722",340,269,406,413,445,419
"COG1723",17,132,167,40,55,5
"COG1724",1,1,0,1,0,6
"COG1725",1537,940,209,1633,592,275
"COG1726",1897,1429,2018,2035,954,1651
"COG1727",118,630,509,291,55,425
"COG1729",4280,2747,3449,2673,1437,3202
"COG1730",53,57,53,51,15,17
"COG1732",95,115,167,168,121,343
"COG1733",238,805,833,768,534,816
"COG1734",2555,1956,2440,2004,1203,2657
"COG1735",362,220,2401,652,49,1092
"COG1736",325,1492,1272,758,167,1235
"COG1737",198,437,828,508,991,1374
"COG1738",1168,775,864,2479,1698,1687
"COG1739",177,195,414,278,539,416
"COG1740",21,49,296,118,249,29
"COG1741",4029,4541,2557,3865,2151,4051
"COG1742",11,43,279,72,218,411
"COG1743",14,21,120,47,136,34
"COG1744",3879,4868,2968,3289,3907,5100
"COG1745",1,0,5,1,1,1
"COG1746",126,125,1677,385,84,1262
"COG1747",97,46,54,66,20,120
"COG1748",1871,2843,2020,2790,6196,2522
"COG1749",761,1228,1491,1236,974,1649
"COG1750",0,0,18,0,0,39
"COG1752",928,2740,2427,1674,2482,2814
"COG1754",12446,12788,6435,11963,5020,8005
"COG1755",7,34,20,30,10,270
"COG1756",12,89,626,143,75,745
"COG1757",1479,1683,3383,2046,2842,4207
"COG1758",2559,1859,1853,1771,1122,1171
"COG1759",184,594,1580,760,167,1617
"COG1760",327,599,958,621,568,1801
"COG1761",17,79,10,38,10,14
"COG1762",337,454,1086,522,377,1291
"COG1763",339,296,849,483,77,722
"COG1764",570,279,599,417,640,222
"COG1765",468,740,772,686,372,1133
"COG1766",798,1310,1588,1367,1187,1732
"COG1767",126,85,144,139,104,89
"COG1768",1,2,2,9,1,26
"COG1769",0,1,0,0,0,0
"COG1770",9166,5761,5693,6073,3464,4831
"COG1772",209,211,118,172,2,261
"COG1773",566,589,187,877,320,143
"COG1774",107,252,530,274,66,838
"COG1775",0,6,0,2,0,1
"COG1776",19,70,882,59,354,38
"COG1777",201,630,272,397,27,405
"COG1778",860,807,1481,1147,1492,1526
"COG1779",92,499,180,231,26,154
"COG1780",0,3,21,4,7,16
"COG1781",161,453,713,387,61,649
"COG1782",589,1756,2193,1369,201,2523
"COG1783",107,49,122,65,24555,218
"COG1784",194,923,392,535,51,370
"COG1785",804,803,1721,883,1205,1026
"COG1786",84,269,477,376,147,352
"COG1787",297,424,233,275,17,46
"COG1788",782,1008,1675,1340,598,1336
"COG1791",2,285,65,24,416,22
"COG1792",5303,3265,3440,4415,1936,3541
"COG1793",2518,5490,3314,5501,28250,2972
"COG1794",1776,1045,1077,1244,1107,1057
"COG1795",64,49,54,169,59,121
"COG1796",664,2152,1010,1354,1086,1513
"COG1797",2068,2263,1955,2794,1027,2181
"COG1798",280,1121,1177,715,108,1195
"COG1799",795,631,85,305,95,80
"COG1801",37,130,347,132,400,181
"COG1802",317,1216,1421,985,1352,2111
"COG1803",47,180,200,101,294,39
"COG1804",18731,25277,29803,30162,3490,32006
"COG1805",1666,1586,1705,1775,841,1458
"COG1806",3071,1465,2211,1983,1332,1299
"COG1807",10856,5393,6279,9618,5152,3047
"COG1808",116,736,772,295,1220,431
"COG1809",330,354,229,564,17,368
"COG1811",558,476,205,231,294,139
"COG1812",3,1,5,4,4,6
"COG1813",164,857,191,303,86,102
"COG1814",129,247,595,416,89,1363
"COG1815",213,351,492,121,100,182
"COG1816",3059,1926,3082,519,674,1283
"COG1817",186,157,1361,111,40,320
"COG1818",7,35,474,91,56,441
"COG1819",156,215,924,1027,768,2095
"COG1820",1709,1045,1093,1535,1057,1958
"COG1821",111,39,99,142,41,67
"COG1823",67,80,206,96,15,85
"COG1824",97,50,121,83,6,326
"COG1825",4948,3955,4099,3421,1507,3660
"COG1826",555,510,493,810,541,307
"COG1828",517,275,246,1154,2086,687
"COG1829",270,1072,1081,703,81,833
"COG1830",751,1467,2080,462,95,933
"COG1831",278,834,387,510,54,372
"COG1832",618,627,647,1728,659,1728
"COG1833",12,4,68,32,3,41
"COG1834",5683,5856,4063,3941,7273,3091
"COG1835",2484,1164,2960,2312,1801,1475
"COG1836",1507,1897,670,1745,536,755
"COG1837",119,98,319,158,34,230
"COG1838",373,1129,1187,917,809,1673
"COG1840",8508,7781,6034,6723,3146,5038
"COG1841",533,951,1009,247,102,392
"COG1842",775,700,1047,270,478,333
"COG1843",353,515,811,535,504,854
"COG1845",8227,7406,5308,6859,3073,5916
"COG1846",2261,1623,2522,2102,1904,2055
"COG1847",732,752,760,523,289,633
"COG1848",6,6,5,6,1,33
"COG1849",83,197,92,140,12,134
"COG1850",2984,4440,322,3334,1766,1754
"COG1852",14,30,47,126,30,120
"COG1853",6714,7303,3498,9753,3906,3930
"COG1854",0,2,98,4,55,12
"COG1855",129,1247,1352,742,108,477
"COG1856",79,96,67,48,1,0
"COG1857",0,0,0,0,0,0
"COG1858",525,556,874,1779,1268,2366
"COG1859",56,213,117,347,74,202
"COG1861",2063,1081,2779,1453,1373,1326
"COG1862",799,636,889,757,366,1068
"COG1863",201,252,332,303,210,497
"COG1864",291,342,289,397,589,351
"COG1865",0,1,21,1,3,203
"COG1866",3374,5203,6114,4786,4238,6428
"COG1867",350,2494,1502,997,832,1295
"COG1868",612,892,1412,862,537,2665
"COG1869",1,2,8,6,9,9
"COG1871",7,15,218,57,201,26
"COG1872",6,45,111,34,50,518
"COG1873",41,27,27,35,2,28
"COG1874",107,309,333,280,130,694
"COG1875",726,1365,1002,1114,18027,2371
"COG1876",1001,1057,392,1319,2155,309
"COG1877",219,734,114,578,187,189
"COG1878",505,692,1561,971,186,1516
"COG1879",4231,5664,3146,3542,1419,4094
"COG1881",160,239,707,340,181,733
"COG1882",9,198,316,50,35,12
"COG1883",664,570,1857,691,699,2172
"COG1884",6580,9641,9401,9566,1220,14308
"COG1885",1,0,4,1,0,0
"COG1886",332,497,665,437,285,2156
"COG1887",354,140,794,263,762,564
"COG1889",166,845,922,590,83,945
"COG1890",243,1102,991,690,117,926
"COG1891",148,125,667,316,46,375
"COG1892",0,0,30,3,0,0
"COG1893",2607,4189,4975,4311,1427,4502
"COG1894",8454,9725,8787,7217,2579,10348
"COG1896",170,379,997,456,761,614
"COG1897",1621,1901,850,2044,949,1838
"COG1898",3023,1424,2832,2042,5502,2141
"COG1899",4086,4829,4656,3444,1295,3518
"COG1900",0,10,0,8,0,0
"COG1901",134,506,268,282,27,167
"COG1902",4672,7633,8039,6703,4758,18603
"COG1903",1741,1260,1617,2204,647,2023
"COG1904",209,311,441,351,375,467
"COG1905",2925,2750,2658,2108,1024,3927
"COG1906",171,53,41,4,152,0
"COG1907",171,93,179,185,68,101
"COG1908",4,13,34,57,3,408
"COG1909",113,394,604,443,52,412
"COG1910",134,238,762,118,15,583
"COG1911",69,230,89,163,4,65
"COG1912",856,826,871,721,388,835
"COG1913",3,13,15,3,4,12
"COG1914",2220,1981,2447,2427,2126,1267
"COG1915",11,37,720,159,68,1090
"COG1916",418,1606,1024,731,102,1399
"COG1917",687,460,1221,897,238,1138
"COG1918",16,21,66,25,9,155
"COG1920",171,184,394,512,246,1183
"COG1921",2766,2205,4888,3014,766,4914
"COG1922",652,543,414,312,727,140
"COG1923",122,160,291,203,214,189
"COG1924",4,8,46,16,2,34
"COG1925",275,298,476,299,700,447
"COG1926",1,0,1,3,7,61
"COG1927",0,0,2,0,0,1
"COG1928",135,177,96,127,19,438
"COG1929",1366,949,1401,933,741,1406
"COG1931",5,41,445,110,29,293
"COG1932",3955,4515,3819,3536,1365,6497
"COG1933",1063,4604,4399,3229,1708,1934
"COG1934",118,254,538,279,438,464
"COG1936",190,646,678,499,71,891
"COG1937",58,87,132,86,91,485
"COG1938",389,1911,1913,1120,167,1251
"COG1939",441,418,32,491,252,275
"COG1940",4233,4267,4814,3310,2423,4504
"COG1941",0,0,1,1,1,0
"COG1942",299,193,158,194,131,21
"COG1943",117,249,453,223,654,1328
"COG1944",9,107,241,80,556,176
"COG1945",61,76,545,145,38,338
"COG1946",1379,1516,1503,1435,997,1569
"COG1947",4082,3029,3670,4248,1724,2997
"COG1948",162,697,793,535,4551,930
"COG1949",842,1105,1752,1122,475,1345
"COG1950",1,11,23,30,19,51
"COG1951",416,1251,1319,1094,840,1926
"COG1952",275,381,617,444,610,421
"COG1953",4046,2449,2464,2223,2305,1362
"COG1954",0,0,0,0,0,0
"COG1955",190,901,339,386,64,145
"COG1956",162,184,347,247,296,227
"COG1957",2011,1863,1910,1487,1054,2746
"COG1958",20,322,526,214,34,444
"COG1959",2444,1657,2101,1741,891,2151
"COG1960",44962,55019,46739,50514,20912,60900
"COG1961",2596,1622,3028,2565,18934,2770
"COG1963",560,629,54,598,342,9
"COG1964",156,168,1669,551,554,1048
"COG1965",35,112,85,62,67,383
"COG1966",717,716,2460,1075,1252,1664
"COG1967",233,1135,491,538,54,459
"COG1968",6609,3660,4551,5082,2411,3867
"COG1969",0,5,56,14,17,0
"COG1970",155,305,170,146,251,118
"COG1971",6,8,97,24,134,45
"COG1972",705,685,855,2234,793,2837
"COG1974",7089,5086,4735,5535,3736,3713
"COG1975",3160,3385,4187,3458,1238,5752
"COG1976",220,746,973,625,102,965
"COG1977",550,422,1714,816,281,1345
"COG1978",87,70,36,85,1508,2
"COG1979",8,23,349,72,416,209
"COG1980",24,114,1124,431,67,812
"COG1981",1776,1629,1242,2652,810,1159
"COG1982",1620,1662,536,2146,1634,96
"COG1983",7,14,171,42,152,228
"COG1984",3898,2360,3347,2483,1830,2627
"COG1985",7786,6726,5589,7927,2925,5117
"COG1986",64,79,211,92,207,11
"COG1987",94,120,271,125,141,228
"COG1988",668,838,682,749,362,477
"COG1989",2107,1703,1904,1711,1196,2611
"COG1990",125,473,461,99,27,136
"COG1992",89,165,1412,456,102,966
"COG1993",0,0,4,2,0,28
"COG1994",766,845,564,2950,1175,2462
"COG1995",6615,4641,4711,6281,2711,4471
"COG1997",112,332,287,179,24,207
"COG1998",21,64,134,43,39,137
"COG1999",4033,3954,3498,3921,1204,3787
"COG2001",2902,2391,2178,2122,963,2003
"COG2002",42,33,38,32,82,19
"COG2003",74,311,807,299,812,1663
"COG2004",81,362,89,132,15,39
"COG2005",71,111,308,59,36,39
"COG2006",315,215,1064,325,29,781
"COG2007",140,675,525,347,49,528
"COG2008",2738,3751,3891,3341,943,4394
"COG2009",2256,1426,1443,1457,851,1364
"COG2010",2343,3099,2480,2841,2373,3198
"COG2011",4,5,51,17,84,17
"COG2012",188,604,380,427,318,333
"COG2013",516,963,662,719,139,689
"COG2014",51,53,86,70,11,121
"COG2015",1920,2135,1452,1730,679,2312
"COG2016",189,795,506,400,59,501
"COG2017",2331,1969,1632,2933,1332,2162
"COG2018",0,0,1,0,2,7
"COG2019",57,63,525,140,46,437
"COG2020",1636,841,1375,1720,852,1671
"COG2021",7750,5721,5100,5254,2572,4897
"COG2022",3916,2949,2802,3250,1712,1801
"COG2023",7,5,21,3,2,331
"COG2025",5960,6194,5907,5153,2117,6422
"COG2026",3,16,127,23,135,37
"COG2027",2147,1666,1870,2717,964,2950
"COG2029",1,4,0,0,33,3
"COG2030",4426,4586,4842,4717,1517,5664
"COG2031",338,361,422,200,170,122
"COG2032",125,701,322,254,1527,219
"COG2035",1784,1322,1400,1629,671,2157
"COG2036",52,599,257,121,114,259
"COG2037",159,145,163,195,60,151
"COG2038",1981,1980,1995,2927,1185,2086
"COG2039",110,164,180,134,39,51
"COG2040",3267,2562,2710,2572,1161,3784
"COG2041",3058,3920,5565,3422,1388,4334
"COG2042",99,429,520,351,64,620
"COG2043",95,154,172,119,12,382
"COG2044",39,33,32,24,15,0
"COG2045",1182,1024,543,1426,518,436
"COG2046",2556,2920,2845,3417,1224,3907
"COG2047",231,703,941,548,86,861
"COG2048",473,1083,1390,791,74,581
"COG2049",2610,1427,2369,1567,1384,1709
"COG2050",3665,3187,2860,3180,1921,3113
"COG2051",11,97,134,84,15,168
"COG2052",0,0,4,11,0,0
"COG2053",55,204,197,157,22,277
"COG2054",27,15,32,57,3,3
"COG2055",2342,2120,2465,6142,1927,6829
"COG2056",6,16,215,24,284,27
"COG2057",656,879,1273,1159,605,1123
"COG2058",63,419,355,233,34,399
"COG2059",355,664,789,1629,902,605
"COG2060",0,2,5,6,93,15
"COG2061",1,0,1,0,0,0
"COG2062",889,1220,1052,1200,779,799
"COG2063",307,463,810,530,631,871
"COG2064",478,868,663,886,106,515
"COG2065",1731,1244,1331,1501,633,1298
"COG2066",689,204,375,505,473,248
"COG2067",138,277,912,324,1172,230
"COG2068",1483,1268,1555,1333,655,1963
"COG2070",4739,6150,3996,1676,451,2619
"COG2071",1647,1906,2296,1766,804,1720
"COG2072",9595,11283,10077,11443,3573,10308
"COG2073",2364,2097,1635,3410,1458,2491
"COG2074",201,628,354,317,67,1322
"COG2075",68,248,225,140,38,200
"COG2076",2135,1617,1383,1446,1270,803
"COG2077",81,83,812,184,235,443
"COG2078",38,106,195,37,94,746
"COG2079",7509,8168,6144,6969,2486,5458
"COG2080",2955,4034,3907,3676,901,6829
"COG2081",577,616,481,3170,1575,1373
"COG2082",1010,839,898,1380,325,1130
"COG2084",11786,11571,11910,11487,4651,10807
"COG2085",455,485,1553,733,129,1536
"COG2086",5040,5243,4847,1465,577,1791
"COG2087",674,668,392,1026,479,544
"COG2088",5,9,26,80,159,31
"COG2089",6904,4402,8234,5767,12173,3696
"COG2090",2,14,343,47,22,282
"COG2091",71,264,154,153,68,343
"COG2092",9,27,112,62,12,297
"COG2093",33,120,172,55,7,154
"COG2094",922,762,708,1063,709,387
"COG2095",439,371,1276,618,653,2241
"COG2096",1660,2084,2417,1969,598,2391
"COG2097",24,94,142,285,54,407
"COG2098",2,0,5,1,0,1
"COG2099",1109,869,181,1451,506,623
"COG2101",282,926,1271,647,319,1382
"COG2102",241,854,996,581,155,915
"COG2103",1457,1152,1140,1436,978,1379
"COG2104",229,113,269,198,112,277
"COG2105",60,120,123,107,1561,31
"COG2106",12,40,684,55,20,171
"COG2107",360,814,1171,715,148,1060
"COG2108",218,1074,381,480,79,270
"COG2109",3472,2796,1377,4307,1592,1649
"COG2110",307,1048,787,538,618,617
"COG2111",383,608,850,635,890,1505
"COG2112",13,83,1553,327,103,851
"COG2113",7193,6983,5003,4459,2619,6526
"COG2114",11187,11586,10531,12255,28459,16616
"COG2115",910,1183,841,1086,312,772
"COG2116",1066,614,798,737,1216,106
"COG2118",25,137,408,112,30,151
"COG2119",134,245,60,770,208,15
"COG2120",2315,2116,3769,2798,3562,4899
"COG2121",984,817,1246,890,124,1213
"COG2122",85,182,136,153,7,226
"COG2123",224,932,949,538,82,1004
"COG2124",7828,10913,4901,7966,2811,9955
"COG2125",126,665,718,134,29,241
"COG2126",9,26,7,15,6,14
"COG2127",1321,1192,852,1677,1439,942
"COG2128",2157,2078,2341,2247,1002,4916
"COG2129",6,93,28,34,72,11
"COG2130",3586,4016,3245,3831,1080,2777
"COG2131",658,1330,1127,916,6655,1602
"COG2132",216,1066,4157,1462,2150,4093
"COG2133",11034,10494,12487,10432,4170,13504
"COG2135",2811,2210,2000,896,420,743
"COG2136",14,214,3,66,33,1
"COG2137",590,507,1096,584,323,1134
"COG2138",570,562,410,2295,552,1918
"COG2139",103,380,360,213,48,325
"COG2140",66,62,75,73,7,149
"COG2141",17345,21669,32793,25280,5262,39953
"COG2142",410,517,431,417,334,230
"COG2143",79,235,153,217,54,197
"COG2144",37,257,27,121,5,134
"COG2145",29,76,71,82,99,50
"COG2146",906,1269,1454,1195,803,2233
"COG2147",157,562,509,315,42,563
"COG2148",3787,2317,4213,3187,2748,4117
"COG2149",0,4,12,0,8,5
"COG2150",6,0,8,3,0,4
"COG2151",2210,2049,2623,1968,2030,2479
"COG2152",47,46,110,53,29,328
"COG2153",397,335,388,522,286,380
"COG2154",2619,2078,2176,2263,1287,1992
"COG2155",0,0,5,1,0,0
"COG2156",0,0,2,3,43,4
"COG2157",6,57,17,68,8,1
"COG2159",3896,5153,7406,6217,602,9900
"COG2160",46,39,224,46,108,194
"COG2161",18,17,184,49,235,119
"COG2162",3,7,33,3,79,64
"COG2163",8,174,2,42,32,5
"COG2164",105,63,618,178,36,295
"COG2165",433,570,1133,570,888,953
"COG2166",1769,1742,1233,1911,2015,965
"COG2167",1,12,0,5,0,2
"COG2168",26,42,54,39,33,66
"COG2169",37,147,674,228,609,280
"COG2170",2287,1397,831,2347,948,669
"COG2171",4487,4162,2715,3112,1761,3173
"COG2172",716,582,167,816,327,227
"COG2173",1089,815,460,1327,553,1055
"COG2174",7,67,2,8,7,0
"COG2175",14501,13988,12231,13048,3850,10944
"COG2176",915,682,1579,939,978,1250
"COG2177",1422,1121,1942,1421,1073,1738
"COG2178",298,227,770,251,237,684
"COG2179",396,366,135,547,257,73
"COG2180",2,7,69,1,46,4
"COG2181",62,90,151,60,89,433
"COG2182",317,817,410,351,393,1133
"COG2183",105,816,1350,570,1557,1341
"COG2184",4,15,141,11,80,29
"COG2185",3238,5996,4072,4904,829,7338
"COG2186",160,454,1258,570,1382,1526
"COG2187",86,101,286,167,309,702
"COG2188",142,620,678,458,730,1352
"COG2189",676,504,1572,447,3023,182
"COG2190",0,1,71,1,44,9
"COG2191",0,0,1,0,0,0
"COG2192",13529,6275,8858,7092,34847,5489
"COG2193",921,843,1464,1183,635,434
"COG2194",55,42,893,197,1187,772
"COG2195",474,540,1453,920,255,1762
"COG2197",1878,2231,3766,2800,5220,3430
"COG2198",44,126,2558,453,2164,321
"COG2199",828,1603,17935,4804,19679,3194
"COG2200",310,730,8350,1959,8837,1282
"COG2201",176,339,1887,503,1435,806
"COG2202",1147,2970,17856,1732,7194,1555
"COG2203",1623,1568,4143,3541,4894,2149
"COG2204",9679,8789,15022,10380,9422,16966
"COG2205",15,517,441,126,1095,1361
"COG2206",1092,938,4036,1255,2699,2139
"COG2207",702,1964,7940,2002,8134,5455
"COG2208",5874,4702,3628,5444,3027,4265
"COG2209",934,717,944,1056,420,790
"COG2210",29,55,126,52,21,271
"COG2211",2127,2125,1164,7069,2427,3234
"COG2212",1,12,29,14,71,24
"COG2213",702,975,292,168,390,15
"COG2214",5688,5188,3577,5844,3704,2369
"COG2215",108,86,153,67,126,122
"COG2216",0,5,14,3,121,27
"COG2217",6009,10084,9794,3131,2779,2352
"COG2218",123,170,224,290,74,251
"COG2219",365,1671,1656,1055,161,1811
"COG2220",6253,5343,5148,6126,3972,7514
"COG2221",207,366,242,204,374,370
"COG2222",248,149,295,224,179,211
"COG2223",338,1860,1057,537,1547,454
"COG2224",4751,4524,3055,3084,2577,4582
"COG2225",10063,7940,7479,7003,4020,6071
"COG2226",7029,6122,6774,7308,2659,7078
"COG2227",5414,3587,3926,4679,4415,2683
"COG2229",0,1,6,2,3,7
"COG2230",10857,6985,8570,8047,3805,3099
"COG2231",23,42,218,94,13,155
"COG2232",77,53,99,147,51,114
"COG2233",1465,1691,1891,1047,1435,2885
"COG2234",5114,7483,8099,6624,3586,12308
"COG2235",243,91,474,251,175,135
"COG2236",2998,2331,1648,1822,2435,1669
"COG2237",362,1297,1422,337,53,447
"COG2238",158,658,526,407,52,487
"COG2239",9458,6553,6236,7413,4081,5639
"COG2240",40,210,98,110,80,16
"COG2241",1192,1419,1036,1891,728,1020
"COG2242",1108,1281,1070,1836,757,1455
"COG2243",1126,1207,976,1615,566,1240
"COG2244",2738,1753,4801,3550,1777,4961
"COG2246",118,36,101,76,43,311
"COG2247",76,51,163,84,13,35
"COG2249",2193,1296,1520,1185,1712,605
"COG2250",41,28,126,90,10,68
"COG2251",3491,2109,1649,3652,1350,987
"COG2252",4875,5622,3183,3416,2509,2079
"COG2253",0,1,6,0,5,7
"COG2255",3724,3419,3827,4753,13612,4701
"COG2256",3450,2392,3014,1435,546,1519
"COG2257",51,53,224,81,166,65
"COG2258",518,845,1442,774,602,1274
"COG2259",1534,507,1074,829,861,858
"COG2260",1,10,20,29,4,21
"COG2261",3,10,14,7,6,2
"COG2262",3784,4049,5967,4322,2577,6738
"COG2263",162,726,236,323,67,198
"COG2264",2430,2266,2587,3441,3487,2576
"COG2265",2123,3025,4351,2886,2477,3747
"COG2266",2,21,379,142,29,298
"COG2267",1368,1374,2313,1478,1970,1077
"COG2268",375,821,666,1487,1043,1738
"COG2269",168,309,666,359,414,1433
"COG2270",5861,6267,5938,5222,1656,5544
"COG2271",131,487,577,315,115,1167
"COG2272",1006,1161,795,3109,896,3617
"COG2273",1658,2481,1586,2526,1403,1876
"COG2274",3342,2885,3042,4190,4754,2684
"COG2301",3481,3448,3936,3363,1033,3299
"COG2302",1175,1028,60,1494,552,3
"COG2303",20048,19616,17441,18820,8802,18809
"COG2304",3383,3529,6967,4167,2675,9524
"COG2306",3,13,25,20,0,56
"COG2307",2600,2134,735,3061,793,116
"COG2308",5747,3922,921,5303,1331,154
"COG2309",1246,2763,1437,1904,246,2440
"COG2310",11,51,172,14,302,39
"COG2311",796,753,919,785,634,393
"COG2312",14,7,81,21,50,170
"COG2313",600,700,567,597,74,1693
"COG2314",29,159,139,53,110,31
"COG2315",104,110,277,170,171,162
"COG2316",50,73,184,97,7,430
"COG2317",3395,4754,2298,4828,1332,1390
"COG2318",30,84,149,107,133,216
"COG2319",6269,21329,5482,11008,5060,7516
"COG2320",86,27,119,30,26,56
"COG2321",80,65,86,132,157,43
"COG2322",484,375,380,445,50,1153
"COG2323",11,4,74,27,55,53
"COG2324",44,18,44,139,21,96
"COG2326",1447,1727,1547,1562,2463,1054
"COG2327",78,387,165,80,713,130
"COG2329",696,477,720,427,503,1346
"COG2331",313,300,662,399,301,955
"COG2332",2536,1381,1547,1700,864,1557
"COG2333",188,311,1173,535,838,1784
"COG2334",6232,4564,4977,4783,2083,6934
"COG2335",857,2695,749,1923,582,1041
"COG2336",0,0,16,0,7,1
"COG2337",3,7,78,8,90,187
"COG2339",592,335,349,405,144,966
"COG2340",739,541,452,113,257,97
"COG2342",44,40,30,29,10,38
"COG2343",126,300,410,325,206,186
"COG2344",536,435,484,312,247,652
"COG2345",80,332,176,113,363,164
"COG2346",59,110,441,176,268,317
"COG2348",97,22,60,54,39,61
"COG2350",386,289,205,223,132,102
"COG2351",994,674,746,734,381,543
"COG2352",3289,2654,1302,9067,5938,3511
"COG2353",688,542,898,857,547,1139
"COG2354",10,51,466,146,562,138
"COG2355",4689,3951,5520,4059,14908,6969
"COG2356",587,494,1504,1141,1452,1294
"COG2357",3,6,25,10,18,58
"COG2358",3740,3486,2717,2582,1461,2598
"COG2359",0,0,0,1,3,3
"COG2360",489,542,864,760,425,1758
"COG2361",0,0,5,5,2,24
"COG2362",249,204,512,295,16,753
"COG2363",264,169,544,308,211,593
"COG2364",2260,2148,1255,1548,893,1633
"COG2365",693,704,707,899,158,908
"COG2366",5305,4335,7547,5237,2479,9764
"COG2367",1003,707,786,991,781,216
"COG2368",1234,1604,2443,1417,300,4432
"COG2369",2,35,90,37,503,5
"COG2370",475,202,430,579,99,65
"COG2371",900,591,422,916,406,130
"COG2372",14,86,372,223,7,89
"COG2373",818,1078,1400,1022,742,2624
"COG2374",2165,3317,2809,2565,1537,1655
"COG2375",339,223,555,227,549,141
"COG2376",1813,1347,1154,1034,382,1025
"COG2377",6205,3515,3578,4265,2437,2829
"COG2378",373,483,1434,629,1154,1043
"COG2379",651,847,1780,1079,312,1247
"COG2380",5,5,47,58,3,0
"COG2382",240,267,389,245,79,481
"COG2384",8,3,28,3,24,106
"COG2385",4880,3477,652,5052,2177,567
"COG2386",1169,911,1930,1332,517,1992
"COG2388",9,26,57,29,60,16
"COG2389",2,222,15,21,360,0
"COG2390",48,180,199,167,197,438
"COG2391",637,1003,848,728,309,3049
"COG2401",1,6,0,4,1241,0
"COG2402",9,13,3,8,2,13
"COG2403",0,0,2,0,3,74
"COG2404",11,34,68,17,352,35
"COG2405",0,0,0,0,0,0
"COG2406",5,42,297,157,30,418
"COG2407",490,424,304,484,54,999
"COG2409",1016,2789,2495,2087,219,1068
"COG2410",1,5,82,48,0,74
"COG2412",1,10,245,40,20,224
"COG2413",1,7,10,10,11,37
"COG2414",355,883,1354,890,84,2709
"COG2421",499,907,1679,691,502,2194
"COG2423",1433,1735,2868,1907,3092,3493
"COG2425",11,211,90,80,569,2
"COG2426",196,242,135,330,27,19
"COG2428",1,0,0,0,1,0
"COG2429",2,12,205,162,34,486
"COG2430",0,0,0,2,0,78
"COG2431",2,8,130,10,82,6
"COG2433",0,1,0,1,0,0
"COG2440",15,7,13,4,0,6
"COG2442",2,3,6,1,6,30
"COG2443",66,310,89,109,13,9
"COG2445",1,0,3,1,1,4
"COG2450",21,13,14,18,3,11
"COG2451",3,23,1,4,9,3
"COG2452",7,2,154,3,43,32
"COG2453",362,790,948,603,452,810
"COG2454",0,0,3,0,0,0
"COG2457",6,3,16,17,0,11
"COG2461",0,0,1,0,1,0
"COG2501",272,211,50,312,152,117
"COG2502",0,1,14,0,63,5
"COG2503",511,546,412,736,348,263
"COG2508",3,6,40,19,63,23
"COG2509",126,1018,307,310,2337,1012
"COG2510",0,0,24,5,6,1
"COG2511",637,2548,2859,1730,252,1787
"COG2512",5,74,960,218,66,794
"COG2513",1745,1574,2154,4373,2811,5258
"COG2514",26,74,175,123,7,559
"COG2515",1115,1080,1882,1028,726,3039
"COG2516",129,405,101,193,5,193
"COG2518",1823,2473,2267,2266,803,4426
"COG2519",605,1298,1386,866,369,1070
"COG2520",525,2677,1413,1416,219,1619
"COG2521",6,109,6,26,0,12
"COG2522",77,112,60,153,13,54
"COG2524",3,0,4,10,3,0
"COG2602",0,6,17,1,3,7
"COG2603",1736,1727,601,2299,1014,1838
"COG2604",86,241,1704,392,1120,512
"COG2605",2034,2399,2751,1658,7444,1726
"COG2606",2161,1767,1970,1364,1190,1366
"COG2607",393,415,484,190,85,50
"COG2608",10,74,145,55,79,90
"COG2609",12530,14018,10503,9661,4605,12077
"COG2610",861,852,1319,916,1431,954
"COG2703",6,21,156,22,70,1
"COG2704",0,0,74,0,9,6
"COG2706",794,893,1528,1075,135,2086
"COG2710",5322,5266,656,5767,2493,3
"COG2715",94,225,332,61,70,106
"COG2716",128,168,510,295,542,561
"COG2717",463,549,653,642,549,561
"COG2718",71,132,580,54,1094,94
"COG2719",70,160,675,216,3639,318
"COG2720",166,189,107,186,40,41
"COG2721",4666,5400,3181,3753,1910,3667
"COG2723",2014,2439,1737,1741,1446,1172
"COG2730",1337,1436,874,1224,236,1131
"COG2731",6,13,79,32,2,53
"COG2733",12,25,280,115,342,26
"COG2738",639,472,368,657,110,534
"COG2740",253,304,199,392,198,32
"COG2746",524,201,660,366,167,646
"COG2747",0,1,52,6,42,0
"COG2755",4397,3776,2925,4283,1727,4451
"COG2759",7567,7585,5463,5527,1903,6350
"COG2761",550,720,720,821,351,1205
"COG2764",8,23,68,17,66,378
"COG2766",124,262,1121,323,5280,573
"COG2768",160,181,390,207,24,134
"COG2770",189,103,421,74,264,173
"COG2771",440,492,798,796,773,438
"COG2801",147,940,3290,2215,8187,18060
"COG2802",4581,2848,3137,3985,1635,2038
"COG2804",5697,6033,7453,5225,4887,8569
"COG2805",2430,2795,2341,2172,2198,2500
"COG2807",6,68,29,22,217,53
"COG2808",40,149,342,143,182,717
"COG2810",0,0,1,0,0,20
"COG2812",13329,9101,9585,11505,4453,8701
"COG2813",146,288,1086,568,1216,763
"COG2814",24,169,929,93,394,185
"COG2815",1148,1296,423,570,543,688
"COG2816",1153,1458,1750,1706,705,1751
"COG2818",374,528,1099,688,920,1775
"COG2819",494,495,715,702,934,777
"COG2820",606,611,407,305,364,879
"COG2821",151,220,1117,335,91,184
"COG2822",8,1,73,7,151,6
"COG2823",2474,1255,2001,1516,1249,1101
"COG2824",11,29,264,43,239,308
"COG2825",164,260,483,243,332,459
"COG2826",75,233,1674,297,1300,2339
"COG2827",350,207,670,327,691,446
"COG2828",183,708,831,531,665,406
"COG2829",9,74,410,106,493,41
"COG2831",574,700,1783,751,401,649
"COG2832",658,535,909,454,491,215
"COG2833",16,92,45,136,46,383
"COG2834",151,165,376,664,373,1186
"COG2835",220,265,513,366,126,547
"COG2836",16,38,323,67,290,276
"COG2837",57,105,486,178,501,142
"COG2838",952,1956,2936,1843,1237,3863
"COG2839",34,38,13,121,14,59
"COG2840",483,479,872,585,660,686
"COG2841",0,5,0,6,46,4
"COG2842",3,5,39,19,145,16
"COG2843",923,801,977,1211,265,1368
"COG2844",3370,3670,6026,4744,1967,6569
"COG2845",75,44,157,89,9,351
"COG2846",1,8,70,15,41,48
"COG2847",465,430,646,571,438,492
"COG2848",45,79,72,46,8,96
"COG2849",4402,3225,4475,1133,494,2203
"COG2850",203,503,643,405,778,480
"COG2851",0,0,28,9,199,9
"COG2852",2,14,84,8,16,202
"COG2853",3700,2400,3099,2471,1450,2073
"COG2854",2771,1669,2733,1898,1199,1732
"COG2855",1697,1557,1704,2151,1124,671
"COG2856",3,32,268,72,377,58
"COG2857",4947,4847,4123,3726,1978,3470
"COG2859",692,411,385,615,421,148
"COG2860",33,188,1086,109,217,153
"COG2861",503,606,1054,517,485,732
"COG2862",172,228,205,238,202,129
"COG2863",717,691,1570,760,1212,1225
"COG2864",70,214,130,218,105,102
"COG2865",17,98,587,84,317,83
"COG2866",3436,6035,4371,4778,1334,3612
"COG2867",1513,923,1120,1074,653,748
"COG2868",0,0,0,0,2,0
"COG2869",1025,835,1110,1121,582,865
"COG2870",5653,4537,5524,4307,35154,4942
"COG2871",1741,1648,1972,2009,1214,1721
"COG2872",739,993,1251,1029,116,667
"COG2873",11293,10960,6523,9066,3846,6070
"COG2874",75,410,153,156,20,99
"COG2875",1246,1398,1119,1988,701,1128
"COG2876",1335,1440,954,1138,1019,2328
"COG2877",4480,4039,3471,3304,4601,3552
"COG2878",67,175,396,157,225,471
"COG2879",0,0,0,0,0,0
"COG2881",1,0,10,1,0,2
"COG2882",0,1,63,5,74,30
"COG2884",1178,972,1459,1163,761,1290
"COG2885",4832,4491,6482,5044,4036,7268
"COG2887",1662,1549,1765,1550,4869,1928
"COG2888",0,8,101,22,4,0
"COG2890",6980,4647,6482,6157,3027,6170
"COG2891",126,142,320,179,292,283
"COG2893",123,156,125,191,52,40
"COG2894",1215,1147,419,1627,1151,185
"COG2895",876,1269,2375,1638,1087,2073
"COG2896",3793,4347,4649,3815,2419,4846
"COG2897",4017,3166,5540,3819,1608,5715
"COG2898",6,47,66,25,235,21
"COG2899",8,115,40,114,44,22
"COG2900",2,10,127,28,142,1
"COG2901",210,183,382,234,244,318
"COG2902",365,712,2979,1005,2335,3367
"COG2904",384,287,558,141,211,113
"COG2905",55,127,1221,259,1576,196
"COG2906",13,28,106,24,158,31
"COG2907",6023,3854,4758,4733,2054,963
"COG2908",1595,1374,1805,1834,1788,2311
"COG2909",23,70,1104,59,367,37
"COG2910",33,43,39,58,83,7
"COG2911",250,336,2452,236,682,214
"COG2912",326,696,1928,814,196,2092
"COG2913",403,426,573,556,295,479
"COG2914",9,24,78,31,146,250
"COG2915",64,74,334,85,317,391
"COG2916",3,9,154,61,135,3
"COG2917",2546,1414,1651,1654,773,1413
"COG2918",1094,1173,1498,1280,1094,1989
"COG2919",94,111,266,154,182,250
"COG2920",126,151,249,44,102,131
"COG2921",33,52,164,72,145,206
"COG2922",63,63,346,74,204,569
"COG2923",64,78,168,84,150,151
"COG2924",249,242,398,274,257,493
"COG2925",2149,1494,1283,4043,2333,3090
"COG2926",0,0,38,0,2,0
"COG2927",221,242,478,309,281,330
"COG2928",3716,2195,2469,3119,1253,1884
"COG2929",4,17,48,10,50,34
"COG2930",134,296,585,252,43,325
"COG2931",7203,8671,10330,10216,6376,9793
"COG2932",15,43,186,69,2255,228
"COG2933",28,91,807,179,515,214
"COG2935",358,500,1073,697,510,1118
"COG2936",4743,9005,6128,7508,1415,7144
"COG2937",714,636,1813,797,1714,633
"COG2938",189,150,341,209,170,176
"COG2939",720,963,999,724,847,841
"COG2940",1594,3302,620,1406,1367,544
"COG2941",2596,1913,1511,1706,782,768
"COG2942",255,340,441,357,208,918
"COG2943",78,156,673,297,984,69
"COG2944",4,48,139,29,149,50
"COG2945",2531,1758,1645,1569,752,900
"COG2946",1,0,63,16,25,25
"COG2947",853,668,786,2105,1057,1440
"COG2948",13,30,313,94,179,53
"COG2949",5,3,76,9,70,79
"COG2951",4523,2618,3459,3314,2210,2635
"COG2954",337,229,161,1007,360,607
"COG2956",643,369,1295,565,577,1291
"COG2957",3140,1520,2318,743,318,673
"COG2958",0,0,53,2,60,22
"COG2959",78,186,717,240,594,472
"COG2960",73,149,280,146,218,74
"COG2961",129,82,400,180,438,154
"COG2962",2461,1200,1740,1599,1431,1619
"COG2963",48,221,1374,242,1190,2079
"COG2964",13,18,140,16,4,236
"COG2965",0,1,19,0,22,20
"COG2966",12,39,401,103,493,167
"COG2967",525,656,699,585,317,1058
"COG2968",55,47,415,482,356,567
"COG2969",45,79,293,106,226,327
"COG2971",308,820,651,482,1054,1165
"COG2972",57,120,601,266,677,690
"COG2973",0,0,21,0,0,0
"COG2974",29,122,616,195,778,77
"COG2975",121,121,90,110,51,135
"COG2976",228,248,565,294,333,502
"COG2977",111,137,156,138,59,445
"COG2978",178,384,1058,393,821,428
"COG2979",1,8,139,17,139,10
"COG2980",96,99,348,180,202,382
"COG2981",113,184,456,270,401,426
"COG2982",230,446,1081,442,562,973
"COG2983",122,248,298,112,130,140
"COG2984",18,40,369,125,430,17
"COG2985",23,45,213,10,9,36
"COG2986",1438,2472,2181,2210,883,3774
"COG2987",1637,3171,2251,2600,795,3761
"COG2988",1160,1029,643,1654,1267,193
"COG2989",70,252,422,330,420,221
"COG2990",0,0,19,0,0,1
"COG2991",10,16,56,33,126,25
"COG2992",4002,2215,2675,2533,6113,1417
"COG2993",113,196,503,182,487,250
"COG2994",3,3,15,10,1750,9
"COG2995",10,64,490,106,484,186
"COG2996",58,94,382,176,376,315
"COG2998",570,493,612,766,160,879
"COG2999",8,64,129,12,27,45
"COG3000",4912,4711,4725,5444,1716,4719
"COG3001",1631,1153,1147,1899,807,1171
"COG3002",8,21,1303,68,226,484
"COG3004",3608,1902,2876,2169,1592,1707
"COG3005",1,9,238,9,21,0
"COG3006",0,2,84,0,4,0
"COG3007",196,227,608,268,391,465
"COG3008",21,97,696,166,796,263
"COG3009",11,44,208,49,311,30
"COG3010",36,273,28,62,417,72
"COG3011",368,403,226,1325,749,668
"COG3012",16,282,414,83,463,293
"COG3013",0,0,12,3,1,0
"COG3014",127,148,217,118,76,326
"COG3015",0,0,24,1,15,5
"COG3016",111,205,734,145,134,277
"COG3017",36,62,311,92,187,216
"COG3018",242,350,365,306,252,234
"COG3019",337,550,744,745,827,449
"COG3021",170,105,569,248,479,395
"COG3022",1840,1675,2036,2229,734,2909
"COG3023",3233,1944,2856,2184,7801,1338
"COG3024",52,61,162,30,50,15
"COG3025",13,18,219,174,812,146
"COG3026",29,97,422,129,503,267
"COG3027",1450,697,872,793,498,643
"COG3028",20,66,278,104,303,192
"COG3029",0,0,13,1,2,350
"COG3030",1861,1058,1598,1173,818,1576
"COG3031",114,143,563,172,451,279
"COG3033",827,785,541,371,464,65
"COG3034",161,224,379,246,245,1024
"COG3036",0,0,8,0,18,0
"COG3037",0,2,119,0,2,7
"COG3038",362,545,745,644,861,219
"COG3039",131,518,1781,379,1517,10329
"COG3040",259,258,901,441,378,262
"COG3041",1,0,10,2,1,21
"COG3042",0,0,33,0,1,0
"COG3043",0,0,43,1,0,0
"COG3044",22,65,262,33,43,610
"COG3045",9,51,273,42,234,37
"COG3046",10629,8125,3229,10312,3596,796
"COG3047",139,134,547,290,564,348
"COG3048",0,0,79,0,93,0
"COG3049",6,34,59,27,107,99
"COG3050",0,0,37,0,0,0
"COG3051",50,10,41,3,2,278
"COG3053",0,0,57,0,1,0
"COG3054",2,0,84,1,2,90
"COG3055",338,266,323,333,29,523
"COG3056",0,0,50,0,2,0
"COG3057",3,19,128,29,193,16
"COG3058",1,0,10,9,49,53
"COG3059",2,12,135,52,277,6
"COG3060",4,1,143,30,155,26
"COG3061",0,0,60,0,1,0
"COG3062",0,0,20,1,0,0
"COG3063",27,78,474,108,492,327
"COG3064",3,10,225,43,238,42
"COG3065",7,10,271,53,164,4
"COG3066",5,19,259,23,96,16
"COG3067",564,671,783,797,672,348
"COG3068",5,14,252,50,296,57
"COG3069",7,14,94,36,10,7
"COG3070",36,15,154,38,58,125
"COG3071",207,354,885,357,705,835
"COG3072",23,60,1314,183,958,249
"COG3073",8,17,208,41,253,174
"COG3074",0,0,31,1,4,0
"COG3075",17,6,46,1,0,110
"COG3076",3,1,134,33,128,11
"COG3077",0,18,12,18,8,39
"COG3078",0,1,56,0,32,3
"COG3079",92,138,382,154,288,515
"COG3080",0,0,18,2,4,270
"COG3081",9,35,467,94,483,92
"COG3082",2,1,65,16,58,2
"COG3083",306,249,968,218,419,633
"COG3084",0,0,37,0,0,0
"COG3085",8,22,350,85,439,5
"COG3086",2,12,142,41,188,58
"COG3087",32,71,375,132,342,317
"COG3088",2356,1099,1856,1632,797,1660
"COG3089",24,28,132,47,169,45
"COG3090",767,768,688,672,754,661
"COG3091",29,30,189,58,652,98
"COG3092",2,5,141,26,147,38
"COG3093",8,26,230,52,291,140
"COG3094",0,7,94,2,32,20
"COG3095",0,0,57,0,1,1
"COG3096",0,6,279,0,14,0
"COG3097",0,0,30,0,2,0
"COG3098",1,38,99,11,74,95
"COG3099",0,0,24,0,18,0
"COG3100",9,32,150,44,147,95
"COG3101",23,66,290,102,311,170
"COG3102",2,7,49,0,1,3
"COG3103",56,90,344,84,270,59
"COG3104",2095,2324,1868,2383,925,3264
"COG3105",24,51,150,49,106,150
"COG3106",15,22,551,135,630,135
"COG3107",362,382,1273,536,1050,769
"COG3108",57,121,126,183,538,36
"COG3109",6,6,189,48,268,39
"COG3110",0,9,88,4,31,1
"COG3111",0,0,67,0,35,1
"COG3112",0,0,31,2,30,34
"COG3113",0,0,36,0,2,0
"COG3114",0,0,26,2,26,3
"COG3115",153,207,692,302,551,507
"COG3116",10,12,134,35,119,22
"COG3117",20,44,288,109,317,250
"COG3118",722,983,1272,1131,731,605
"COG3119",36285,43870,32298,13364,1906,22431
"COG3120",0,0,8,0,0,0
"COG3121",14,0,72,59,118,17
"COG3122",3,39,219,74,243,95
"COG3123",242,62,226,108,184,53
"COG3124",46,88,314,169,282,244
"COG3125",1,18,124,39,181,66
"COG3126",3,0,52,27,80,135
"COG3127",3953,3369,4408,3646,1941,5673
"COG3128",1295,916,565,1674,15660,167
"COG3129",8,109,279,107,418,335
"COG3130",2,20,140,37,131,38
"COG3131",68,220,582,244,889,83
"COG3132",20,43,107,30,50,139
"COG3133",39,58,36,47,95,55
"COG3134",11,27,34,12,100,185
"COG3135",46,86,214,333,863,101
"COG3136",2,0,36,3,20,0
"COG3137",72,95,571,196,610,137
"COG3138",124,194,680,284,829,279
"COG3139",16,28,107,40,150,61
"COG3141",6,5,162,50,236,31
"COG3142",457,390,359,370,107,433
"COG3143",1,5,114,56,434,72
"COG3144",39,82,693,68,347,38
"COG3145",373,1043,612,644,2958,902
"COG3146",3066,2645,1389,4630,1567,1955
"COG3147",27,47,264,82,221,110
"COG3148",24,116,584,127,627,259
"COG3149",14,29,225,59,208,54
"COG3150",198,226,325,105,101,56
"COG3151",180,154,325,230,266,263
"COG3152",888,1237,1145,1099,294,998
"COG3153",96,219,299,175,111,119
"COG3154",1,3,95,10,32,1
"COG3155",231,110,815,170,402,397
"COG3156",498,459,749,242,195,235
"COG3157",10,20,138,7,66,5
"COG3158",17,26,81,58,22,75
"COG3159",382,410,978,545,520,455
"COG3160",5,33,298,23,121,24
"COG3161",130,128,403,201,397,562
"COG3162",6,2,14,3,2,16
"COG3164",928,945,2801,1262,2351,2389
"COG3165",75,110,381,146,353,493
"COG3166",61,73,348,88,298,156
"COG3167",21,90,396,83,389,222
"COG3168",25,43,278,70,318,198
"COG3169",0,0,16,7,9,8
"COG3170",96,191,1042,210,878,269
"COG3171",0,0,14,1,48,60
"COG3172",229,188,159,280,167,304
"COG3173",4366,4208,2911,4182,1519,4294
"COG3174",0,6,33,35,97,10
"COG3175",1703,1804,1320,1451,909,752
"COG3176",1675,1663,1727,1749,1426,973
"COG3177",42,66,277,246,851,914
"COG3178",4293,1904,3173,2798,1314,1948
"COG3179",15,273,24,107,3961,25
"COG3180",1694,1378,1002,1380,605,627
"COG3181",2570,3615,2137,2775,1264,5589
"COG3182",350,477,2425,815,2776,851
"COG3183",34,59,137,76,50,74
"COG3184",3,9,101,8,43,5
"COG3185",731,757,1149,940,635,1801
"COG3186",257,154,398,950,516,1333
"COG3187",30,24,304,96,413,113
"COG3188",13,3,188,135,356,67
"COG3189",1,19,16,6,59,18
"COG3190",3,4,85,7,75,8
"COG3191",983,1120,1712,1238,224,2168
"COG3192",0,0,0,0,0,29
"COG3193",247,346,503,497,137,843
"COG3194",986,606,780,645,362,729
"COG3195",1010,653,890,779,364,899
"COG3196",0,0,4,0,0,0
"COG3197",1,4,15,2,12,1
"COG3198",5,15,172,48,232,50
"COG3199",774,1615,1663,1179,478,1274
"COG3200",5876,5050,3576,3987,1895,2300
"COG3201",559,397,475,665,347,644
"COG3202",972,1166,880,346,103,454
"COG3203",258,320,548,245,241,35
"COG3204",687,1090,746,701,1022,346
"COG3205",2,6,175,33,140,4
"COG3206",1598,1079,2944,1883,1904,2124
"COG3207",0,0,1,0,3,14
"COG3208",61,351,61,178,147,19
"COG3209",35,289,1089,329,913,348
"COG3210",367,401,469,855,176,947
"COG3211",1033,1178,2120,1774,1389,1414
"COG3212",3,14,73,0,18,3
"COG3213",16,77,285,82,196,29
"COG3214",75,90,132,324,116,525
"COG3215",10,24,72,21,76,56
"COG3216",779,814,472,1126,645,401
"COG3217",1483,927,1039,1105,371,1613
"COG3218",3,19,86,38,80,10
"COG3219",15,28,229,63,234,25
"COG3220",40,113,485,151,637,190
"COG3221",2879,3513,2197,3251,1871,3460
"COG3222",983,892,789,1299,462,521
"COG3223",35,44,15,43,49,18
"COG3224",8,15,118,12,135,22
"COG3225",2573,2464,5089,3141,649,5325
"COG3226",3,21,23,1,22,16
"COG3227",95,104,730,284,613,706
"COG3228",241,307,264,217,234,439
"COG3230",0,18,51,5,139,1
"COG3231",1,6,4,0,0,17
"COG3232",22,29,40,87,50,144
"COG3233",0,11,3,7,18,10
"COG3235",6,13,210,53,325,6
"COG3236",34,199,246,67,277,62
"COG3237",2,10,60,33,102,11
"COG3238",46,114,302,115,69,187
"COG3239",6447,6103,2825,7988,3347,3642
"COG3240",47,103,147,70,54,212
"COG3241",453,336,476,345,234,405
"COG3242",1,13,29,12,32,34
"COG3243",157,575,1023,510,865,656
"COG3245",195,350,568,280,397,699
"COG3246",3292,3118,2075,2544,707,2998
"COG3247",1,22,29,15,44,8
"COG3248",6,10,170,17,390,104
"COG3249",211,238,804,359,547,490
"COG3250",2658,2962,3739,3071,1986,8425
"COG3251",1,5,10,27,10,1
"COG3252",157,131,138,152,65,103
"COG3253",158,230,1360,509,79,884
"COG3254",260,169,341,238,46,341
"COG3255",333,245,186,182,157,88
"COG3256",5,46,202,36,93,16
"COG3257",27,228,65,136,177,328
"COG3258",24,93,58,21,17,5
"COG3259",0,4,1,1,6,5
"COG3261",0,0,1,0,0,0
"COG3263",182,314,2046,521,976,1421
"COG3264",1202,1274,2223,1542,1598,2472
"COG3265",184,193,312,240,269,364
"COG3266",1,3,333,7,80,102
"COG3267",409,684,2104,239,432,298
"COG3268",1801,2338,1569,1867,686,1689
"COG3269",25,253,28,44,2,8
"COG3270",0,0,98,1,27,19
"COG3271",1,4,13,11,135,8
"COG3272",203,328,903,555,367,347
"COG3273",95,45,134,101,4,329
"COG3274",0,0,119,0,3,22
"COG3275",44,83,741,235,583,1587
"COG3276",2739,3160,4227,3280,877,5793
"COG3277",1,30,4,1,0,0
"COG3278",200,443,1000,460,1223,750
"COG3279",115,213,1318,613,1332,1664
"COG3280",0,2,5,5,11,20
"COG3281",1,0,26,17,29,40
"COG3283",5,19,425,104,675,220
"COG3284",18,489,424,253,800,135
"COG3285",19,43,143,85,50,95
"COG3287",15,76,916,185,721,276
"COG3288",10618,9904,7016,8874,3918,6632
"COG3290",20,72,97,28,111,768
"COG3291",5283,8331,5024,6657,3054,13026
"COG3292",1427,3471,5490,2637,4984,5474
"COG3293",90,182,1694,382,807,1192
"COG3294",0,0,4,0,0,19
"COG3295",8,34,319,103,497,12
"COG3296",22,141,154,70,165,256
"COG3297",138,123,631,198,569,412
"COG3298",144,281,372,66,42,434
"COG3299",0,6,7,0,75,1
"COG3300",25,102,969,331,1637,67
"COG3301",44,6,70,21,1,13
"COG3302",122,257,109,243,33,16
"COG3303",0,1,74,0,2,0
"COG3304",19,166,76,28,266,32
"COG3305",0,0,2,0,40,0
"COG3306",1012,916,297,182,2811,53
"COG3307",1676,1754,1819,2042,2166,914
"COG3308",4,6,147,14,189,43
"COG3309",0,0,0,0,1,0
"COG3310",3,104,210,75,229,98
"COG3311",62,61,108,66,301,489
"COG3312",6,18,214,51,224,112
"COG3313",258,273,315,293,343,216
"COG3314",25,6,350,17,280,576
"COG3315",394,442,341,320,108,479
"COG3316",39,84,149,89,68,903
"COG3317",642,636,819,638,574,925
"COG3318",496,270,673,242,128,742
"COG3319",21,95,142,207,57,272
"COG3320",149,349,295,260,171,431
"COG3321",1060,3410,1596,1869,1078,4981
"COG3322",2,12,88,16,170,27
"COG3323",244,229,213,386,147,386
"COG3324",18,72,277,75,325,272
"COG3325",284,402,542,412,424,1421
"COG3326",1,5,41,34,231,20
"COG3327",21,69,66,34,20,119
"COG3328",104,333,1434,465,1105,3543
"COG3329",1233,1272,771,1928,431,265
"COG3330",1398,1145,82,1706,621,0
"COG3331",2,2,2,2,554,12
"COG3332",488,504,604,481,391,392
"COG3333",4142,6096,3492,4941,5169,7976
"COG3334",62,65,98,60,18,55
"COG3335",107,284,907,269,1066,3182
"COG3336",698,577,876,463,427,594
"COG3338",41,96,93,26,60,28
"COG3339",533,421,193,544,263,84
"COG3340",1908,1573,978,1905,349,936
"COG3341",30,55,45,61,24,175
"COG3342",588,1383,1031,1125,448,2002
"COG3344",305,669,4878,1297,6154,1726
"COG3345",69,121,557,259,363,1198
"COG3346",1273,1596,1135,1825,1163,869
"COG3347",3550,2257,4030,2673,1335,4127
"COG3349",4433,5453,628,1848,1025,96
"COG3350",1,10,23,1,9,1
"COG3354",2,2,5,3,0,0
"COG3356",162,166,1438,396,107,1573
"COG3357",0,0,0,0,0,0
"COG3358",107,135,152,170,22,477
"COG3359",28,44,41,64,21,111
"COG3360",0,6,21,11,73,47
"COG3361",224,381,227,433,38,288
"COG3363",1,0,25,9,0,31
"COG3364",2,0,5,2,0,0
"COG3365",0,1,6,1,0,2
"COG3367",1064,1568,1309,930,831,2851
"COG3369",2,13,54,34,6,235
"COG3371",0,1,13,0,2,0
"COG3372",56,25,71,46,4,978
"COG3375",8,52,38,44,6,82
"COG3376",1,14,1,1,0,10
"COG3377",0,6,0,1,0,55
"COG3378",556,4009,709,955,16095,1298
"COG3379",18,45,106,94,19,432
"COG3380",1027,1992,625,1537,969,224
"COG3381",65,139,441,163,40,499
"COG3382",7,31,33,18,6,255
"COG3383",3912,6566,8360,5929,954,9483
"COG3384",525,2017,1154,1134,576,2448
"COG3385",86,391,3201,821,1962,3424
"COG3386",4874,4922,6492,5912,1607,7911
"COG3387",189,182,241,388,255,407
"COG3388",3,0,8,0,0,0
"COG3389",269,1007,417,728,58,343
"COG3390",217,1035,328,473,35,285
"COG3391",4185,3971,14245,6085,1248,14584
"COG3392",246,108,332,304,505,456
"COG3393",12,23,23,18,5,165
"COG3394",293,170,211,95,14,184
"COG3395",1860,1502,550,3044,715,287
"COG3396",983,2291,1283,1674,331,3296
"COG3397",77,56,264,83,108,71
"COG3398",245,1064,1385,983,138,839
"COG3399",1,0,25,0,6,0
"COG3400",580,491,102,146,452,0
"COG3401",91,90,374,87,86,178
"COG3402",4,7,13,15,11,56
"COG3403",6,4,99,58,126,11
"COG3404",951,1132,848,1106,79,1217
"COG3405",3,28,139,83,205,46
"COG3407",432,375,318,429,83,744
"COG3408",208,375,390,211,36,1019
"COG3409",430,529,171,769,3811,422
"COG3410",8,14,179,23,149,63
"COG3411",319,698,584,729,310,759
"COG3412",13,9,8,7,1,25
"COG3413",36,153,73,109,9,2
"COG3414",0,0,81,1,0,8
"COG3415",20,78,450,40,92,100
"COG3417",49,65,99,72,27,155
"COG3418",0,5,44,4,38,2
"COG3419",4118,4168,5192,1948,3627,1499
"COG3420",88,45,124,104,69,121
"COG3421",42,66,62,35,102,14
"COG3422",4,16,53,29,105,7
"COG3423",0,1,23,9,31,0
"COG3424",86,170,95,177,100,1072
"COG3425",1002,2516,2185,1919,229,2442
"COG3426",0,0,5,0,0,0
"COG3427",1121,1091,1190,1094,152,2083
"COG3428",30,74,444,149,489,135
"COG3429",1562,1327,71,1715,719,33
"COG3431",0,50,2,13,268,23
"COG3433",0,0,21,4,2,3
"COG3434",12,23,409,237,1179,119
"COG3435",195,479,404,343,37,418
"COG3436",255,667,7857,911,5323,2039
"COG3437",572,822,4712,1280,4254,1434
"COG3439",99,58,143,132,92,244
"COG3440",341,176,376,277,486,178
"COG3442",51,52,50,80,8,12
"COG3443",0,4,1,1,4,2
"COG3444",0,0,3,0,1,12
"COG3447",10,8,340,4,83,3
"COG3448",613,281,352,849,797,788
"COG3449",5,9,318,9,108,16
"COG3450",318,234,159,458,189,416
"COG3451",85,140,1434,411,786,212
"COG3452",11,74,339,50,625,32
"COG3453",80,114,160,137,161,71
"COG3454",73,103,110,28,32,8
"COG3455",8,15,209,30,223,3
"COG3456",6,4,149,29,183,4
"COG3457",1,0,74,6,9,262
"COG3458",130,156,689,317,25,1201
"COG3459",13,24,285,36,87,114
"COG3460",42,68,49,63,12,191
"COG3461",1,11,6,1,2,0
"COG3463",343,409,153,206,347,961
"COG3464",55,612,1478,365,1019,838
"COG3467",126,166,760,308,70,1048
"COG3468",92,139,139,76,23,4
"COG3469",12,19,88,10,21,33
"COG3470",475,261,268,290,86,167
"COG3471",0,0,29,14,74,18
"COG3472",51,59,187,34,17,30
"COG3473",2703,1985,2130,2090,777,3385
"COG3474",2577,2169,1568,1934,713,835
"COG3475",13,25,21,44,86,181
"COG3476",1117,777,625,829,436,145
"COG3478",127,81,132,50,80,88
"COG3479",0,0,1,0,0,1
"COG3480",603,625,235,290,295,325
"COG3481",485,239,746,390,286,883
"COG3482",2,0,1,0,62,0
"COG3483",803,1739,1034,1209,439,1699
"COG3484",1457,688,119,1018,97,66
"COG3485",628,817,990,992,583,1517
"COG3486",2,2,47,11,134,9
"COG3487",158,137,488,193,278,328
"COG3488",322,455,1146,397,400,743
"COG3489",33,43,278,44,170,212
"COG3490",27,33,288,28,167,52
"COG3491",4627,4570,4274,4668,2877,5908
"COG3492",753,468,743,590,296,568
"COG3493",0,0,1,0,36,17
"COG3494",826,425,646,1665,652,869
"COG3495",226,365,686,324,533,36
"COG3496",3403,1888,2739,2815,1254,362
"COG3497",1865,2268,632,3528,92983,1132
"COG3498",0,0,5,1,10,0
"COG3499",2,2,6,1,35,0
"COG3500",137,76,43,151,87,27
"COG3501",143,223,693,360,1019,61
"COG3502",311,713,198,398,681,178
"COG3503",177,238,563,513,895,495
"COG3504",16,26,149,76,139,41
"COG3505",66,111,753,366,636,202
"COG3506",0,1,4,0,0,36
"COG3507",1147,774,1768,1332,1238,1131
"COG3508",980,827,1382,1166,666,1342
"COG3509",4076,4820,2622,1724,225,713
"COG3510",209,168,307,204,823,234
"COG3511",7,33,27,22,12,12
"COG3512",6,1,50,5,12,8
"COG3513",49,17,427,40,672,65
"COG3514",0,1,3,3,6,15
"COG3515",21,36,339,60,382,15
"COG3516",27,42,127,37,170,24
"COG3517",30,68,496,121,393,22
"COG3518",0,3,61,10,102,6
"COG3519",33,52,371,59,405,32
"COG3520",12,29,171,37,217,22
"COG3521",2,3,87,11,84,1
"COG3522",17,49,287,70,311,22
"COG3523",38,74,655,90,874,20
"COG3524",73,214,397,160,569,40
"COG3525",2214,1693,2271,1827,794,4319
"COG3526",40,49,106,47,56,62
"COG3527",1,10,10,11,0,0
"COG3528",78,147,209,131,118,156
"COG3529",3,13,88,29,176,48
"COG3530",22,18,106,29,141,80
"COG3531",34,59,246,95,205,282
"COG3533",376,432,906,530,301,1590
"COG3534",352,285,640,417,210,683
"COG3535",154,173,431,182,28,799
"COG3536",191,273,447,287,128,418
"COG3537",534,1000,795,847,212,1757
"COG3538",42,108,27,88,29,96
"COG3539",0,0,6,0,131,4
"COG3540",1403,2318,2051,2694,1398,2528
"COG3541",4,20,124,12,56,35
"COG3542",391,625,361,738,506,124
"COG3543",0,5,0,4,0,0
"COG3544",873,1279,684,981,204,1055
"COG3545",1,15,19,14,79,6
"COG3546",1,1,4,4,13,10
"COG3547",187,518,4480,1689,3382,1629
"COG3548",1,3,14,2,25,2
"COG3549",5,18,87,18,108,38
"COG3550",60,224,2123,451,1885,323
"COG3551",135,155,207,181,529,43
"COG3552",1755,1546,1225,1463,476,2243
"COG3553",1,8,7,5,47,1
"COG3554",0,3,3,0,33,0
"COG3555",457,1270,266,434,4124,223
"COG3556",463,541,33,818,430,29
"COG3558",16,120,74,64,118,69
"COG3559",0,0,0,2,1,5
"COG3560",0,0,1,0,2,11
"COG3561",0,0,3,3,5,10
"COG3562",5,132,18,69,448,174
"COG3563",16,412,52,89,319,12
"COG3564",393,423,176,266,263,28
"COG3565",333,353,249,1100,567,699
"COG3566",0,305,2,3,92,0
"COG3567",0,462,3,7,154,0
"COG3568",636,645,1010,717,624,1912
"COG3569",386,826,1983,834,1054,1906
"COG3570",0,16,5,10,2,86
"COG3571",132,236,449,227,360,445
"COG3572",3146,2942,1758,2927,1122,2897
"COG3573",0,44,74,15,69,20
"COG3575",4,11,210,35,142,7
"COG3576",652,832,1712,930,636,1795
"COG3577",122,166,539,236,344,269
"COG3579",1135,1807,1155,1464,123,1660
"COG3580",2,0,17,21,3,49
"COG3581",3,1,16,21,1,24
"COG3582",0,5,7,1,0,0
"COG3583",15,3,17,8,4,21
"COG3584",10,17,19,38,470,15
"COG3585",0,0,3,2,24,0
"COG3586",68,35,164,66,243,108
"COG3587",21,85,559,110,196,66
"COG3588",6950,7553,4113,5447,5027,4357
"COG3590",645,785,1299,1235,1507,1309
"COG3591",11,3,6,12,9,4
"COG3592",0,0,17,1,0,22
"COG3593",27,141,2421,186,181,543
"COG3594",23,219,165,68,102,71
"COG3595",4,6,14,10,50,120
"COG3596",6,24,46,4,10,0
"COG3597",45,42,18,13,23,23
"COG3598",167,61,71,74,5804,76
"COG3599",29,439,75,70,731,74
"COG3600",2,2,86,1,33,9
"COG3602",107,88,160,125,141,71
"COG3603",15,5,152,49,94,359
"COG3604",450,283,1415,470,1033,953
"COG3605",440,929,1637,334,543,933
"COG3607",1,0,27,9,10,0
"COG3608",685,2109,3161,1356,1236,3153
"COG3609",7,36,47,111,152,87
"COG3610",12,21,356,92,485,161
"COG3612",0,0,0,0,0,0
"COG3613",513,293,190,177,211,20
"COG3614",17,54,498,28,355,92
"COG3615",0,0,16,0,2,2
"COG3616",1286,1563,3336,2027,508,2648
"COG3617",5,6,13,2,49,0
"COG3618",2741,2935,5000,3779,770,5608
"COG3619",1,4,14,10,6,4
"COG3620",10,45,433,133,60,546
"COG3621",336,839,239,489,284,464
"COG3622",1011,897,1635,1209,662,1625
"COG3623",79,71,120,217,204,1017
"COG3624",19,30,20,24,31,11
"COG3625",8,22,22,9,7,2
"COG3626",35,61,48,42,55,13
"COG3627",22,47,31,40,64,21
"COG3628",292,310,131,97,1870,9
"COG3629",11,1,1,22,3,93
"COG3631",136,152,198,195,21,217
"COG3633",5,34,322,89,431,37
"COG3634",207,336,903,337,862,276
"COG3635",93,101,862,791,134,3093
"COG3636",3,15,5,7,14,5
"COG3637",16,75,95,60,41,47
"COG3638",1946,1535,1242,2014,1080,1527
"COG3639",3039,2254,2320,2728,1236,3326
"COG3640",6,10,2,13,2,11
"COG3641",0,0,0,2,2,9
"COG3642",172,703,845,512,81,836
"COG3643",820,1301,1002,1096,99,1108
"COG3644",8,2,44,3,19,18
"COG3645",2,5,9,3,5,3
"COG3646",2,12,38,18,86,0
"COG3647",13,38,94,43,14,54
"COG3648",6,85,0,23,35,0
"COG3649",2,2,70,5,30,7
"COG3650",14,119,196,47,73,16
"COG3651",2201,2061,1139,2033,997,1270
"COG3652",0,0,6,6,3,2
"COG3653",6411,7689,10810,7974,1061,14058
"COG3654",5,13,55,21,98,39
"COG3655",14,23,74,26,32,210
"COG3656",9,67,477,189,785,3
"COG3657",0,13,13,9,29,10
"COG3658",43,144,380,167,495,135
"COG3659",68,149,328,162,398,165
"COG3660",3961,2319,1993,2362,1024,1026
"COG3661",10,4,227,19,99,23
"COG3662",647,396,249,245,336,260
"COG3663",68,91,135,89,21,512
"COG3664",412,242,215,212,71,468
"COG3665",1502,1497,1148,3385,2111,5098
"COG3666",71,152,1278,490,1637,4503
"COG3667",42,79,634,97,245,34
"COG3668",19,58,314,108,376,86
"COG3669",425,511,393,636,147,1200
"COG3670",3896,4672,1315,4349,1131,2359
"COG3671",0,5,40,3,61,68
"COG3672",28,62,248,59,274,119
"COG3673",12,6,34,48,68,146
"COG3675",464,395,342,90,2200,41
"COG3676",6,14,36,11,19,1117
"COG3677",18,31,333,22,94,360
"COG3678",1,21,214,88,326,5
"COG3679",0,0,1,1,0,0
"COG3680",27,35,28,108,47,40
"COG3681",1,0,6,0,0,2
"COG3682",2,7,58,63,171,75
"COG3683",6,26,36,18,37,17
"COG3684",136,92,82,176,12,453
"COG3685",0,12,24,10,15,14
"COG3686",674,446,162,615,377,177
"COG3687",102,168,296,216,388,434
"COG3688",53,60,33,42,3,77
"COG3689",0,214,5,7,325,0
"COG3692",1,0,1,0,0,1
"COG3693",372,512,645,907,410,592
"COG3694",1257,558,287,1312,384,223
"COG3695",169,337,346,233,450,472
"COG3696",407,1222,7990,2878,8963,4721
"COG3698",10,69,55,71,29,26
"COG3700",125,53,124,23,2,27
"COG3701",9,16,69,31,90,17
"COG3702",0,0,3,13,9,6
"COG3703",189,400,361,348,98,691
"COG3704",7,2,36,7,4,2
"COG3705",6056,3424,2633,4575,2109,1693
"COG3706",1624,1510,8652,972,3094,1330
"COG3707",84,128,439,208,525,517
"COG3708",2,6,109,27,112,30
"COG3709",20,87,60,55,42,6
"COG3710",30,42,1062,111,819,92
"COG3711",1,0,9,1,5,20
"COG3712",241,356,922,501,1334,1004
"COG3713",49,40,403,113,472,84
"COG3714",7,15,144,79,217,270
"COG3716",0,0,2,0,0,22
"COG3717",29,11,180,51,144,189
"COG3718",504,596,311,481,131,1582
"COG3719",9,3,39,14,31,10
"COG3720",176,75,323,66,133,80
"COG3721",2,0,40,1,0,0
"COG3723",11,41,111,45,4037,8
"COG3724",114,211,481,268,570,214
"COG3725",60,56,185,75,329,120
"COG3726",8,0,118,8,171,4
"COG3727",188,309,342,261,133,116
"COG3728",16,23,29,22,1540,37
"COG3729",0,0,3,2,0,3
"COG3730",219,178,36,35,108,4
"COG3731",118,104,17,18,56,1
"COG3732",338,303,52,51,137,2
"COG3733",830,588,1041,732,137,595
"COG3734",107,258,177,269,77,238
"COG3735",85,93,491,228,512,340
"COG3736",0,2,8,3,11,8
"COG3737",115,133,161,132,30,199
"COG3738",17,24,26,91,32,104
"COG3739",4,9,54,22,88,6
"COG3740",47,106,158,101,14337,42
"COG3741",406,527,431,704,112,1492
"COG3742",0,0,3,1,2,1
"COG3743",301,1285,262,548,130,73
"COG3744",39,53,42,24,87,38
"COG3745",14,41,130,80,37,54
"COG3746",387,309,910,603,432,368
"COG3747",1,2,25,14,2484,22
"COG3748",4363,3143,3572,3198,1396,4197
"COG3749",28,47,128,114,158,236
"COG3750",26,107,72,86,46,13
"COG3751",1022,812,1183,728,8478,596
"COG3752",2599,2443,2135,2350,570,1275
"COG3753",0,0,1,1,0,0
"COG3754",62,814,80,151,1425,111
"COG3755",8,2,35,12,12,4
"COG3756",8,14,12,5,3681,8
"COG3757",45,24,108,86,600,47
"COG3758",0,5,30,7,44,89
"COG3759",1,1,12,4,8,14
"COG3760",334,355,390,381,118,571
"COG3761",1210,550,718,717,310,332
"COG3762",63,61,117,68,30,164
"COG3764",510,690,362,271,574,342
"COG3765",78,32,83,39,28,146
"COG3766",44,82,206,116,128,33
"COG3768",7,12,318,19,126,27
"COG3769",1750,1256,326,1871,693,34
"COG3770",38,124,108,114,32,10
"COG3771",0,0,37,0,1,0
"COG3772",90,143,116,143,10288,91
"COG3773",382,642,362,643,10144,432
"COG3774",197,634,111,288,2666,106
"COG3775",0,0,1,0,1,4
"COG3776",0,0,30,0,1,0
"COG3777",372,568,322,566,112,516
"COG3778",0,3,3,1,5,0
"COG3779",0,0,3,0,21,0
"COG3781",67,837,115,235,239,396
"COG3782",38,87,149,27,59,72
"COG3783",0,0,33,0,24,2
"COG3784",1,9,26,21,78,2
"COG3785",1688,1015,1070,1085,448,1440
"COG3786",1634,625,853,935,522,379
"COG3787",54,16,63,26,2,278
"COG3788",158,85,283,155,182,87
"COG3789",4,7,177,37,161,44
"COG3791",3621,2472,2727,850,410,1496
"COG3793",0,7,22,3,32,1
"COG3794",2943,3186,2686,2871,3115,1792
"COG3795",2,0,21,14,82,15
"COG3797",0,2,28,8,11,51
"COG3798",1,0,11,14,8,6
"COG3799",0,0,35,9,0,1
"COG3800",3467,2267,1793,1936,1030,1191
"COG3801",8,2,3,3,0,15
"COG3802",109,42,236,128,45,226
"COG3803",443,926,723,826,717,844
"COG3804",276,228,133,259,37,129
"COG3805",46,55,62,67,40,5
"COG3806",226,518,607,500,537,139
"COG3807",1816,836,1015,1064,465,391
"COG3808",12741,14706,11544,10447,3525,11767
"COG3809",1,16,16,8,14,5
"COG3811",0,6,6,1,1,0
"COG3812",52,136,99,116,39,249
"COG3813",1,10,35,6,30,29
"COG3814",68,64,97,332,66,69
"COG3815",17,104,62,232,18,185
"COG3816",498,497,608,611,449,286
"COG3817",0,0,11,4,15,2
"COG3818",668,553,378,465,257,341
"COG3819",0,0,9,1,11,2
"COG3820",2387,1627,1421,1420,589,555
"COG3821",3,20,77,23,137,65
"COG3822",44,88,37,106,30,152
"COG3823",660,1073,675,909,140,995
"COG3824",4,35,88,53,16,201
"COG3825",1392,1575,1180,1741,697,1815
"COG3826",0,0,8,0,4,1
"COG3827",3,11,13,24,6,5
"COG3828",1109,961,1048,832,154,1628
"COG3829",52,129,373,102,415,684
"COG3830",210,300,681,267,214,877
"COG3831",1,1,4,3,0,2
"COG3832",1,28,158,51,188,154
"COG3833",247,543,222,295,239,150
"COG3835",0,0,75,5,179,1
"COG3836",4439,4228,8089,4968,2403,7328
"COG3837",53,99,113,63,16,75
"COG3838",6,6,61,23,43,11
"COG3839",9131,10132,5939,7324,4400,10114
"COG3840",68,151,157,200,39,38
"COG3842",13314,11461,10245,11106,5370,13167
"COG3843",13,49,254,95,222,59
"COG3844",931,1024,1070,1265,486,3485
"COG3845",5142,5204,3908,4457,2195,6953
"COG3846",9,30,181,63,195,24
"COG3847",0,4,0,1,0,0
"COG3848",6,68,11,22,56,8
"COG3850",25,50,354,67,169,114
"COG3851",4,2,36,7,87,15
"COG3852",1126,1182,1378,1373,938,1678
"COG3853",3,8,155,40,42,102
"COG3854",397,1105,1399,727,1068,456
"COG3855",2,1,2,2,1,9
"COG3857",20,33,76,70,1,41
"COG3858",702,442,462,753,89,834
"COG3859",3,2,24,6,0,14
"COG3860",0,1,0,1,0,0
"COG3861",0,0,0,0,3,7
"COG3864",383,1120,340,628,25164,553
"COG3865",0,30,36,14,59,12
"COG3866",10,23,79,38,162,23
"COG3867",172,115,117,156,30,136
"COG3868",2,13,209,27,393,100
"COG3869",163,335,213,247,63,464
"COG3870",2,2,18,29,0,2
"COG3871",4,22,232,77,177,31
"COG3872",1001,623,1269,781,350,1072
"COG3874",0,0,0,0,0,42
"COG3875",501,665,2188,959,141,1753
"COG3876",1503,1233,2236,530,231,853
"COG3877",0,2,6,0,0,15
"COG3878",0,0,48,0,10,25
"COG3879",0,1,0,2,1,8
"COG3880",65,130,107,110,15,223
"COG3882",691,306,1798,669,270,1589
"COG3883",10,175,17,13,4,0
"COG3884",6,124,6,19,6,5
"COG3885",0,0,3,0,0,0
"COG3886",82,109,572,268,580,286
"COG3887",0,0,0,0,1,3
"COG3889",10,100,1695,402,128,1745
"COG3890",3,4,0,0,0,0
"COG3892",662,886,181,274,400,1289
"COG3893",406,833,681,843,187,165
"COG3894",1002,1253,1854,1276,131,4325
"COG3895",0,1,0,0,1,0
"COG3896",12,21,34,28,8,25
"COG3897",65,222,115,104,96,56
"COG3898",206,235,237,885,157,158
"COG3899",116,437,1280,394,243,1033
"COG3900",0,0,4,2,0,0
"COG3901",360,443,1113,756,900,457
"COG3903",9,79,43,70,19,109
"COG3904",1,3,5,7,29,15
"COG3905",0,8,1,1,0,1
"COG3907",58,73,149,64,111,860
"COG3908",225,104,106,320,173,169
"COG3909",288,485,135,453,195,58
"COG3910",21,59,46,17,5,61
"COG3911",128,106,116,223,63,187
"COG3913",2,0,49,0,12,0
"COG3914",5523,3003,2825,4052,1664,2242
"COG3915",0,10,39,7,65,6
"COG3916",3,0,34,14,12,7
"COG3917",4173,3190,2468,3568,1096,3156
"COG3918",0,5,0,0,0,0
"COG3919",42,40,134,86,75,97
"COG3920",74,86,195,537,325,1584
"COG3921",7,16,36,65,151,27
"COG3923",0,0,28,0,0,0
"COG3926",79,153,193,181,9413,97
"COG3930",141,152,251,197,229,82
"COG3931",266,257,312,360,74,194
"COG3932",10,30,132,57,71,27
"COG3934",35,491,186,127,132,401
"COG3935",6,9,57,16,5516,49
"COG3936",0,0,1,0,3,0
"COG3937",0,163,1,21,218,0
"COG3938",950,1105,1204,1000,390,2436
"COG3940",24,10,292,4,231,41
"COG3941",5,30,39,8,2947,0
"COG3942",6,0,20,19,18,8
"COG3943",9,49,179,34,100,67
"COG3944",8,2,37,3,0,2
"COG3945",11,81,1063,236,121,559
"COG3946",2,0,1,0,56,0
"COG3947",0,1,5,9,2,8
"COG3948",7,5,19,3,52,2
"COG3949",198,213,203,219,12,576
"COG3950",7,16,143,19,51,18
"COG3951",63,249,519,222,658,150
"COG3952",110,77,237,122,25,99
"COG3953",0,0,1,1,0,2
"COG3954",1465,1638,584,1689,1176,450
"COG3955",1,0,4,2,7,0
"COG3956",561,734,748,1134,228,878
"COG3957",16,73,394,94,426,48
"COG3958",1964,2131,2963,2102,1985,2602
"COG3959",1839,1862,3560,2095,2102,2580
"COG3960",0,3,113,7,95,0
"COG3961",9,45,225,98,45,40
"COG3962",3323,4265,1528,2344,983,3796
"COG3963",115,86,330,212,54,282
"COG3964",349,436,1477,752,124,1563
"COG3965",3,36,175,68,205,16
"COG3967",9,32,80,23,7,12
"COG3968",49,462,121,210,114,589
"COG3969",9,24,33,26,2073,78
"COG3970",501,501,997,601,91,463
"COG3971",2202,2185,2700,2537,968,1756
"COG3972",5,4,189,8,104,2
"COG3973",328,396,786,355,21,2793
"COG3975",303,1166,659,702,1595,735
"COG3976",0,0,5,0,4,2
"COG3977",104,101,329,117,39,521
"COG3978",0,0,30,0,18,22
"COG3979",2564,5552,3961,1222,423,1342
"COG3980",453,371,1651,532,671,670
"COG3981",11,10,82,16,12,44
"COG4006",0,0,0,0,0,0
"COG4012",1,2,12,2,0,11
"COG4021",0,16,56,5,35,3
"COG4032",1033,933,1926,1188,431,1663
"COG4034",41,10,23,28,2,0
"COG4043",7,0,4,1,6,0
"COG4044",0,1,4,2,0,2
"COG4046",3,74,936,210,69,1047
"COG4063",0,0,0,0,0,47
"COG4067",402,616,882,347,713,618
"COG4083",144,347,123,223,38,253
"COG4085",6,5,16,3,0,7
"COG4087",0,0,4,0,36,2
"COG4088",9,67,1,30,1,0
"COG4091",1243,1591,828,849,695,814
"COG4092",0,0,0,0,14,0
"COG4093",0,9,4,8,11,11
"COG4094",908,849,177,1421,503,203
"COG4095",478,168,86,328,181,216
"COG4096",795,685,1822,803,1676,596
"COG4097",1,87,119,55,169,9
"COG4099",910,1226,1848,369,60,629
"COG4100",1918,2179,84,2734,802,0
"COG4101",218,484,760,427,33,405
"COG4102",2201,3062,5009,1276,7085,2148
"COG4103",645,522,690,760,320,558
"COG4104",59,34,42,38,202,18
"COG4105",4666,2686,3693,3227,1518,3579
"COG4106",25,38,51,121,102,163
"COG4107",28,40,28,39,51,12
"COG4108",3218,3816,1608,4212,2136,1994
"COG4110",2,2,44,7,76,16
"COG4111",9,15,26,38,10,12
"COG4112",31,16,68,10,6,28
"COG4113",1,3,5,1,2,2
"COG4114",0,1,3,6,42,1
"COG4115",2,6,28,22,99,88
"COG4117",24,20,43,44,19,83
"COG4118",2,1,5,0,1,4
"COG4119",2,8,6,4,23,6
"COG4120",1,7,48,8,28,14
"COG4121",1837,1659,1305,2416,1225,903
"COG4122",3295,1819,2416,2151,956,3085
"COG4123",248,367,851,556,379,342
"COG4124",4,6,36,8,28,167
"COG4125",0,8,43,8,88,6
"COG4126",480,503,534,534,120,1339
"COG4127",53,94,82,57,82,22
"COG4128",0,0,96,4,20,13
"COG4130",66,15,43,42,21,53
"COG4132",0,1,30,5,69,4
"COG4133",962,823,1139,1100,509,759
"COG4134",117,228,304,283,141,183
"COG4135",87,159,247,277,186,169
"COG4136",18,39,94,89,62,48
"COG4137",154,216,586,260,527,664
"COG4138",6,14,201,50,166,0
"COG4139",0,0,37,0,1,0
"COG4143",782,889,759,796,208,1329
"COG4145",931,1658,1042,1006,175,1213
"COG4146",1183,1080,1094,3183,1586,3888
"COG4147",7105,8695,4669,4906,2824,3115
"COG4148",383,489,1859,816,518,1077
"COG4149",415,479,1156,621,357,1003
"COG4150",3,34,80,23,204,10
"COG4152",246,321,280,414,81,581
"COG4154",431,418,205,369,86,554
"COG4158",95,64,59,52,19,43
"COG4160",1776,878,1162,1030,744,1350
"COG4161",0,0,46,0,1,0
"COG4166",4836,4737,7979,5642,1300,6311
"COG4167",2,16,252,46,258,65
"COG4168",0,1,67,0,0,0
"COG4170",6,10,287,72,334,61
"COG4171",3,8,211,56,297,67
"COG4172",2431,2477,2345,2589,711,2261
"COG4174",1485,1495,2040,1553,388,2079
"COG4175",5884,4773,4396,4115,1800,5695
"COG4176",10599,8206,6925,6381,2951,9831
"COG4177",13770,12859,9274,10765,5302,11742
"COG4178",1078,1035,86,3940,1573,33
"COG4181",1274,1213,1416,1126,643,1867
"COG4185",1,2,54,6,29,36
"COG4186",3,7,42,1,41,2
"COG4187",0,0,3,23,4,2
"COG4188",874,969,413,3100,2008,2334
"COG4189",0,5,0,0,0,0
"COG4190",0,0,20,19,32,4
"COG4191",79,187,775,292,906,676
"COG4193",2,15,0,13,1,0
"COG4195",88,99,80,115,11,214
"COG4196",24,73,578,114,611,48
"COG4198",3069,1527,2781,735,142,1324
"COG4199",15,0,1,3,0,7
"COG4200",0,0,1,0,1,2
"COG4206",4015,3214,5558,4081,3059,5723
"COG4208",3,30,62,29,223,12
"COG4209",10,7,10,27,6,40
"COG4213",57,70,54,52,37,61
"COG4214",53,77,53,68,48,51
"COG4215",1853,1256,1196,1105,727,1280
"COG4219",26,30,335,134,411,97
"COG4220",2,5,15,18,263,3
"COG4221",2262,2268,4651,3111,1777,2828
"COG4222",22,81,667,172,566,212
"COG4223",8,119,43,98,32,35
"COG4225",242,215,1085,501,370,839
"COG4226",1,1,1,9,10,20
"COG4227",65,247,382,211,12996,155
"COG4228",0,4,12,2,10,0
"COG4229",1,186,99,41,392,21
"COG4230",1036,1592,2646,1662,2225,2777
"COG4231",2340,3062,2512,2998,630,3679
"COG4232",4743,4018,5236,4943,1994,5767
"COG4233",2236,1786,1522,2401,389,962
"COG4235",334,693,1144,807,695,911
"COG4239",1274,1244,1756,1433,355,1892
"COG4240",4423,2462,1902,3012,1746,1126
"COG4241",827,608,43,925,444,45
"COG4242",135,243,363,170,139,1445
"COG4243",1393,1609,170,2030,1157,20
"COG4244",1406,186,145,74,395,49
"COG4245",27,16,30,33,74,36
"COG4246",75,111,120,142,46,45
"COG4247",519,421,652,773,737,120
"COG4248",16,7,27,50,3,41
"COG4249",1383,833,908,971,224,2348
"COG4251",92,112,2152,527,1775,1877
"COG4252",3480,3542,2684,2797,27342,2451
"COG4253",2,43,130,20,84,11
"COG4254",201,132,97,264,2779,544
"COG4255",23,19,84,4,2,14
"COG4256",0,2,0,0,0,0
"COG4257",85,329,3188,1122,267,3275
"COG4258",8,0,187,14,110,371
"COG4259",1,0,37,18,26,22
"COG4260",191,136,87,197,42,112
"COG4261",3,4,95,9,66,274
"COG4262",49,218,1029,126,160,714
"COG4263",1,26,53,25,87,7
"COG4264",2,41,212,37,455,107
"COG4266",1843,1111,1460,1151,609,1688
"COG4267",0,0,32,14,196,7
"COG4268",61,53,356,161,194,173
"COG4269",118,144,418,171,128,882
"COG4270",573,654,499,698,104,558
"COG4271",0,0,130,19,83,34
"COG4273",0,0,0,6,3,1
"COG4274",860,688,470,436,327,424
"COG4275",0,6,44,28,275,13
"COG4276",1011,1841,2106,1534,145,1551
"COG4277",8,20,218,125,390,42
"COG4278",22,53,71,46,78,68
"COG4279",13,494,13,30,582,70
"COG4280",0,0,1,1,0,0
"COG4281",34,37,46,147,45,343
"COG4282",17,4,7,6,2,0
"COG4283",0,4,18,3,1,1
"COG4284",116,506,656,276,105,324
"COG4285",1,1,34,2,1,36
"COG4286",11,87,105,27,51,77
"COG4287",617,408,510,463,62,1016
"COG4288",2,3,2,8,1,15
"COG4289",2,10,40,5,13,247
"COG4290",0,1,0,0,1,4
"COG4291",3,36,7,4,2,1
"COG4292",1,6,66,2,65,32
"COG4293",67,168,557,213,30,292
"COG4294",378,860,269,774,21029,31
"COG4295",1,1,10,7,3,159
"COG4297",10,12,44,17,5,16
"COG4298",0,5,22,4,14,3
"COG4299",777,615,682,654,223,839
"COG4300",0,3,7,3,9,16
"COG4301",955,613,1811,743,498,1493
"COG4302",7,13,178,19,158,29
"COG4303",5,15,274,37,298,71
"COG4304",0,0,0,0,0,0
"COG4305",0,8,1,7,11,0
"COG4307",119,165,151,162,131,65
"COG4308",111,91,87,151,8,83
"COG4310",1306,520,1200,847,660,471
"COG4311",1456,1289,800,913,441,1134
"COG4312",0,12,14,1,47,34
"COG4313",12,58,19,12,30,7
"COG4314",2,2,10,7,34,0
"COG4315",39,45,91,75,12,143
"COG4317",0,0,3,0,0,0
"COG4318",0,80,1,18,483,0
"COG4319",56,71,129,75,169,123
"COG4320",1,136,225,78,373,23
"COG4321",50,77,114,86,77,84
"COG4322",19,17,19,54,119,7
"COG4323",197,133,268,237,728,169
"COG4324",265,330,432,332,184,1342
"COG4325",29,27,582,104,626,91
"COG4326",0,0,52,1,29,0
"COG4327",1030,1145,724,719,451,479
"COG4328",15,68,27,13,118,0
"COG4329",0,0,1,2,4,10
"COG4330",0,0,10,3,3,12
"COG4331",0,0,0,0,3,1
"COG4332",0,0,0,0,0,0
"COG4333",816,608,160,1183,556,452
"COG4334",0,0,5,0,2,0
"COG4335",3,25,99,15,11,96
"COG4336",138,154,279,509,165,530
"COG4337",184,517,158,926,380,53
"COG4338",41,40,26,18,31,12
"COG4339",41,72,91,52,40,84
"COG4340",21,37,106,42,340,123
"COG4341",2860,2201,2138,1963,879,2975
"COG4347",2,0,2,1,0,6
"COG4352",2,69,0,10,19,4
"COG4353",9,0,8,2,0,0
"COG4354",25,980,189,101,1013,226
"COG4357",0,2,1,0,3,0
"COG4359",82,38,267,142,5,106
"COG4360",986,734,53,1397,588,8
"COG4362",63,102,23,16,1,1
"COG4365",583,412,303,766,121,737
"COG4370",2503,2535,127,3839,1494,0
"COG4371",527,420,40,482,519,1
"COG4372",1012,928,49,1676,828,1
"COG4373",4,63,101,51,1124,7
"COG4374",0,0,2,0,0,10
"COG4377",0,0,3,9,0,0
"COG4379",0,3,2,1,11,1
"COG4380",5,5,74,24,57,51
"COG4381",0,0,2,0,6,0
"COG4382",0,10,30,16,82,2
"COG4383",6,53,111,40,1877,5
"COG4384",0,5,5,0,12,0
"COG4385",0,3,8,1,38,0
"COG4386",0,0,6,1,28,0
"COG4387",0,10,21,8,53,0
"COG4388",1,9,64,38,1241,1
"COG4389",1,2,2,7,6,13
"COG4390",9,1,8,5,6,1
"COG4391",63,83,63,54,48,91
"COG4392",1,7,37,19,15,53
"COG4393",0,1,2,0,1,14
"COG4394",1,2,53,6,56,0
"COG4395",2574,1501,1654,520,272,198
"COG4396",0,0,1,0,1,0
"COG4397",1,10,59,32,155,3
"COG4398",343,1137,1424,636,863,2095
"COG4399",79,132,341,177,367,230
"COG4401",723,452,461,777,357,170
"COG4402",3,56,20,39,15,56
"COG4403",18,110,50,45,57,21
"COG4405",41,32,114,54,14,148
"COG4409",588,534,653,615,88,1284
"COG4412",2794,3071,2918,3422,289,3760
"COG4413",2,5,7,1,0,30
"COG4420",43,44,47,25,86,17
"COG4421",1561,680,939,811,3322,1110
"COG4422",7,5,78,8,127,25
"COG4423",0,0,1,1,0,1
"COG4424",6,6,32,4,48,1
"COG4425",3,16,3,1,3,18
"COG4427",3,5,50,22,26,62
"COG4430",1,16,43,16,25,49
"COG4445",1110,1147,675,1457,906,665
"COG4446",1129,582,230,1267,310,229
"COG4447",1561,1654,943,2066,1358,1448
"COG4448",2826,3098,1557,2730,984,1956
"COG4449",0,1,1,2,0,0
"COG4451",603,878,75,784,274,408
"COG4452",84,78,68,27,152,52
"COG4453",0,2,17,2,18,5
"COG4454",1076,448,559,531,734,40
"COG4455",1,0,65,7,13,7
"COG4456",1,13,3,4,4,4
"COG4457",17,12,6,7,5,31
"COG4458",1,3,2,7,0,4
"COG4459",0,0,19,0,1,0
"COG4460",0,0,0,0,0,2
"COG4461",0,3,12,0,7,2
"COG4464",208,121,509,359,211,304
"COG4468",0,1,2,1,0,0
"COG4469",0,0,0,0,0,0
"COG4474",0,1,0,0,60,5
"COG4481",0,0,6,3,1,18
"COG4485",0,0,94,0,0,2
"COG4487",679,491,126,2256,1161,479
"COG4496",55,45,41,86,9,72
"COG4502",16,13,19,4,9,1
"COG4517",202,236,320,263,211,319
"COG4519",0,1,51,3,49,4
"COG4520",19,51,58,150,307,97
"COG4521",2269,2367,1045,1353,768,1304
"COG4525",1884,1635,926,992,578,1036
"COG4529",49,132,107,129,33,35
"COG4530",39,44,17,58,10,3
"COG4531",3461,2399,1751,1975,1058,1154
"COG4533",0,0,435,0,2,28
"COG4535",775,740,1059,786,548,1220
"COG4536",2077,1729,2146,2357,1046,1695
"COG4538",1,0,6,2,49,11
"COG4539",55,108,124,84,266,133
"COG4540",13,0,7,1,51,3
"COG4541",0,2,2,0,0,0
"COG4542",7,12,119,58,0,104
"COG4544",34,49,55,147,27,121
"COG4547",7584,5348,4311,5011,2587,2070
"COG4548",826,575,2566,1126,1715,3454
"COG4549",0,10,0,5,14,5
"COG4551",2,4,88,9,44,0
"COG4552",234,178,750,313,26,614
"COG4553",38,158,202,196,91,31
"COG4555",1080,770,936,825,420,891
"COG4558",944,472,723,185,248,180
"COG4559",701,352,672,151,265,289
"COG4564",8,19,272,39,160,490
"COG4565",6,36,56,18,55,279
"COG4566",18,41,258,125,201,86
"COG4567",2253,1809,1178,1209,738,618
"COG4568",0,7,70,17,104,0
"COG4569",93,167,360,138,174,81
"COG4570",14,32,44,55,4587,47
"COG4572",0,0,1,0,2,2
"COG4573",68,20,39,25,53,18
"COG4574",2,21,10,9,46,17
"COG4575",0,0,2,0,28,5
"COG4576",24,17,43,26,5,79
"COG4577",1045,1004,272,1043,572,314
"COG4579",309,296,783,416,915,2506
"COG4580",4,8,347,13,134,51
"COG4581",5520,6164,1053,6984,3539,1718
"COG4582",121,126,385,166,320,332
"COG4583",1463,1136,1048,1062,549,1053
"COG4584",58,119,1602,892,3768,784
"COG4585",83,42,541,513,1649,992
"COG4586",1647,1072,377,1676,684,304
"COG4587",1192,610,233,390,119,80
"COG4588",0,0,18,9,4,6
"COG4589",114,91,203,173,165,118
"COG4590",123,107,934,289,1069,113
"COG4591",8394,5396,8308,7084,2797,12064
"COG4592",0,0,28,0,39,0
"COG4594",1,2,40,1,6,1
"COG4597",6500,5445,3366,4067,2553,3218
"COG4598",76,128,257,153,247,779
"COG4603",3673,3984,2686,2977,1548,4921
"COG4604",22,4,128,11,5,4
"COG4605",0,2,138,0,3,7
"COG4606",1,0,133,0,16,16
"COG4607",0,5,166,8,91,9
"COG4608",3075,3353,6446,3529,728,9297
"COG4615",16,31,81,128,137,48
"COG4618",35,117,270,128,240,117
"COG4619",48,51,53,27,7,528
"COG4623",133,150,400,523,957,1069
"COG4624",12,127,4,39,21,19
"COG4625",249,679,650,292,217,122
"COG4626",30,91,177,67,13629,106
"COG4627",210,135,110,215,668,156
"COG4628",0,2,54,17,161,219
"COG4630",3170,2157,2920,2121,1286,3896
"COG4631",4711,3730,4282,3255,1987,6074
"COG4632",192,139,181,157,20,271
"COG4633",6,14,179,69,272,3
"COG4634",2,7,5,3,1,16
"COG4635",1633,327,519,300,533,49
"COG4636",0,6,15,3,1,23
"COG4637",9,37,155,125,163,60
"COG4638",14946,16222,14500,16521,4329,21932
"COG4639",56,220,204,71,582,3
"COG4641",85,63,264,264,10556,318
"COG4642",2820,3399,3198,2555,818,21398
"COG4643",91,226,463,247,9196,929
"COG4644",159,619,4782,2023,5546,259
"COG4645",0,11,22,24,12,7
"COG4646",21,56,250,484,2061,21
"COG4647",8,4,10,8,6,4
"COG4648",1,0,30,1,35,131
"COG4649",178,179,193,318,19,58
"COG4650",0,0,140,7,130,96
"COG4651",181,175,664,163,191,128
"COG4653",7,29,78,84,10926,85
"COG4654",19,160,95,43,118,77
"COG4655",0,13,23,10,12,1
"COG4656",23,160,875,237,948,1267
"COG4657",42,82,303,101,332,546
"COG4658",52,134,518,173,492,692
"COG4659",27,52,297,132,361,436
"COG4660",23,106,360,128,362,486
"COG4662",560,464,540,713,158,647
"COG4663",9639,11793,5972,7376,3925,6083
"COG4664",12431,12793,7438,9344,4506,8226
"COG4665",4158,4057,2499,3055,1804,2373
"COG4666",7195,5717,5432,5020,2715,4861
"COG4667",187,231,657,331,668,97
"COG4668",214,218,223,78,336,24
"COG4669",1,10,89,1,0,1
"COG4670",68,225,150,95,128,551
"COG4671",177,229,261,83,153,30
"COG4672",369,386,85,233,35731,34
"COG4674",1343,1086,803,1461,781,624
"COG4675",29,210,80,51,2746,41
"COG4676",3,15,11,10,30,19
"COG4677",17,29,926,329,1402,19
"COG4678",0,112,2,70,789,0
"COG4679",1,3,37,25,91,15
"COG4680",1,6,66,22,69,50
"COG4681",7,26,334,63,421,213
"COG4682",5,6,93,26,91,6
"COG4683",1,11,97,2,10,0
"COG4688",8,2,282,31,156,0
"COG4689",55,42,83,22,2,20
"COG4690",45,133,328,34,12,124
"COG4691",0,10,9,2,34,0
"COG4692",379,1749,342,789,312,838
"COG4693",0,0,10,0,1,0
"COG4694",8,1,37,33,37,14
"COG4695",409,248,430,402,36433,323
"COG4696",17,7,32,90,2225,28
"COG4700",1,5,267,2,47,131
"COG4701",0,0,23,0,28,43
"COG4702",0,4,2,0,4,0
"COG4704",305,213,265,317,49,298
"COG4705",3,1,71,5,23,8
"COG4706",0,1,33,2,32,108
"COG4710",0,0,0,0,3,0
"COG4711",0,0,0,0,0,0
"COG4712",7,13,44,17,4302,10
"COG4713",0,3,6,2,0,130
"COG4714",31,19,17,22,87,61
"COG4715",1,5,7,4,12,36
"COG4716",1,51,7,7,15,3
"COG4717",20,72,365,104,64,583
"COG4718",52,50,7,20,8117,2
"COG4719",0,0,2,6,11,3
"COG4720",0,0,59,0,0,2
"COG4721",1,0,7,0,1,2
"COG4723",169,158,31,86,18864,5
"COG4724",0,0,3,1,0,15
"COG4725",164,355,280,250,10671,64
"COG4726",0,0,0,0,42,0
"COG4727",0,1,1,2,1,1
"COG4728",10,31,144,57,185,76
"COG4729",1,7,3,2,42,2
"COG4731",137,167,122,221,82,286
"COG4733",1695,1642,477,800,156725,118
"COG4734",4,6,42,20,791,9
"COG4735",1,14,51,27,32,0
"COG4736",1,0,57,12,58,4
"COG4737",1,2,48,7,87,5
"COG4738",0,30,4,34,3,7
"COG4741",42,69,244,111,800,136
"COG4742",0,0,1,0,0,375
"COG4743",3,3,6,0,2,3
"COG4744",0,1,2,0,13,19
"COG4745",238,215,1117,595,26,325
"COG4746",1,0,4,0,0,1
"COG4747",57,95,57,98,9,122
"COG4748",27,36,50,69,40,29
"COG4750",4,13,21,8,6,7
"COG4752",70,13,319,46,4,59
"COG4753",107,96,1240,370,1256,828
"COG4754",0,1,9,1,1,0
"COG4757",10,34,388,90,478,25
"COG4759",110,86,330,149,23,645
"COG4760",1327,1777,1336,1545,175,1463
"COG4762",10,45,41,35,6,36
"COG4763",1,2,23,14,3,1
"COG4764",2471,1487,1586,492,276,302
"COG4765",1245,517,650,640,351,392
"COG4766",86,24,67,108,43,672
"COG4767",0,0,2,0,0,0
"COG4769",0,0,0,0,0,8
"COG4770",5194,7156,5972,6285,2361,7986
"COG4771",5720,4317,7330,1820,1430,1865
"COG4772",3436,2501,4393,3508,3148,2389
"COG4773",28,213,873,250,1631,69
"COG4774",1148,1440,1575,1411,1504,59
"COG4775",15431,10158,11024,12815,5148,11004
"COG4776",5,8,238,9,80,28
"COG4778",17,37,40,45,46,13
"COG4779",4,1,51,2,39,0
"COG4781",0,1,2,0,0,0
"COG4782",35,26,51,27,32,175
"COG4783",2040,1971,2385,2185,1096,2143
"COG4784",656,723,992,711,300,872
"COG4785",7,18,255,42,223,73
"COG4786",889,1237,1520,1151,644,1858
"COG4787",200,324,437,396,515,188
"COG4789",1,5,53,2,3,3
"COG4790",0,3,52,0,2,0
"COG4791",0,5,58,2,3,0
"COG4792",0,6,96,0,4,1
"COG4794",0,2,4,0,0,0
"COG4795",74,105,480,162,479,179
"COG4796",3409,2996,2963,2254,2083,2645
"COG4797",0,0,9,3,1,1
"COG4798",794,813,1093,927,521,1362
"COG4799",10421,17531,13245,13352,3430,15075
"COG4801",1,0,7,3,0,6
"COG4802",16,182,24,17,101,36
"COG4803",0,2,0,5,12,0
"COG4804",1,2,198,13,91,36
"COG4805",1110,1187,1367,3390,3171,6143
"COG4806",2,3,11,11,0,99
"COG4807",6,17,231,88,327,217
"COG4809",2,1,1,0,0,20
"COG4813",138,187,258,147,45,147
"COG4815",1,0,13,1,2,14
"COG4819",5,55,243,176,13,52
"COG4821",366,190,273,227,42,316
"COG4823",2,7,230,73,96,17
"COG4825",13,13,15,66,4,18
"COG4826",60,37,70,60,16,200
"COG4828",0,3,0,0,12,0
"COG4829",1,2,16,15,63,4
"COG4830",0,47,179,79,23,151
"COG4832",1,0,3,0,2,96
"COG4833",1,2,4,1,3,6
"COG4834",0,180,1,3,41,0
"COG4842",0,0,0,0,0,4
"COG4843",216,231,77,111,154,56
"COG4845",1,0,38,10,30,31
"COG4848",0,7,6,0,35,0
"COG4849",1,2,46,11,107,6
"COG4850",15,22,100,61,77,65
"COG4852",210,131,230,238,71,71
"COG4856",34,5,80,57,1,9
"COG4857",153,579,118,406,210,152
"COG4859",0,6,1,1,0,0
"COG4860",32,32,25,20,0,17
"COG4861",5,4,185,13,113,2
"COG4864",641,658,694,650,71,1290
"COG4865",1,0,17,0,5,15
"COG4866",15,22,122,33,2,17
"COG4867",430,559,822,803,106,1462
"COG4869",59,73,81,70,4,147
"COG4870",236,670,465,477,1226,67
"COG4872",6,20,76,72,12,33
"COG4874",632,613,671,816,417,782
"COG4875",105,90,309,201,94,192
"COG4877",10,9,1,14,0,0
"COG4878",2,0,11,3,12,16
"COG4880",946,2690,1394,1546,259,1550
"COG4886",3852,6800,5796,4172,6526,7911
"COG4887",0,7,0,0,1,0
"COG4888",4,25,0,16,0,2
"COG4889",1540,1381,1174,1032,13257,433
"COG4890",0,2,20,5,9,0
"COG4891",1,2,10,1,2,69
"COG4892",1,0,1,0,0,0
"COG4894",17,18,26,15,22,32
"COG4895",3,64,2,26,5,54
"COG4898",15,26,28,33,13,4
"COG4899",0,0,0,0,9,0
"COG4901",3,12,0,12,0,1
"COG4902",0,3,49,3,17,1
"COG4906",7,24,12,5,1,0
"COG4907",206,57,143,118,5,128
"COG4908",0,1,1,0,0,0
"COG4909",14,34,11,34,7,46
"COG4910",3,10,3,10,1,3
"COG4911",41,96,653,119,41,583
"COG4912",392,88,164,93,48,447
"COG4913",57,79,754,56,418,30
"COG4916",0,0,1,2,28,3
"COG4922",1,3,136,2,38,55
"COG4923",211,212,170,252,24,49
"COG4924",5,7,256,21,141,3
"COG4925",1,1,20,3,16,4
"COG4926",0,0,0,0,195,0
"COG4927",1,2,53,8,18,30
"COG4928",195,173,370,189,426,133
"COG4929",20,21,59,50,7,136
"COG4930",59,56,425,83,160,81
"COG4932",41,0,12,2,0,1
"COG4933",1,0,4,0,1,3
"COG4934",31,38,18,11,24,10
"COG4935",750,3107,1476,1634,266,1238
"COG4937",0,0,0,0,0,0
"COG4938",128,72,233,93,132,36
"COG4941",5,13,56,20,140,88
"COG4942",328,317,713,1401,825,1543
"COG4943",6,20,290,117,468,40
"COG4944",1,0,1,5,1,3
"COG4945",179,1129,127,533,500,36
"COG4946",518,938,1001,772,496,3447
"COG4947",0,0,20,0,0,29
"COG4948",17903,16021,30448,20638,5283,26969
"COG4949",29,159,157,171,196,210
"COG4950",20,40,125,105,4,46
"COG4951",34,52,260,168,1026,17
"COG4952",381,356,448,424,179,355
"COG4953",248,245,664,266,219,501
"COG4954",25,42,39,36,24,33
"COG4955",0,0,0,1,0,0
"COG4956",1424,1483,329,2242,790,329
"COG4957",43,87,133,106,28,48
"COG4959",4,32,71,28,66,11
"COG4960",0,3,27,7,5,0
"COG4961",12,50,313,106,367,43
"COG4962",247,452,975,513,269,497
"COG4963",16,38,160,105,48,51
"COG4964",84,153,562,211,109,182
"COG4965",15,48,317,101,70,65
"COG4966",22,46,173,35,100,225
"COG4967",3,5,49,1,19,49
"COG4968",14,18,249,27,164,421
"COG4969",33,50,434,138,237,178
"COG4970",6,37,184,29,163,264
"COG4972",204,227,400,1021,833,1405
"COG4973",1175,973,1394,1040,1075,1486
"COG4974",4378,3523,6244,4655,7041,7469
"COG4976",325,333,279,328,103,258
"COG4977",292,733,1083,863,1515,1793
"COG4978",5,9,11,11,3,4
"COG4981",2,1,0,12,0,3
"COG4982",2,6,0,1,0,1
"COG4983",343,942,294,590,15908,426
"COG4984",3,0,60,3,12,60
"COG4985",76,62,361,116,350,144
"COG4986",1,2,10,1,1,2
"COG4987",21,442,540,108,777,23
"COG4988",49,85,581,135,668,27
"COG4989",241,359,603,384,585,597
"COG4991",0,2,4,4,5,4
"COG4992",10077,9337,8650,9646,3562,8438
"COG4993",7062,8756,7859,7756,2389,15853
"COG4994",0,0,1,0,10,62
"COG4995",789,1099,1166,945,391,1981
"COG4997",7,15,38,12,711,17
"COG4999",0,0,156,0,5,0
"COG5000",6478,3062,5172,4539,2073,5889
"COG5001",817,1417,16490,4474,18621,2564
"COG5002",281,374,1952,550,1217,1239
"COG5004",0,0,2,0,2,0
"COG5005",0,1,2,0,81,1
"COG5006",86,88,165,168,315,25
"COG5007",116,120,234,121,117,249
"COG5008",62,135,817,185,832,366
"COG5009",4034,2790,3016,8505,4505,7862
"COG5010",1,15,133,24,15,13
"COG5011",44,1001,99,96,1235,34
"COG5012",805,786,2235,1174,164,2135
"COG5013",298,370,647,245,223,561
"COG5014",39,57,74,38,3,110
"COG5015",4,1,3,2,0,0
"COG5016",1304,1116,3161,1420,1318,3254
"COG5017",4,33,13,17,6,6
"COG5018",5,27,79,17,87,23
"COG5019",2,19,0,1,0,2
"COG5020",28,109,9,34,164,13
"COG5021",116,2213,147,518,222,42
"COG5022",171,1403,22,318,438,86
"COG5023",90,1061,15,173,258,71
"COG5024",23,378,5,70,34,7
"COG5026",6,9,0,2,28,32
"COG5027",20,447,6,106,42,4
"COG5028",22,466,3,118,137,7
"COG5029",39,284,60,111,47,84
"COG5030",6,147,2,14,18,2
"COG5031",22,148,39,80,162,5
"COG5032",265,3542,50,1008,1002,69
"COG5033",3,68,1,13,17,0
"COG5034",4,87,0,16,11,1
"COG5035",1,156,0,24,45,4
"COG5036",35,265,8,35,40,13
"COG5038",44,895,8,221,221,29
"COG5039",1,15,24,7,15,10
"COG5040",16,178,2,58,17,2
"COG5041",1,10,0,23,0,3
"COG5042",96,156,184,139,195,40
"COG5043",29,255,9,39,309,23
"COG5044",22,292,1,87,37,9
"COG5045",3,42,0,6,12,0
"COG5046",3,70,0,18,20,0
"COG5047",16,503,4,112,63,9
"COG5048",14,272,94,53,239,19
"COG5049",316,1179,192,600,886,48
"COG5050",36,134,50,48,24,627
"COG5051",2,12,0,13,0,1
"COG5052",11,78,0,18,10,1
"COG5053",59,94,32,86,107,9
"COG5054",138,145,76,186,308,17
"COG5055",6,23,7,7,4353,1
"COG5056",2,7,0,0,22,1
"COG5057",2,5,0,10,0,5
"COG5058",6,83,1,28,54,6
"COG5059",402,6452,48,1092,1155,164
"COG5061",8,278,3,41,52,0
"COG5062",4,120,0,21,1,0
"COG5063",16,98,6,38,3,5
"COG5064",43,540,5,76,100,24
"COG5065",3,33,0,3,0,1
"COG5066",9,91,2,14,2,4
"COG5068",1,52,2,14,1,2
"COG5069",14,145,2,10,119,9
"COG5070",1,28,0,24,20,3
"COG5071",11,130,1,17,13,1
"COG5072",15,141,7,59,46,0
"COG5074",8,88,2,28,37,3
"COG5075",2,78,1,5,5,1
"COG5076",115,1697,13,134,35,3
"COG5077",101,1521,16,347,201,27
"COG5078",220,1500,107,470,572,47
"COG5079",19,240,0,74,59,2
"COG5080",2,47,1,38,34,3
"COG5082",9,136,0,38,0,7
"COG5083",3,186,9,37,49,5
"COG5084",1,86,2,17,0,0
"COG5086",1,23,2,9,18,0
"COG5088",6,29,0,6,0,2
"COG5090",1,32,1,37,11,0
"COG5091",6,98,1,18,13,0
"COG5092",14,952,4,43,50,11
"COG5093",1,29,0,6,0,1
"COG5094",3,18,0,16,12,1
"COG5095",7,137,1,36,26,0
"COG5096",86,1249,12,322,245,10
"COG5097",2,13,0,1,0,0
"COG5098",21,442,2,82,61,1
"COG5099",21,373,3,84,16,3
"COG5100",0,10,0,0,0,0
"COG5101",38,371,4,100,68,6
"COG5102",6,75,0,25,13,0
"COG5103",5,90,2,7,154,13
"COG5104",12,162,4,46,1,0
"COG5105",8,65,1,22,1,1
"COG5106",9,83,2,29,8,0
"COG5107",25,293,1,70,33,4
"COG5108",1964,3506,1146,2785,101694,765
"COG5109",3,88,0,8,18,0
"COG5110",31,327,2,79,43,4
"COG5111",7,143,0,25,12,2
"COG5112",2,30,0,2,0,0
"COG5113",40,349,30,105,110,19
"COG5114",8,120,2,31,21,1
"COG5116",25,362,2,82,43,2
"COG5117",12,196,1,72,24,0
"COG5118",5,68,0,31,10,0
"COG5119",0,0,0,1,15,0
"COG5120",2,46,1,13,0,0
"COG5122",0,12,0,15,1,0
"COG5123",5,11,1,15,0,0
"COG5124",3,65,1,10,4,0
"COG5125",0,1,0,0,0,0
"COG5126",202,2021,26,428,378,165
"COG5127",4,131,3,44,14,1
"COG5128",2,41,0,19,15,0
"COG5129",0,14,0,1,11,0
"COG5132",6,58,0,18,1,2
"COG5133",1,45,0,17,0,1
"COG5134",4,225,2,25,39,0
"COG5135",478,628,115,997,309,1
"COG5137",4,33,0,17,17,0
"COG5138",1,31,0,2,0,0
"COG5139",10,61,1,27,22,3
"COG5140",57,206,20,87,86,12
"COG5141",63,1008,12,264,122,3
"COG5142",1,117,0,22,1,10
"COG5143",16,332,1,46,48,7
"COG5144",7,150,0,26,12,2
"COG5145",0,3,0,0,10,0
"COG5146",16,210,0,75,30,1
"COG5147",115,1512,12,437,83,72
"COG5148",9,138,0,30,7,1
"COG5149",0,5,0,0,0,0
"COG5150",0,12,0,13,0,0
"COG5151",12,117,1,38,8,2
"COG5152",7,100,1,37,18,2
"COG5154",4,148,0,23,14,5
"COG5155",2,44,3,25,102,2
"COG5156",7,146,1,24,13,3
"COG5157",2,144,1,34,8,0
"COG5158",57,884,9,205,157,7
"COG5159",21,338,3,74,53,0
"COG5160",28,481,4,111,113,15
"COG5161",13,345,4,54,72,0
"COG5162",1,43,0,15,1,0
"COG5163",16,195,2,47,10,5
"COG5164",20,403,0,84,23,3
"COG5165",9,285,0,47,16,3
"COG5167",0,59,0,2,0,0
"COG5169",12,206,0,42,10,13
"COG5170",6,158,0,35,32,3
"COG5171",3,48,1,8,10,0
"COG5173",1,1,1,4,114,0
"COG5174",0,0,0,0,17,0
"COG5175",5,65,0,14,13,0
"COG5176",15,357,2,81,25,2
"COG5177",12,217,2,58,39,0
"COG5178",45,741,5,158,118,10
"COG5179",16,374,2,105,98,0
"COG5180",9,97,0,22,1,0
"COG5181",23,415,3,86,3,1
"COG5182",6,127,0,27,36,4
"COG5183",16,8,2,26,16,1
"COG5184",2178,12491,2302,3402,35859,1299
"COG5185",1,6,0,1,0,0
"COG5186",20,219,1,55,37,4
"COG5187",13,247,1,74,37,3
"COG5188",2,170,2,38,3,2
"COG5190",40,682,7,198,68,8
"COG5191",8,56,1,40,28,3
"COG5192",17,193,2,84,2,0
"COG5193",8,128,2,32,5,2
"COG5194",3,52,3,21,7,0
"COG5196",8,130,1,48,45,8
"COG5197",3,63,0,15,0,0
"COG5198",4,101,5,19,26,1
"COG5199",1,31,0,0,1,5
"COG5200",0,141,1,3,10,0
"COG5201",8,22,1,23,25,20
"COG5202",0,107,3,32,2,0
"COG5204",0,15,0,5,0,2
"COG5206",3,115,4,23,49,1
"COG5207",19,286,1,61,28,3
"COG5208",2,84,0,29,16,3
"COG5209",5,125,3,9,0,1
"COG5210",106,1046,12,241,212,25
"COG5211",4,55,0,19,0,0
"COG5212",0,1,3,1,1,28
"COG5213",4,2,0,1,0,1
"COG5214",3,84,1,17,17,9
"COG5215",50,689,6,155,146,12
"COG5216",1,40,0,2,0,1
"COG5217",4,136,0,38,1,1
"COG5218",10,303,1,83,62,1
"COG5219",20,346,2,124,77,0
"COG5220",0,14,0,0,0,0
"COG5222",10,170,0,51,9,3
"COG5223",1,91,1,22,1,1
"COG5224",4,42,0,13,0,0
"COG5225",2,17,0,7,21,0
"COG5226",134,1528,108,314,732,3
"COG5227",5,93,1,12,0,11
"COG5228",15,108,1,13,5,0
"COG5229",21,189,2,12,16,0
"COG5230",10,59,1,19,2,0
"COG5231",9,151,1,38,2,0
"COG5232",1,37,0,25,26,2
"COG5233",0,1,0,0,0,2
"COG5234",19,393,2,109,72,1
"COG5235",1,80,0,27,8,0
"COG5236",0,57,0,6,17,1
"COG5237",0,52,0,8,9,0
"COG5238",24,459,3,136,111,10
"COG5239",36,499,8,173,116,5
"COG5240",16,164,0,43,9,5
"COG5241",7,27,2,16,11,0
"COG5242",4,73,0,23,9,0
"COG5243",4,121,3,27,61,1
"COG5244",5,6,1,2,14,3
"COG5245",480,6324,51,1073,3468,234
"COG5246",3,54,0,5,0,1
"COG5247",1,45,0,13,0,0
"COG5248",2,33,0,19,0,0
"COG5249",2,60,0,6,6,4
"COG5250",1,38,0,10,0,0
"COG5251",1,14,0,14,0,0
"COG5252",15,221,0,72,0,1
"COG5253",45,516,2,131,185,35
"COG5254",0,0,0,1,0,3
"COG5255",33,85,35,83,50,157
"COG5256",558,2470,1499,1187,374,1560
"COG5257",361,1602,1403,967,186,1484
"COG5258",51,207,30,133,31,4
"COG5259",10,187,1,60,22,2
"COG5260",56,865,11,361,169,29
"COG5261",3,3,0,0,0,0
"COG5262",26,297,4,59,46,6
"COG5263",0,0,0,1,4,1
"COG5264",27,24,11,0,5,2
"COG5265",546,1494,1250,1343,855,1910
"COG5266",0,0,17,1,42,1
"COG5267",2193,2608,6985,3991,458,6895
"COG5268",2,1,26,5,30,7
"COG5269",6,157,0,46,35,3
"COG5271",89,1046,53,296,2389,42
"COG5272",105,1019,100,225,1116,60
"COG5273",69,1161,7,321,128,21
"COG5274",65,898,14,260,158,21
"COG5275",6,123,0,5,15,0
"COG5276",1048,648,1201,1272,124,1580
"COG5277",21,313,5,247,185,33
"COG5278",10,12,136,93,257,60
"COG5279",13,3,10,13,12,842
"COG5280",5,4,14,6,267,9
"COG5281",103,385,294,205,27679,147
"COG5282",316,245,261,313,22,704
"COG5283",113,104,155,88,27395,80
"COG5285",9385,9050,9856,8589,1934,17920
"COG5290",22,346,1,92,2,1
"COG5291",8,166,1,40,31,6
"COG5293",0,16,31,8,92,45
"COG5295",60,216,147,177,6464,167
"COG5296",11,143,1,37,36,1
"COG5297",9,110,32,34,584,51
"COG5301",901,2115,493,967,34246,278
"COG5302",1,3,21,16,50,2
"COG5304",0,1,1,2,0,25
"COG5305",184,46,163,67,133,448
"COG5306",111,156,450,183,112,308
"COG5307",74,1419,7,318,79,5
"COG5308",7,278,1,82,16,0
"COG5309",34,52,78,93,4,282
"COG5310",2,8,13,20,53,2
"COG5314",6,16,123,42,122,19
"COG5316",639,407,719,433,46,1053
"COG5317",1,4,16,8,7,9
"COG5319",1662,779,869,947,831,437
"COG5321",53,121,90,82,50,27
"COG5322",1309,1452,121,1972,812,15
"COG5323",8,35,104,76,12373,40
"COG5324",0,0,6,3,3,3
"COG5325",23,192,2,49,35,1
"COG5328",119,200,119,257,42,24
"COG5329",19,415,3,89,71,4
"COG5330",11,81,73,75,37,44
"COG5331",107,56,71,326,168,665
"COG5333",9,210,1,64,32,9
"COG5336",841,701,408,406,207,227
"COG5337",3111,2408,2250,2450,184,5181
"COG5338",5,3,39,29,19,3
"COG5339",1,0,107,3,12,65
"COG5340",0,2,4,2,2,7
"COG5342",16,52,23,66,14,3
"COG5343",1,4,15,16,114,12
"COG5345",117,216,558,241,640,369
"COG5346",0,1,0,0,7,1
"COG5347",42,656,5,122,80,10
"COG5349",97,126,77,115,44,25
"COG5350",170,93,138,164,35,48
"COG5351",16,32,69,34,41,5
"COG5352",2188,1321,1184,1231,524,517
"COG5354",20,339,4,98,61,11
"COG5360",6305,2790,3509,3896,1569,1602
"COG5361",3,148,64,60,512,459
"COG5362",313,617,360,567,92036,316
"COG5368",80,106,111,124,43,166
"COG5369",0,0,0,0,26,0
"COG5371",23,498,9,148,78,5
"COG5373",92,74,588,128,384,538
"COG5375",49,79,102,104,18,10
"COG5377",35,94,367,127,6977,113
"COG5379",77,378,81,192,62,127
"COG5380",2,14,161,27,200,14
"COG5381",2,5,0,1,2,0
"COG5383",0,7,10,9,70,8
"COG5384",9,91,1,41,4,0
"COG5385",28,50,71,60,16,42
"COG5387",158,348,199,354,49,27
"COG5388",0,8,16,4,7,3
"COG5389",265,216,230,300,46,45
"COG5391",12,376,2,59,66,6
"COG5393",0,0,0,0,2,0
"COG5394",76,194,203,59,33,23
"COG5395",5,75,24,37,15,14
"COG5397",0,0,0,2,3,0
"COG5398",2442,1447,204,1564,4441,5
"COG5400",23,33,71,61,13,44
"COG5401",25,6,0,1,0,0
"COG5402",124,141,30,58,76,59
"COG5403",0,1,6,6,0,0
"COG5404",1,1,23,6,15,1
"COG5405",2426,2319,2002,1614,998,1794
"COG5406",13,318,4,88,84,2
"COG5407",28,229,3,20,7,3
"COG5409",9,373,0,46,31,0
"COG5410",522,1211,942,1090,134934,557
"COG5411",42,445,3,113,111,17
"COG5412",29,32,10,16,1690,6
"COG5413",475,296,58,360,446,0
"COG5419",4,16,65,19,50,13
"COG5421",27,118,1465,450,1438,423
"COG5422",3,57,1,9,0,8
"COG5423",0,0,129,7,1,35
"COG5424",1152,783,1846,904,538,933
"COG5425",22,44,22,23,234,68
"COG5426",34,68,214,206,27,312
"COG5427",1003,600,3704,1490,117,881
"COG5428",0,0,0,2,0,3
"COG5429",25,65,198,101,174,70
"COG5430",3,0,19,27,112,16
"COG5431",0,0,5,1,0,0
"COG5432",1,32,0,5,0,0
"COG5433",60,182,1618,224,1898,454
"COG5434",85,191,383,258,505,94
"COG5436",107,74,56,45,58,84
"COG5437",2,7,22,9,1559,12
"COG5438",64,61,82,91,13,15
"COG5439",1,1,0,1,1,0
"COG5440",25,255,27,142,6,13
"COG5441",148,211,238,70,17,69
"COG5442",13,32,41,33,14,2
"COG5443",41,49,57,57,11,27
"COG5444",0,9,183,0,3,0
"COG5446",60,85,139,97,16,619
"COG5447",41,68,54,129,19,1
"COG5448",3,4,43,39,72,22
"COG5449",2,7,26,18,124,13
"COG5450",0,1,0,0,0,38
"COG5451",0,0,1,0,1,1
"COG5452",391,241,326,322,63,125
"COG5453",0,9,34,4,3,18
"COG5454",21,32,22,19,3,5
"COG5455",0,0,2,0,0,0
"COG5456",1,7,22,15,13,5
"COG5457",0,2,1,1,0,1
"COG5458",138,166,156,248,42,44
"COG5459",18,220,77,15,2,31
"COG5460",7,4,99,23,61,38
"COG5461",1,7,19,24,1,2
"COG5462",5,6,10,9,3,7
"COG5463",29,59,217,76,210,11
"COG5464",6,43,15,13,49,20
"COG5465",357,275,320,416,70,72
"COG5466",0,1,0,0,0,0
"COG5467",699,231,443,223,88,308
"COG5468",0,1,7,1,1,0
"COG5469",67,39,17,148,7,1
"COG5470",1786,1281,1156,1402,480,1156
"COG5471",0,1,0,0,0,0
"COG5472",9,9,13,5,2,0
"COG5473",3,28,269,59,267,122
"COG5474",0,201,7,9,245,0
"COG5476",1671,2444,3050,2041,335,3761
"COG5477",182,131,74,101,111,167
"COG5478",0,0,0,0,0,0
"COG5479",131,255,323,178,799,301
"COG5480",1,7,22,7,4,3
"COG5481",1,1,2,7,1,5
"COG5482",10,32,33,40,4,99
"COG5483",9,8,45,10,13,34
"COG5484",0,2,56,4,80,2
"COG5485",184,122,167,182,25,336
"COG5486",299,336,281,361,84,285
"COG5488",107,184,140,173,33,27
"COG5489",6,18,45,44,59,27
"COG5490",1,20,8,8,10,12
"COG5491",23,318,1751,153,57,485
"COG5492",17,45,41,11,141,40
"COG5493",4,15,5,1,70,10
"COG5495",131,174,527,321,20,549
"COG5496",110,178,201,152,8,257
"COG5497",3,1,3,0,1,0
"COG5498",163,355,163,381,65,250
"COG5499",4,7,126,19,71,49
"COG5500",1,16,29,4,14,0
"COG5501",364,311,296,332,79,242
"COG5502",0,2,8,4,2,7
"COG5504",0,0,19,0,1,4
"COG5505",459,674,479,630,186,1136
"COG5507",3,20,75,46,125,35
"COG5508",0,1,2,2,1,0
"COG5509",0,0,1,0,0,0
"COG5511",349,172,209,88,36288,202
"COG5512",4,161,29,15,268,13
"COG5513",4,5,15,2,6,0
"COG5514",57,50,27,58,6,20
"COG5515",25,40,22,50,14,2
"COG5516",2,2,27,1,10,6
"COG5517",68,260,320,257,144,300
"COG5518",2,8,33,7,4502,141
"COG5519",55,167,427,327,6794,78
"COG5520",339,298,205,352,57,525
"COG5522",1665,1140,1181,1387,138,1076
"COG5523",34,67,38,89,16,70
"COG5524",2,0,2,2,0,0
"COG5525",426,221,251,165,47550,325
"COG5526",0,1,0,0,0,0
"COG5527",4,1,11,17,84,198
"COG5528",1,2,6,7,57,5
"COG5529",2,0,2,1,152,39
"COG5530",12,32,17,13,4,21
"COG5531",56,244,61,95,194,41
"COG5532",1,2,19,0,44,0
"COG5533",154,686,109,291,609,36
"COG5534",15,23,2060,79,242,79
"COG5535",12,188,2,57,25,3
"COG5536",18,239,0,78,19,1
"COG5537",22,278,1,84,83,4
"COG5539",14,225,1,35,40,3
"COG5540",54,306,24,104,143,5
"COG5541",0,61,0,24,8,0
"COG5542",6,129,8,34,28,98
"COG5543",11,139,3,43,88,0
"COG5545",562,1045,336,1115,28009,1165
"COG5549",0,244,4,10,405,0
"COG5551",0,0,7,0,0,0
"COG5552",1,0,5,0,1,34
"COG5553",83,260,208,266,23,245
"COG5555",10,5,13,12,8,36
"COG5556",0,0,2,0,16,1
"COG5557",1504,1388,1857,1630,266,2522
"COG5560",55,341,20,95,56,11
"COG5562",0,0,0,0,0,0
"COG5563",63,93,288,68,48,111
"COG5564",60,75,110,84,22,132
"COG5565",11,52,213,56,5739,90
"COG5566",0,5,1,4,16,0
"COG5568",0,2,0,1,0,1
"COG5569",1,1,2,2,23,3
"COG5571",2,4,0,3,47,13
"COG5572",2,4,16,1,34,35
"COG5573",13,32,13,15,1,24
"COG5574",8,95,2,22,25,0
"COG5575",7,148,1,28,13,1
"COG5576",0,1,0,0,9,3
"COG5579",31,15,26,13,9,15
"COG5580",3,169,2,34,36,14
"COG5581",1,0,48,3,75,1
"COG5583",0,0,3,0,24,0
"COG5585",1,30,2,2,2024,1
"COG5586",0,1,0,0,0,20
"COG5587",48,76,92,101,41,525
"COG5588",340,472,323,381,92,563
"COG5589",61,68,173,98,82,124
"COG5590",312,350,297,430,86,105
"COG5591",1,7,48,31,110,1
"COG5593",10,195,0,50,42,1
"COG5594",47,929,10,266,13,17
"COG5595",0,0,69,0,34,0
"COG5596",14,232,1,50,18,1
"COG5597",20,181,27,52,230,53
"COG5598",1541,2680,2505,2330,415,11797
"COG5599",3,0,0,1,0,2
"COG5600",5,122,3,37,21,1
"COG5601",12,121,0,41,11,0
"COG5602",21,243,101,92,60,23
"COG5603",1,39,0,6,3,0
"COG5604",6,216,2,50,33,6
"COG5605",1058,420,480,402,72,455
"COG5606",1,4,11,5,30,9
"COG5607",16,92,24,27,23,3
"COG5608",1,9,58,10,54,17
"COG5610",8,2,53,14,22,4
"COG5611",5,3,15,8,7,7
"COG5613",0,0,22,0,0,0
"COG5614",0,1,5,2,845,0
"COG5615",0,8,9,14,44,3
"COG5616",5119,4380,4709,4952,1172,8409
"COG5618",80,18,35,32,12,6
"COG5619",1,0,54,0,34,0
"COG5620",0,0,3,1,12,0
"COG5621",159,341,1308,411,354,414
"COG5622",3,3,19,26,14,10
"COG5623",7,140,0,30,9,3
"COG5624",3,43,0,3,0,1
"COG5626",8,13,60,19,58,57
"COG5628",1,1,7,6,0,7
"COG5630",39,56,19,27,5,12
"COG5631",2,24,19,18,18,4
"COG5632",31,14,6,12,410,10
"COG5633",9,7,37,3,1,0
"COG5635",862,444,304,964,58,98
"COG5636",6,87,1,12,0,1
"COG5637",533,483,33,725,280,16
"COG5638",8,224,1,12,6,0
"COG5639",2,3,28,12,25,3
"COG5640",288,440,617,554,1742,223
"COG5641",0,43,0,5,2,0
"COG5642",0,11,47,19,128,9
"COG5644",0,94,1,11,1,0
"COG5645",0,0,0,0,21,0
"COG5646",0,0,10,0,1,1
"COG5647",55,733,8,181,147,25
"COG5648",38,175,17,57,76,3
"COG5649",0,1,5,1,0,0
"COG5650",0,4,2,0,0,2
"COG5651",6,14,10,39,6,58
"COG5652",23,23,17,26,0,73
"COG5653",181,56,161,81,46,48
"COG5654",0,7,39,13,38,26
"COG5655",17,0,22,13,23,70
"COG5656",17,308,4,71,76,5
"COG5657",43,614,6,151,4,8
"COG5658",1,3,9,12,9,28
"COG5659",5,15,18,12,27,89
"COG5660",97,57,104,197,10,304
"COG5661",22,65,57,24,20,34
"COG5662",0,5,3,3,1,5
"COG5663",2,45,29,33,4197,37
"COG5664",0,0,1,0,0,0
"COG5665",8,129,0,28,30,1
