"","NOM009","DOM019","DLM002","DLM020","DLF007","NLM002","NLM007","NOM020","NOM019","DLM010","DOF014","DLM005","NLM016","NOM015","NOM001","DOM008","NLM032","NLM031","NOM029","DLM027","DOM021","NLM010","DLM023","NOM013","NOM018","DOF004","NOF006","DLM006","DLM015","NOM012","NLF007","NOF011","NOM008","DLM024","NLM026","DLF013","DLM018","NLM009","DLF014","NOF012","DLM001","DOM018","DLM003","NLM004","NOF010","DLF008","NOM007","NOM022","DOM015","NOF013","DLM021","NOM014","NOF002","NOM010","DLM016","DOM010","NLM029","DLM012","DLM017","DLF005"
"COG0001",54,39,90,36,55,22,52,21,152,38,116,71,37,60,204,36,94,112,71,47,33,82,52,65,69,87,48,38,50,78,164,132,76,178,93,251,139,63,221,91,165,291,84,120,52,116,130,52,301,87,98,78,180,142,88,163,203,76,171,141
"COG0002",429,455,430,444,349,244,482,499,441,408,477,388,394,411,480,444,408,424,447,382,482,420,478,421,447,466,395,372,428,456,495,407,426,245,425,398,488,471,529,295,477,534,400,402,426,259,320,438,419,345,488,500,391,416,422,393,428,475,531,412
"COG0003",2,148,50,90,162,27,45,30,51,14,98,96,5,107,34,23,7,18,23,125,198,108,114,93,35,55,151,43,18,14,24,112,121,1,32,156,92,18,146,123,32,52,30,9,24,206,21,37,36,165,24,157,118,101,47,143,28,28,9,2
"COG0004",311,232,288,161,88,222,83,247,255,154,201,186,286,243,400,112,228,200,221,320,135,222,260,193,186,169,160,214,204,257,714,438,473,337,659,501,578,822,822,305,503,766,287,745,657,276,443,625,434,515,547,428,522,522,469,398,598,560,788,624
"COG0005",207,215,271,265,236,399,205,319,360,172,196,254,378,234,388,315,225,262,186,270,313,242,185,270,234,261,252,266,199,304,329,298,314,262,308,250,192,400,231,175,306,276,338,326,333,297,289,312,308,269,262,191,252,217,244,222,279,94,275,237
"COG0006",1160,1260,1035,1242,1352,1706,1281,1270,1224,1410,1168,1158,1424,1454,1352,1353,1137,1286,1302,1120,1264,1081,1186,1085,1281,1299,1195,1301,1297,1050,1173,1333,1360,944,1147,1128,1257,1393,929,1083,1341,1109,1407,1240,1248,1221,1150,1545,1276,1106,1286,1405,1198,1435,1317,1472,1093,914,1307,1187
"COG0007",193,92,162,54,66,49,138,74,173,192,126,113,12,52,831,59,201,76,144,151,62,201,131,190,182,167,35,102,132,71,116,65,56,263,79,130,185,91,291,63,113,163,73,129,53,160,86,97,115,60,48,104,187,92,64,205,202,160,144,183
"COG0008",1486,1323,1468,1166,840,1499,1363,1696,1810,1194,1322,1440,1704,1318,1818,1004,1487,1348,1237,1578,1194,1221,1575,1410,1367,1312,1022,1318,1261,1607,1438,1340,1199,932,1540,1487,1592,2071,1325,1479,1643,1481,1116,1478,1428,870,1445,1388,1284,1155,1472,1210,1262,1325,1274,1329,1430,1382,1636,1411
"COG0009",529,507,509,491,587,430,687,389,604,494,546,570,360,548,327,567,560,575,565,524,604,576,505,543,584,613,538,530,536,443,560,504,506,368,584,599,537,305,531,509,561,577,554,408,430,462,493,554,635,511,574,659,456,559,528,517,536,486,479,530
"COG0010",130,141,120,177,165,53,178,137,208,178,130,160,273,183,67,234,119,79,164,147,96,229,262,129,56,136,172,82,180,126,123,196,69,329,272,159,109,41,75,300,180,183,256,50,137,314,111,81,173,151,191,109,133,107,213,210,151,110,111,140
"COG0011",3,3,4,1,14,6,1,0,3,3,15,41,0,1,7,19,4,1,14,57,5,11,13,6,14,15,3,0,1,3,5,10,3,29,10,30,34,1,148,16,17,8,9,10,2,17,7,5,53,14,4,3,4,11,3,3,14,210,1,5
"COG0012",584,483,503,463,329,742,600,587,616,456,549,477,553,451,601,445,542,470,547,667,539,493,538,518,503,512,335,591,402,534,226,180,201,107,259,208,245,218,237,256,241,242,182,248,236,121,244,177,212,181,225,213,199,178,238,213,221,210,286,243
"COG0013",1011,1289,1066,1031,724,1372,1270,1192,1231,1066,1117,1119,1234,1335,1290,1042,1142,1248,901,1359,1126,1109,1230,1111,1103,1114,945,1178,1111,1110,1316,1178,1220,542,1281,1177,1309,1152,1180,1827,1298,1224,1059,967,1143,731,1088,1020,1177,970,1307,1143,1104,1186,1217,1312,1392,1247,1343,1170
"COG0014",467,635,402,505,369,478,602,456,582,459,549,377,540,599,683,489,533,543,557,585,619,480,551,432,548,594,486,468,579,360,537,477,559,253,493,495,533,321,591,345,645,754,394,559,503,367,376,551,641,505,602,626,501,543,565,655,516,562,614,503
"COG0015",767,634,654,502,536,855,672,670,829,609,629,763,696,588,829,554,616,632,585,916,612,606,679,629,700,591,484,710,509,665,724,552,549,337,701,701,761,911,843,475,704,589,652,632,653,514,669,611,626,563,596,575,576,620,587,628,641,771,701,662
"COG0016",372,543,481,446,422,570,507,388,535,437,515,481,560,527,400,492,464,537,432,534,510,473,451,463,472,525,416,526,516,497,518,500,531,217,548,519,468,395,454,620,526,551,510,417,441,356,637,487,479,387,533,523,510,516,557,564,543,494,509,527
"COG0017",924,703,565,636,508,760,732,691,602,502,519,614,654,723,742,485,796,736,697,606,589,587,861,585,662,531,554,607,573,612,719,705,686,406,718,616,572,625,412,630,651,693,661,640,648,490,714,651,550,590,722,639,624,619,742,623,575,317,730,634
"COG0018",915,817,783,729,633,863,1036,800,1010,830,789,827,968,1024,811,715,898,795,689,914,932,817,829,916,887,748,712,808,786,818,358,290,335,177,370,325,373,300,381,444,365,364,322,315,314,205,368,345,384,297,368,351,279,338,343,345,383,363,380,356
"COG0019",1109,1045,1075,864,781,1250,943,919,913,935,924,907,993,868,1063,941,1005,910,859,1076,870,998,1042,898,979,1160,886,1123,1021,940,951,795,798,555,952,929,1202,1172,988,772,973,1100,792,915,972,692,1142,1071,798,871,951,946,836,950,844,786,927,909,972,955
"COG0020",356,306,401,348,355,424,383,381,412,352,404,398,478,285,493,303,404,343,368,433,317,360,351,400,365,326,299,422,272,428,365,398,306,143,414,371,398,535,449,390,363,403,360,459,328,325,415,466,372,341,307,349,341,349,330,312,349,434,400,452
"COG0021",409,446,493,503,402,1034,426,886,598,535,439,598,646,462,667,502,269,440,553,609,587,537,283,618,516,629,408,617,451,480,459,428,463,600,272,324,644,748,693,571,596,371,507,478,563,390,569,621,452,345,420,559,350,561,485,469,540,660,630,443
"COG0022",12,105,97,416,261,19,67,33,84,43,50,110,10,176,22,318,43,167,180,78,55,208,76,58,21,156,317,116,261,56,83,264,122,49,51,157,37,9,74,96,264,121,265,35,124,235,33,22,207,256,188,81,267,163,94,71,72,43,53,36
"COG0023",19,84,47,102,162,40,103,62,59,124,135,92,11,124,12,126,35,102,154,9,140,69,54,76,75,122,170,58,105,37,45,114,135,57,60,87,83,26,20,87,79,78,144,6,88,139,49,67,98,95,120,150,124,118,121,120,52,30,62,80
"COG0024",693,643,651,558,590,953,733,621,631,613,711,632,775,750,486,552,716,607,693,599,616,638,576,705,855,593,616,827,623,571,306,258,290,123,280,307,340,272,267,329,237,296,297,276,213,188,374,343,235,238,235,322,233,301,287,278,322,174,251,297
"COG0025",269,139,107,44,59,132,117,121,93,392,180,91,21,51,79,98,75,115,230,398,72,99,69,78,271,171,51,77,88,117,137,51,107,387,170,102,194,17,432,50,96,74,99,112,70,126,122,53,39,32,37,72,89,85,152,209,209,944,81,250
"COG0026",25,28,12,11,15,39,12,27,49,46,54,76,5,33,14,11,33,7,33,246,30,29,30,34,29,46,17,6,14,12,8,39,10,178,13,42,48,5,237,34,69,24,43,22,50,24,10,7,13,8,35,23,13,35,33,41,14,339,17,9
"COG0027",96,266,180,273,269,597,251,416,186,351,245,243,406,203,271,333,94,200,230,165,332,195,144,211,248,248,265,246,251,208,214,214,284,174,154,209,278,351,214,137,344,262,288,189,345,155,205,347,241,189,302,300,164,227,242,309,106,376,280,201
"COG0028",1469,1331,1052,1200,1004,889,1182,1206,929,1143,978,908,926,1171,1104,1352,1239,1181,1282,1373,932,1141,1206,996,1378,1168,1160,1109,1114,985,1204,1144,1088,2033,898,1073,1187,1390,1455,643,1169,1280,1062,1119,1158,1053,857,932,1466,1119,1180,1022,1500,1169,1019,1038,1051,1713,1106,888
"COG0029",196,260,163,223,193,377,265,284,231,195,229,185,267,264,217,211,188,238,298,167,257,232,152,182,239,245,218,241,229,166,522,497,656,333,526,579,652,563,533,325,662,636,465,625,514,495,508,568,655,489,567,616,551,546,595,599,455,351,609,582
"COG0030",640,439,764,543,819,541,610,549,623,470,622,1136,479,485,625,514,801,605,585,473,751,618,674,1088,735,757,418,720,556,904,750,656,441,457,702,771,601,854,971,913,502,496,659,779,442,266,750,551,650,605,535,514,508,627,486,521,731,976,702,856
"COG0031",555,627,679,566,484,451,640,481,644,577,588,539,349,656,536,553,639,705,593,504,543,642,642,508,626,637,534,519,636,507,603,729,613,442,626,578,556,435,707,472,578,616,459,451,566,439,372,490,657,571,617,572,628,639,632,517,679,600,627,551
"COG0033",2,0,0,13,7,30,7,89,17,36,55,75,3,12,9,34,32,0,38,128,7,3,6,0,15,29,16,0,3,11,8,6,8,220,6,42,68,3,400,4,36,21,3,14,10,14,4,5,5,2,7,7,30,1,4,11,2,476,4,2
"COG0034",1014,1036,895,928,778,1432,868,1306,961,840,868,975,1442,1032,1369,879,937,958,872,1097,996,1020,900,918,918,903,776,1174,1017,1107,1122,845,911,366,1095,1162,1162,1445,820,576,1117,1016,958,963,1158,687,1178,1148,967,846,1020,986,703,978,1008,1152,912,803,1233,899
"COG0035",390,373,437,319,331,475,417,436,402,363,390,428,458,437,508,354,386,424,349,490,360,291,485,423,393,383,316,457,343,377,398,379,466,188,398,377,352,519,396,272,364,441,330,451,394,261,519,380,400,359,440,401,395,402,433,390,344,436,448,326
"COG0036",465,273,449,272,406,439,291,410,396,414,427,382,502,368,500,214,549,326,387,382,339,387,401,449,439,325,249,367,317,477,433,338,279,460,497,349,415,450,625,470,309,394,322,391,335,293,384,328,274,332,239,271,340,323,300,262,455,449,475,582
"COG0037",1275,1057,1126,789,753,813,1034,896,1043,705,1046,867,851,945,956,927,1251,1258,888,1022,995,1025,995,986,1112,1122,893,1001,1013,1015,1065,971,800,664,1191,1053,1099,1030,768,1165,883,1103,866,919,920,723,1227,1026,1098,947,1187,974,929,980,1044,997,1247,852,940,1162
"COG0038",697,845,679,968,824,1072,919,731,728,913,838,779,850,920,692,1004,777,838,977,1146,999,775,779,614,778,967,867,763,979,604,749,865,779,502,659,928,834,738,1232,523,1018,975,829,646,835,801,806,764,1048,857,926,911,860,819,862,914,669,1439,817,678
"COG0039",604,686,688,708,645,584,659,625,679,574,659,649,500,675,717,706,608,682,611,882,812,518,647,698,609,727,737,636,757,517,662,670,686,401,585,693,566,669,847,669,689,715,569,538,678,527,725,669,745,595,678,859,611,671,755,734,580,1138,671,553
"COG0040",161,130,135,145,147,109,147,174,163,122,146,135,160,148,170,142,135,157,161,129,144,126,186,144,134,128,140,136,127,132,298,336,308,152,306,397,366,507,379,233,376,362,367,333,384,248,235,324,389,315,394,373,318,336,299,296,281,373,418,272
"COG0041",330,251,245,209,240,374,304,287,275,261,300,305,279,310,252,208,284,272,268,322,278,247,266,226,284,282,195,292,197,223,277,205,296,146,268,271,315,313,300,193,289,289,229,263,262,172,308,298,302,209,261,299,255,276,292,275,267,306,318,285
"COG0042",877,768,661,800,675,801,942,730,727,809,668,591,441,861,420,798,914,707,896,689,723,860,828,674,829,843,777,739,863,686,786,742,679,786,771,730,872,651,716,845,699,936,774,669,646,667,770,718,844,732,838,799,674,776,757,703,793,783,816,711
"COG0043",45,40,104,93,57,104,24,45,73,203,14,100,16,60,54,75,113,102,70,72,93,58,118,138,35,133,51,44,61,65,35,58,68,459,30,95,28,5,85,46,157,56,90,34,55,216,40,31,62,39,82,70,78,42,146,126,108,72,46,74
"COG0044",295,237,291,214,271,294,263,243,327,234,267,254,211,228,245,244,286,272,270,382,244,257,291,274,285,288,212,312,291,221,652,583,622,838,702,729,816,676,907,585,688,734,543,622,634,703,574,582,685,553,695,718,601,677,705,699,618,794,763,620
"COG0045",12,51,55,153,200,21,61,93,91,91,91,75,10,59,36,141,15,20,125,49,46,64,40,48,44,52,122,27,97,48,21,118,55,185,25,68,91,17,199,44,88,57,39,15,59,138,8,18,46,89,62,22,204,34,51,27,12,400,48,25
"COG0046",1413,1170,1289,1182,678,1977,1413,1839,1572,924,1271,1276,1921,1384,1761,1130,1221,1049,1111,1710,971,1192,1436,1175,1394,1274,1055,1432,1236,1138,1218,1148,1131,645,1478,1365,1438,1806,1483,803,1696,1475,1096,1470,1386,773,1352,1140,1266,1157,1539,1116,994,1285,1261,1407,1336,1334,1600,1079
"COG0047",1128,1057,1150,905,576,1955,1112,1599,1467,925,1128,1141,1748,1220,1596,842,1127,1070,943,1335,850,1034,1289,981,1291,1087,846,1380,983,1043,1171,1015,1034,643,1379,1201,1425,1476,1456,656,1559,1199,980,1409,1213,643,1330,1077,1112,957,1400,1006,932,1250,1053,1392,1216,1192,1359,1033
"COG0048",289,173,204,115,132,219,150,203,279,181,173,219,252,120,229,139,215,189,190,254,189,164,132,270,212,181,111,157,145,253,223,189,126,143,272,196,224,323,201,263,170,177,193,206,165,120,277,208,148,131,144,149,172,177,168,210,270,216,261,227
"COG0049",308,268,313,223,248,316,292,215,301,264,261,320,211,249,155,244,318,283,232,296,208,229,281,350,281,272,220,434,262,309,344,271,225,202,300,319,342,184,312,415,274,278,309,342,240,244,417,277,272,201,222,250,294,321,301,291,374,322,249,358
"COG0050",657,613,645,499,537,710,797,870,699,633,608,670,823,705,841,473,592,511,520,790,626,541,521,629,749,534,486,652,575,694,777,542,786,612,793,573,587,864,735,837,688,726,535,663,660,414,745,718,567,392,625,609,598,680,673,829,672,643,717,606
"COG0051",228,221,231,151,232,154,198,132,245,200,218,257,109,207,139,182,241,197,213,197,191,198,202,224,186,205,195,204,227,236,209,196,205,172,225,207,256,195,249,266,177,187,198,151,164,156,291,113,226,189,198,198,198,206,256,193,247,201,207,267
"COG0052",343,399,387,267,295,532,309,430,422,361,358,341,563,313,481,280,398,368,327,398,377,303,252,404,374,338,286,456,313,370,379,320,322,258,430,381,433,550,333,509,366,321,347,408,377,278,491,408,345,259,346,304,335,307,349,376,451,411,434,436
"COG0053",529,420,540,357,469,473,501,474,577,513,426,526,467,449,522,311,556,475,496,446,443,430,541,557,501,426,353,443,381,504,586,482,388,478,575,513,641,560,463,574,444,440,546,431,414,445,502,634,507,420,431,469,431,500,472,480,513,434,492,534
"COG0054",219,218,242,199,140,224,210,260,235,240,246,245,300,194,334,207,171,205,212,255,265,197,194,239,234,239,209,202,178,227,222,249,250,178,147,217,255,307,117,167,179,255,235,216,237,180,200,312,169,169,203,229,196,227,211,225,231,74,291,233
"COG0055",1099,730,747,542,382,825,824,787,812,519,659,554,677,660,866,470,711,747,621,891,622,861,901,690,911,754,424,695,594,732,939,633,485,472,857,703,928,674,709,403,742,901,503,837,727,339,730,553,706,580,757,620,650,754,688,734,1013,830,752,702
"COG0056",1314,766,872,684,538,879,947,983,885,637,719,647,796,859,1080,543,806,770,740,1026,598,985,1127,826,1026,804,535,829,744,850,1065,711,730,479,959,738,999,821,895,454,816,960,498,1000,800,404,732,682,777,660,834,730,747,864,755,821,1038,924,849,804
"COG0057",475,543,525,364,315,468,472,596,659,500,487,642,629,503,617,393,498,441,398,687,488,413,428,593,468,421,350,481,416,549,608,431,494,609,680,622,567,706,592,739,542,509,425,530,500,333,552,501,415,397,442,386,406,411,530,540,540,569,601,557
"COG0058",1839,1375,1551,1094,983,1369,1133,1176,1443,1137,1319,1302,1093,1295,1188,888,1756,1396,1234,1167,1075,1517,1558,1461,1488,1460,957,1693,1115,1540,1694,1122,1199,1344,1747,1535,1509,1382,1534,1233,1324,1530,1257,1358,1127,710,1700,1280,1321,1092,1369,1217,1223,1399,1239,1363,1617,1534,1300,1858
"COG0059",458,473,395,454,370,464,526,492,427,468,519,519,476,505,473,524,493,468,446,554,502,444,415,382,552,436,450,520,503,432,472,442,467,356,414,499,564,492,813,282,502,584,426,367,428,359,338,410,476,489,512,505,500,443,472,462,442,892,519,445
"COG0060",1526,1328,1293,961,852,1308,1093,1408,1460,1062,1152,934,1296,1075,1442,1045,1236,1433,1060,1447,1246,1083,1174,1128,1296,1260,970,1354,1077,1347,1495,1231,1102,660,1617,1380,1414,1359,1114,1938,1408,1380,1104,1275,1435,899,1614,1188,1085,1032,1294,1130,1166,1152,1268,1447,1451,1339,1300,1465
"COG0061",417,371,357,345,268,578,368,340,440,342,376,361,474,348,415,363,378,416,401,505,408,383,416,319,414,418,336,466,365,401,391,351,366,301,350,424,438,416,396,262,472,502,359,493,350,292,420,472,392,332,412,414,376,363,385,445,372,517,412,365
"COG0062",590,415,495,446,320,833,414,718,498,403,403,394,596,360,723,438,405,414,468,555,420,402,292,437,494,467,386,531,428,458,474,342,360,305,408,380,600,691,339,267,512,532,393,671,551,288,623,496,400,362,443,445,387,475,325,383,419,448,590,483
"COG0063",583,459,486,454,297,819,487,665,656,425,494,410,628,424,787,434,440,493,502,707,415,445,441,441,517,497,429,566,491,511,524,360,296,320,488,414,645,698,642,294,565,619,411,674,537,321,613,481,458,404,531,504,437,426,367,407,467,607,613,508
"COG0064",425,174,339,96,108,87,145,115,303,112,400,222,69,164,195,98,450,253,168,531,77,327,174,319,276,204,74,294,192,286,315,215,90,70,438,292,350,105,566,831,178,270,105,267,144,127,343,110,241,159,112,148,248,253,182,226,457,702,253,465
"COG0065",729,552,576,579,409,579,661,644,669,468,510,412,504,565,732,585,629,566,570,672,554,692,585,541,575,572,456,631,573,531,255,199,199,135,199,218,250,259,365,128,285,285,221,194,249,158,168,169,249,202,245,259,249,201,243,245,250,275,229,217
"COG0066",113,113,96,95,138,125,119,92,115,103,139,100,121,117,130,131,112,100,117,93,121,114,105,117,105,125,102,137,90,99,281,246,311,217,250,309,233,273,457,203,286,278,229,206,232,168,193,215,259,205,281,368,239,272,249,232,277,415,270,265
"COG0067",1425,1035,1049,1217,617,1809,572,1411,933,960,872,832,1548,1139,1210,705,1095,1015,1017,1070,718,1378,1194,807,1231,1024,880,1182,1236,934,1081,896,979,527,1207,916,1609,934,1305,546,1327,1495,637,1204,936,595,755,870,942,1096,1333,913,833,1177,993,929,1166,1329,1209,1151
"COG0068",211,209,136,73,53,50,92,37,119,138,82,182,6,92,77,131,152,39,92,270,93,107,48,172,113,81,76,23,58,75,53,45,37,170,68,202,97,27,242,64,109,218,97,68,73,28,34,32,52,31,75,52,144,34,86,104,64,70,139,111
"COG0069",1433,1047,1109,1266,600,1560,693,1411,1002,1031,867,817,1603,1179,1194,738,1153,1099,1076,1044,707,1445,1254,899,1270,1034,951,1203,1277,999,1127,963,973,540,1221,984,1616,974,1325,528,1353,1345,689,1187,992,742,796,809,1005,1169,1234,899,830,1168,942,1004,1184,1280,1259,1072
"COG0070",1377,990,939,1210,536,1560,496,1370,908,880,805,790,1573,1120,1149,690,1029,957,1056,1004,551,1319,1157,747,1114,901,919,1083,1148,913,1008,857,887,480,1149,786,1604,925,1327,521,1304,1299,607,1177,920,605,714,770,796,970,1112,821,791,1127,911,881,1062,1314,1122,1093
"COG0071",440,313,430,237,656,274,344,406,402,420,388,446,686,324,486,231,411,324,422,418,244,357,326,540,430,380,270,418,255,454,346,319,350,372,386,282,503,440,446,377,260,313,255,486,364,242,485,474,325,300,264,328,311,356,307,229,435,232,376,456
"COG0072",337,318,387,306,221,465,257,373,406,220,313,310,380,304,451,251,387,321,298,439,246,336,329,355,367,301,281,405,293,400,964,868,651,387,1092,961,1102,1027,993,1319,1093,791,756,736,712,586,1017,757,757,742,850,560,965,898,758,920,1082,1021,928,1043
"COG0073",1739,1655,1745,1306,1047,2340,1274,1729,1973,1277,1626,1592,2223,1563,2022,1287,1772,1659,1623,2030,1228,1410,1584,1788,1757,1444,1193,1922,1480,1786,1963,1545,1527,872,1949,1747,2117,1934,1697,1762,1995,1582,1372,1512,1498,1038,1909,1713,1330,1329,1621,1176,1784,1840,1634,1865,2049,1440,1909,1718
"COG0074",30,45,86,136,161,60,48,98,79,90,78,124,19,63,35,172,30,30,144,34,68,73,46,53,51,73,118,36,96,33,15,40,18,242,33,30,27,3,60,29,50,18,18,6,32,75,9,6,15,30,28,20,78,20,15,19,9,129,28,11
"COG0075",295,407,288,329,216,460,243,172,313,284,265,233,114,245,599,396,287,398,406,213,508,160,178,156,393,305,302,272,347,305,156,265,276,161,194,264,228,644,75,161,218,294,343,320,419,324,174,223,312,189,397,477,313,287,382,389,195,131,235,246
"COG0076",30,319,100,364,345,61,225,110,163,180,180,190,23,337,24,431,97,196,274,106,406,225,163,171,133,266,402,93,351,111,215,330,261,529,109,231,57,17,34,196,266,293,311,22,257,295,58,121,299,295,312,351,352,277,317,221,131,185,212,43
"COG0077",445,322,332,315,227,352,420,390,459,254,364,366,368,359,456,338,418,388,410,368,245,383,474,347,381,344,311,441,412,367,381,351,303,334,341,382,477,380,485,248,402,426,300,399,357,274,265,301,392,385,397,299,347,358,308,293,350,472,364,331
"COG0078",762,588,519,438,332,501,670,503,657,474,573,664,463,568,416,526,588,593,519,765,484,521,828,552,538,542,418,507,547,609,552,459,518,959,559,664,680,472,803,444,596,650,499,583,493,385,366,466,578,490,574,579,424,508,593,431,445,626,607,556
"COG0079",483,324,323,348,343,216,378,268,371,382,440,333,202,347,265,440,370,489,358,296,461,435,500,486,447,460,336,304,436,355,984,803,911,424,973,732,1106,763,1140,670,702,1093,1017,692,1125,706,1051,830,838,855,1149,1202,844,913,1009,1066,1004,722,812,1040
"COG0080",323,230,275,140,219,253,234,261,296,229,287,323,289,246,316,200,330,234,252,292,207,258,195,348,294,236,208,319,212,322,298,227,231,191,278,276,331,424,228,335,202,235,249,287,236,185,390,257,234,210,193,245,210,244,204,224,302,307,286,338
"COG0081",462,403,426,277,332,388,343,453,470,350,368,515,388,379,472,275,408,342,336,506,329,322,307,447,398,315,289,413,341,395,448,341,350,186,480,387,442,552,487,560,327,341,317,316,334,296,409,313,344,286,340,326,381,405,352,404,395,508,457,409
"COG0082",440,426,395,397,321,586,440,404,505,311,381,372,261,477,384,355,421,466,360,391,353,425,489,384,401,466,329,493,419,357,454,365,339,178,483,488,478,338,425,276,556,441,335,394,437,271,399,413,466,356,427,398,472,419,398,439,438,518,448,413
"COG0083",87,35,99,33,20,37,121,89,102,96,107,117,15,74,72,38,132,66,43,276,45,72,174,85,63,87,24,39,38,62,56,49,44,151,130,74,113,37,332,67,94,105,29,66,76,66,51,19,66,67,74,35,52,58,36,32,55,414,61,60
"COG0084",531,535,463,627,800,538,528,543,601,514,612,564,382,486,414,675,529,582,775,586,590,555,482,557,552,538,638,583,579,446,573,537,541,569,500,635,579,406,648,655,592,467,617,448,484,627,574,553,670,551,555,644,517,566,566,515,528,638,533,581
"COG0085",2026,1811,1740,1396,1435,2110,2102,1828,1931,1624,1610,1601,2379,1931,2044,1388,1707,1473,1496,1844,1735,1725,1717,1960,2056,1447,1320,1891,1514,1823,2183,1629,1709,1015,2202,1763,1991,1873,1589,2033,1887,1803,1445,2135,1733,1277,1791,2028,1695,1476,1795,1543,1488,1726,1663,1931,1972,1891,1959,1867
"COG0086",1815,1823,1691,1496,1000,2448,1518,2179,2059,1532,1513,1634,2551,1603,2152,1338,1662,1581,1561,1875,1538,1607,1538,1606,1917,1636,1296,1894,1495,1856,1967,1550,1551,911,2164,1843,2027,2207,1631,2190,2304,1923,1493,2249,1717,1050,1828,1893,1471,1520,1815,1286,1608,1577,1723,2019,1861,1815,2072,1799
"COG0087",168,130,146,123,116,156,125,136,161,146,117,166,120,146,174,91,157,123,136,179,117,144,120,194,128,138,93,147,108,156,424,280,267,148,448,371,440,497,404,459,283,322,292,369,335,240,466,281,335,265,264,309,300,377,308,371,432,521,413,435
"COG0088",374,338,335,248,357,447,348,341,393,315,416,430,344,321,394,296,388,348,386,443,346,324,311,455,358,338,327,464,358,394,378,309,291,275,476,364,468,481,414,454,331,399,302,358,318,251,465,415,355,263,307,375,306,361,346,374,404,379,407,422
"COG0089",220,194,233,148,192,147,206,204,263,177,204,293,164,174,205,122,221,182,194,215,180,194,220,290,204,142,126,250,153,238,234,175,144,136,275,201,244,255,203,232,139,141,183,202,159,154,301,234,181,167,127,161,131,169,151,168,233,260,218,252
"COG0090",510,359,450,280,231,528,337,491,546,323,311,391,491,359,557,239,410,359,335,586,244,360,389,454,407,324,212,526,325,473,466,353,296,207,561,386,490,613,499,540,417,373,356,491,386,255,530,354,302,302,304,229,338,376,350,433,523,518,475,534
"COG0091",271,244,278,130,201,268,240,255,276,224,255,307,219,233,267,151,278,199,207,311,189,227,217,298,278,213,197,321,207,313,268,193,220,172,312,290,286,375,260,376,185,241,224,247,210,170,304,223,208,184,204,224,189,215,210,221,254,308,274,285
"COG0092",398,345,385,228,280,437,344,372,432,308,370,364,394,289,429,248,347,323,259,428,246,314,291,345,360,309,235,420,253,377,401,265,282,74,514,362,451,423,339,350,332,333,325,335,314,220,545,291,272,219,292,294,258,290,273,297,395,498,371,401
"COG0093",249,223,252,102,180,273,155,233,255,214,208,264,212,193,277,140,218,230,187,239,193,182,169,259,199,160,129,254,187,230,240,190,191,176,296,231,256,278,249,283,185,201,201,229,169,140,295,146,159,135,148,161,177,215,218,207,287,231,256,288
"COG0094",365,336,364,244,345,403,340,306,335,338,345,409,334,287,333,295,358,278,332,415,266,287,273,375,373,266,276,486,315,335,387,298,333,203,411,307,425,412,344,394,279,343,360,372,298,191,485,370,281,220,315,320,325,287,288,315,366,407,343,416
"COG0095",25,65,181,168,193,133,34,28,112,113,81,129,27,91,62,170,57,77,135,177,69,138,88,114,22,77,207,130,134,89,141,177,104,241,69,109,165,88,158,68,120,69,165,29,46,203,158,75,129,116,105,61,155,64,79,59,57,472,73,74
"COG0096",297,175,311,131,207,223,189,241,277,202,214,283,235,172,307,163,254,190,240,297,136,181,170,310,232,235,114,302,152,295,292,178,155,150,272,292,297,386,303,258,211,181,235,247,201,193,309,231,191,167,144,161,221,205,165,201,256,292,272,338
"COG0097",403,270,363,206,254,350,295,318,358,263,283,360,415,257,423,183,293,292,296,356,261,263,248,403,332,265,200,443,198,444,387,314,257,198,419,312,426,601,300,394,307,261,243,423,327,202,447,303,252,252,225,196,352,241,295,274,366,401,363,383
"COG0098",358,291,309,237,264,354,363,355,390,295,291,336,425,312,339,240,346,277,329,384,255,303,339,400,356,292,241,328,263,352,338,281,274,216,376,294,371,425,327,406,286,365,239,292,279,218,323,355,288,274,346,291,287,302,299,300,372,333,383,391
"COG0099",230,227,257,143,186,148,214,202,226,212,245,239,260,213,211,171,229,203,189,237,186,180,185,245,210,221,176,225,168,267,232,248,254,161,229,188,222,242,265,342,181,182,228,209,184,167,228,211,206,161,167,222,199,214,230,210,244,280,237,240
"COG0100",237,200,242,119,146,236,240,223,266,172,255,226,298,173,262,129,247,181,209,301,188,193,174,259,261,176,138,255,167,247,274,185,197,139,284,224,262,346,272,324,209,244,216,260,182,121,321,230,181,158,185,182,159,198,169,199,267,253,246,268
"COG0101",674,387,533,349,401,445,497,465,501,394,503,447,274,373,450,302,551,502,441,646,409,508,483,433,515,507,299,470,442,414,501,426,399,297,519,450,574,476,609,571,399,477,374,418,428,362,561,401,460,408,392,470,413,435,458,439,593,552,451,505
"COG0102",237,236,299,173,216,273,192,177,311,184,240,319,287,189,180,211,265,236,242,226,261,213,218,328,267,269,179,277,180,312,274,244,196,173,290,277,276,233,318,329,243,266,240,287,192,174,389,335,249,156,221,225,261,277,235,204,287,333,202,302
"COG0103",237,177,241,209,197,196,200,260,264,208,214,242,331,198,239,192,275,209,173,225,245,230,199,289,226,204,208,234,173,306,269,182,197,150,259,235,226,369,248,214,180,242,214,270,210,144,292,284,201,162,185,260,155,215,203,216,241,299,264,272
"COG0104",857,623,695,467,397,676,756,652,830,505,621,610,695,641,773,433,670,664,568,859,728,810,860,599,737,581,526,656,537,705,830,563,598,371,679,722,879,747,706,365,646,725,537,617,648,356,748,655,661,564,645,487,494,657,563,614,810,754,703,697
"COG0105",34,61,78,105,167,106,82,73,81,150,44,71,14,82,27,89,46,38,80,61,99,71,37,79,77,67,93,101,68,303,78,78,65,76,69,70,99,92,44,284,74,41,151,21,75,117,196,54,84,97,55,101,73,48,67,89,90,34,55,120
"COG0106",313,304,290,263,291,283,210,314,325,291,359,293,261,366,352,312,343,377,324,277,314,344,344,312,332,344,244,295,274,287,321,289,261,141,269,338,328,340,392,252,303,275,236,331,333,207,246,225,319,278,288,319,304,404,302,286,316,362,305,288
"COG0107",470,323,330,312,215,322,209,353,364,268,353,261,391,372,406,211,403,428,323,400,230,323,317,333,390,256,259,304,285,321,330,294,273,218,398,328,363,336,414,222,337,399,256,374,320,206,256,268,263,341,286,258,371,316,310,316,348,456,335,284
"COG0108",417,497,480,494,486,563,527,613,491,400,420,520,710,544,654,460,367,594,543,468,533,441,323,468,545,534,526,506,430,411,488,476,635,174,406,396,558,652,318,330,520,462,449,495,514,355,440,505,396,417,460,500,522,511,566,600,531,161,604,435
"COG0109",1,0,2,6,5,9,2,11,1,58,0,19,4,2,0,18,2,0,26,3,6,2,4,0,4,13,10,0,2,0,0,0,4,145,0,3,0,0,0,0,5,1,0,0,5,9,1,1,4,2,1,5,13,0,7,0,0,11,2,1
"COG0110",882,1565,1657,1487,2342,668,1391,673,1172,1520,1538,1518,817,1394,453,2300,1438,1690,1828,1057,1920,1301,1207,1900,1075,1493,1916,1187,1974,1248,1503,1842,1645,769,1142,1458,1103,1681,834,1543,1308,1081,1700,777,1572,1973,1037,888,1458,1745,1227,1868,1769,1590,1565,1648,1199,1174,1309,1276
"COG0111",799,874,839,610,652,564,753,660,1001,853,940,902,435,769,600,781,705,903,944,954,888,609,891,813,915,772,688,641,766,748,827,859,801,1186,926,919,1222,468,1713,680,1053,844,908,553,768,785,668,634,893,749,757,744,766,675,918,818,701,1324,788,973
"COG0112",473,537,655,421,362,622,445,689,681,390,494,535,608,475,794,404,483,523,452,580,437,482,492,627,530,425,428,561,587,563,614,442,389,196,544,517,672,649,215,349,625,505,506,531,440,384,577,464,460,424,511,476,497,625,468,472,564,450,610,681
"COG0113",125,49,157,79,81,53,86,54,102,183,111,97,26,58,422,38,133,98,79,88,60,165,76,150,105,180,42,95,89,70,119,71,47,208,49,118,99,56,169,48,104,118,47,85,52,87,79,85,65,23,47,82,121,138,82,122,133,69,101,120
"COG0114",57,81,27,60,40,46,82,20,149,46,61,90,41,54,31,110,39,55,66,283,30,54,54,34,59,69,49,24,42,52,38,27,52,168,82,30,75,24,195,61,101,51,130,50,53,40,29,21,117,17,27,84,74,18,56,31,23,92,26,40
"COG0115",684,615,689,561,513,855,699,646,740,581,661,702,640,607,443,551,636,577,686,563,814,672,598,666,701,702,568,688,533,654,685,582,660,471,687,714,692,710,768,430,673,756,658,729,572,511,717,600,718,525,735,714,543,619,684,571,687,650,702,577
"COG0116",549,391,421,329,291,511,355,474,441,314,339,279,268,366,400,224,472,383,498,454,378,371,381,304,584,427,276,469,332,480,545,288,314,381,489,348,508,502,294,238,383,351,280,556,368,196,616,434,443,417,288,348,482,373,325,376,496,177,390,504
"COG0117",369,361,439,368,299,401,392,638,375,398,336,374,514,363,644,354,283,416,414,509,420,392,288,394,440,443,339,382,377,364,350,369,430,148,274,379,415,561,246,257,384,457,375,458,404,352,259,515,383,309,444,442,402,354,404,434,414,329,534,329
"COG0118",315,253,271,209,232,214,225,286,301,227,332,253,296,248,307,264,234,302,279,281,219,324,316,283,279,255,217,282,216,281,258,204,245,147,240,247,291,347,335,174,266,235,240,292,299,195,204,244,264,271,235,268,182,279,212,252,243,334,245,287
"COG0119",1086,1296,1119,933,913,1222,910,1495,1216,1001,1111,973,1187,1045,1518,1069,920,1078,1317,998,1087,1269,1123,1271,1298,1202,1132,1192,1189,1174,1326,1062,1329,718,1272,1132,1225,1247,1149,762,1249,1136,829,1340,1177,704,891,799,999,1125,1104,1052,1166,1183,1092,1144,1631,1117,1325,1116
"COG0120",35,48,36,117,115,28,35,42,19,59,65,66,11,74,15,128,46,48,104,186,33,68,33,29,37,79,122,25,91,20,30,80,53,130,32,47,24,9,145,191,52,22,78,34,42,143,14,19,38,117,61,44,169,53,52,65,51,333,21,19
"COG0121",8,1,1,6,7,10,8,10,5,49,5,9,4,3,5,11,11,3,17,5,2,3,5,0,21,14,5,2,3,0,0,2,1,108,5,4,6,3,25,1,4,2,0,12,4,9,4,2,3,0,2,3,11,0,1,2,0,16,1,5
"COG0122",159,94,187,51,65,41,193,48,199,97,160,125,28,145,82,46,229,154,107,113,45,86,111,168,210,126,45,157,114,124,115,100,75,184,228,156,144,59,136,189,101,113,71,111,64,123,152,44,187,121,99,95,101,97,117,86,144,67,96,256
"COG0123",5,14,26,32,12,16,19,18,14,64,2,30,4,17,5,10,27,4,15,1,22,18,31,34,17,32,10,16,19,26,10,14,21,1,12,10,2,2,0,4,20,28,19,10,20,38,14,17,18,13,23,23,21,13,51,42,24,7,11,6
"COG0124",579,672,631,564,522,624,585,584,665,486,695,652,574,620,625,572,632,554,478,778,625,568,567,608,559,603,516,674,662,658,561,609,603,301,667,703,699,728,643,899,666,589,577,565,613,453,750,654,694,522,682,669,572,592,643,595,605,713,751,611
"COG0125",95,122,141,45,25,36,77,60,238,121,148,140,26,87,73,44,175,112,98,187,81,117,170,182,102,103,39,60,75,178,164,135,95,106,231,196,174,72,286,232,162,91,80,115,62,69,149,62,140,76,102,50,81,119,87,135,234,361,198,220
"COG0126",583,506,518,410,327,629,499,559,723,433,482,486,540,420,631,416,549,521,482,684,525,502,567,518,520,506,384,563,454,552,640,452,428,334,632,532,671,639,499,733,596,607,492,460,501,346,612,431,533,430,492,462,425,533,480,600,641,549,566,581
"COG0127",378,255,368,257,251,376,334,330,364,304,330,350,431,269,325,249,416,289,335,437,275,286,307,343,342,312,232,448,277,395,398,269,242,219,369,302,352,373,368,283,320,326,340,475,310,228,445,374,354,269,277,334,246,294,281,274,289,492,386,442
"COG0128",526,512,460,377,418,696,509,637,598,444,430,486,481,545,517,340,516,479,387,447,406,465,482,504,555,521,319,474,446,461,520,460,420,277,477,578,560,457,576,380,529,419,419,586,469,353,424,504,457,373,428,451,392,576,463,580,467,512,553,391
"COG0129",860,747,717,748,690,819,996,1116,797,742,799,699,817,997,917,888,821,867,706,748,799,755,1141,683,870,818,652,751,762,684,733,676,810,858,738,939,902,727,1180,552,979,959,700,741,874,777,526,883,841,795,902,999,756,743,867,980,644,849,820,649
"COG0130",389,326,359,244,182,443,334,417,465,329,364,312,386,325,437,229,456,348,330,492,339,314,362,347,380,312,249,436,263,401,411,316,278,221,453,385,456,377,452,535,421,382,271,393,360,251,481,389,312,278,339,299,305,334,322,369,420,585,389,453
"COG0131",297,379,260,320,278,431,253,308,307,278,353,278,306,340,332,289,267,346,337,297,339,318,286,264,346,376,316,317,318,231,325,265,398,151,255,324,368,227,318,218,375,357,278,236,337,229,193,281,350,302,389,334,291,366,397,334,281,308,354,294
"COG0132",91,185,110,170,177,55,145,135,135,222,145,175,25,157,58,252,94,140,236,132,232,153,126,114,131,216,207,83,181,67,128,175,203,252,94,139,130,26,133,106,167,187,190,28,151,168,68,151,153,134,177,217,181,120,206,171,81,64,131,108
"COG0133",424,362,400,335,303,403,373,446,411,281,390,288,507,348,508,396,393,324,378,509,386,381,250,378,391,380,279,324,461,351,362,308,309,299,318,395,430,437,641,213,471,421,321,440,440,263,239,229,468,304,429,441,356,319,324,406,334,532,476,392
"COG0134",258,269,305,264,261,272,264,300,332,279,291,266,292,257,326,282,285,298,255,329,267,248,183,291,321,320,222,309,270,191,225,245,240,182,199,289,270,308,526,204,294,266,192,299,288,175,206,150,322,206,222,348,267,301,242,219,241,460,291,230
"COG0135",176,119,191,107,157,189,118,264,225,161,157,184,175,129,263,133,222,154,198,273,175,191,103,203,214,140,119,173,128,178,133,92,97,216,139,167,227,271,198,133,140,102,80,260,172,124,97,132,212,122,96,136,153,156,107,108,158,367,206,198
"COG0136",505,466,497,330,254,523,445,562,486,477,473,430,599,373,505,364,511,438,427,647,504,383,422,359,496,436,382,465,366,516,464,402,433,407,519,371,533,591,462,490,511,464,369,435,485,335,505,484,429,371,468,409,416,441,457,376,549,649,521,488
"COG0137",634,565,492,489,417,468,851,645,650,471,518,565,610,629,727,431,614,521,539,551,510,668,700,574,606,520,433,538,478,571,592,524,684,351,542,533,612,588,707,382,595,609,407,512,584,447,363,510,715,488,608,522,622,575,516,532,563,548,676,542
"COG0138",679,690,753,853,690,979,659,994,834,585,776,747,1184,753,982,788,641,706,866,930,853,797,668,756,794,754,772,989,839,757,699,796,719,339,696,695,765,1081,731,530,888,754,698,877,855,623,741,701,908,852,781,730,762,715,777,766,651,662,884,609
"COG0139",343,261,332,287,281,286,334,258,272,302,315,293,266,293,278,264,303,333,305,260,377,318,348,287,342,310,286,267,294,332,341,257,285,109,273,265,325,263,327,212,259,369,301,264,276,222,231,285,254,297,307,326,291,316,305,269,301,269,273,285
"COG0140",230,283,271,284,262,291,322,231,254,278,282,271,227,254,246,284,245,265,253,224,324,247,323,275,289,236,285,229,237,280,261,235,286,116,254,245,220,230,251,194,255,355,266,244,261,205,255,273,248,234,330,374,268,236,303,254,186,160,229,231
"COG0141",513,391,414,460,377,391,379,523,479,326,446,426,565,415,617,425,440,467,461,512,463,519,536,454,465,503,386,404,424,410,474,473,437,247,402,478,484,525,601,330,512,482,377,461,488,292,317,433,468,425,446,464,400,490,419,420,445,501,526,426
"COG0142",547,637,743,693,703,964,637,903,671,626,654,729,1082,642,1008,795,540,596,827,1003,665,554,537,647,651,580,662,821,614,665,651,697,699,364,595,572,709,1168,562,581,823,617,573,828,832,479,802,1019,738,644,642,633,627,609,606,673,546,672,857,699
"COG0143",914,913,850,625,560,1273,881,910,990,701,824,832,1149,911,1009,684,876,889,833,969,541,810,869,865,954,787,536,1047,812,782,1004,825,876,422,1117,960,1065,957,898,993,991,737,603,1042,796,513,975,967,724,701,773,669,744,906,910,968,1039,1090,1037,946
"COG0144",960,702,673,504,599,543,778,639,767,590,704,589,555,628,506,603,1047,859,589,760,601,669,835,621,758,757,486,531,637,688,715,636,535,612,831,747,783,592,729,669,640,798,501,859,650,506,708,603,650,615,637,707,680,828,642,667,866,417,729,797
"COG0145",24,39,24,34,58,36,58,36,73,35,21,35,0,29,44,58,45,26,25,14,41,30,66,61,62,43,16,46,55,39,34,26,55,266,95,36,8,23,12,67,48,26,59,44,42,168,38,60,25,19,33,36,44,23,59,79,39,359,26,14
"COG0146",9,8,14,0,5,0,15,4,9,1,3,10,6,0,8,0,11,4,1,3,18,9,1,17,15,11,3,7,5,5,8,4,2,30,5,1,3,0,0,23,1,9,4,9,10,5,6,6,13,4,7,1,11,12,8,3,10,0,1,7
"COG0147",545,629,696,688,757,794,668,708,540,593,685,574,666,663,570,857,544,672,743,563,741,611,494,598,728,802,698,786,804,519,559,629,745,520,450,634,594,523,881,433,711,742,630,775,590,547,603,489,678,556,807,904,647,682,613,559,518,608,688,489
"COG0148",716,713,655,678,364,648,571,582,586,592,648,627,435,650,647,714,800,673,648,721,604,646,639,629,660,682,689,688,748,658,687,570,614,713,870,602,738,700,669,805,666,773,579,545,599,411,773,426,667,583,771,632,769,648,807,788,814,618,751,778
"COG0149",346,355,362,350,298,106,330,221,410,291,392,408,113,354,166,283,413,362,406,382,343,328,385,420,431,358,335,325,327,358,403,362,383,359,471,395,403,164,427,458,405,363,351,235,256,338,288,251,380,374,400,342,408,347,344,401,410,471,317,410
"COG0150",552,499,490,426,358,618,606,574,583,416,448,412,508,491,505,398,452,516,475,635,542,494,495,486,547,513,391,541,450,477,557,453,456,283,520,507,548,509,497,288,586,533,452,508,523,309,527,423,448,406,525,503,341,475,429,521,524,490,514,462
"COG0151",531,535,468,432,269,662,588,712,616,505,490,410,573,501,564,377,545,520,456,633,503,529,484,473,567,496,369,536,438,475,515,420,472,313,530,497,544,576,557,348,586,651,437,560,483,358,520,548,600,490,537,538,460,398,453,516,499,558,578,484
"COG0152",464,486,422,394,305,560,467,456,484,370,444,458,466,441,465,454,450,396,355,467,480,381,406,439,440,412,364,505,448,455,483,419,432,194,450,460,488,472,456,312,426,538,424,436,448,320,459,370,423,406,519,536,371,412,463,489,398,368,491,528
"COG0153",567,601,571,414,441,610,573,605,556,531,639,479,482,575,579,380,532,629,412,522,522,569,718,486,520,572,473,596,484,584,693,555,527,257,542,630,523,682,502,338,487,617,378,544,553,306,935,545,657,589,593,522,517,564,447,497,522,615,631,549
"COG0154",460,202,325,98,120,89,186,117,391,193,367,236,75,199,200,87,449,277,173,592,114,279,167,381,349,260,72,285,202,271,374,193,96,97,381,290,377,135,992,727,203,296,149,327,129,135,342,130,293,222,109,154,264,282,199,259,523,604,230,441
"COG0155",58,15,8,17,18,36,55,36,40,128,14,88,5,27,829,50,52,27,77,84,27,12,54,40,72,64,35,19,47,8,16,15,18,280,12,42,101,17,218,23,71,21,33,28,35,90,14,55,26,18,10,57,49,11,28,87,19,111,40,23
"COG0156",126,409,199,351,1060,329,507,324,273,440,295,478,258,545,202,436,141,339,598,167,411,328,301,284,245,467,405,288,385,196,619,895,1358,398,498,668,525,682,154,809,915,942,951,257,1231,837,773,785,704,604,1340,974,667,1260,1401,1162,410,160,828,538
"COG0157",358,371,394,309,337,549,302,470,312,295,429,377,463,363,351,315,301,338,344,328,421,355,214,312,364,377,365,380,369,289,320,337,349,230,334,378,393,390,355,277,370,367,289,250,388,265,454,369,325,300,373,379,348,376,408,387,350,206,362,344
"COG0158",9,8,7,3,19,15,16,33,27,81,13,29,6,20,2,22,5,3,40,10,19,35,12,15,31,26,16,7,10,23,2,9,7,57,2,3,1,3,0,7,8,9,25,1,9,4,6,3,1,1,5,7,13,2,10,5,1,7,0,5
"COG0159",293,262,276,253,260,342,210,350,293,277,327,208,421,287,340,284,288,271,249,333,268,308,181,269,344,267,250,292,320,227,252,227,257,266,236,320,304,314,352,171,297,251,231,316,304,198,199,165,343,236,275,318,271,267,289,250,254,369,335,242
"COG0160",67,55,240,18,56,25,40,52,95,274,72,85,12,20,31,34,147,106,67,177,42,128,33,117,62,132,47,137,27,42,89,53,15,223,111,79,134,54,505,39,69,225,24,78,29,26,185,24,44,50,34,11,57,211,30,94,170,504,54,95
"COG0161",149,389,175,476,380,93,331,249,235,370,324,249,30,399,64,518,159,274,312,172,480,236,282,209,386,416,443,133,457,123,97,193,195,101,77,149,49,18,70,97,180,178,138,27,131,142,51,122,125,125,207,193,177,162,198,208,64,28,98,63
"COG0162",553,510,539,515,262,727,567,567,564,470,460,552,706,508,724,465,584,467,507,650,533,532,547,553,544,478,433,654,561,510,584,514,501,335,629,580,592,679,532,702,631,636,535,661,541,329,651,570,592,493,580,510,366,491,519,570,629,664,629,630
"COG0163",18,30,56,37,32,28,14,25,44,107,12,83,3,45,26,22,46,54,43,27,50,23,52,108,17,57,32,17,33,48,28,26,36,166,14,50,19,4,47,26,81,33,65,19,38,118,19,26,27,15,47,36,31,28,79,79,58,28,34,35
"COG0164",329,328,323,242,213,400,284,306,325,270,325,259,380,261,311,237,334,363,322,336,280,285,312,319,290,311,214,333,289,312,273,311,314,139,349,305,331,299,335,286,329,291,248,342,298,206,338,420,362,261,285,341,288,325,284,293,378,343,320,405
"COG0165",623,483,630,574,515,828,660,784,691,549,570,551,888,548,911,486,588,470,619,785,502,668,671,581,646,565,540,605,528,695,549,491,464,398,546,544,769,817,705,409,612,766,505,688,724,554,411,587,618,586,582,505,578,479,552,482,530,627,620,564
"COG0166",776,641,653,570,445,631,740,635,811,568,729,627,722,652,614,551,674,660,555,784,583,676,679,637,812,624,641,648,674,599,723,629,591,499,756,676,806,535,743,621,719,777,596,618,517,434,730,644,568,549,670,662,581,666,678,747,778,766,650,662
"COG0167",467,808,570,713,741,558,582,440,650,687,817,671,319,718,258,741,572,766,887,546,778,594,587,566,581,679,836,526,651,446,600,760,692,434,627,712,804,255,796,659,842,649,742,396,571,579,603,606,654,562,721,745,748,653,751,793,577,1386,578,623
"COG0168",1379,1265,1214,1257,1297,1054,1568,1443,1565,1167,1404,1222,765,1337,1131,1312,1463,1406,1451,1290,1361,1236,1422,1348,1302,1414,1197,1181,1228,1226,1612,1242,1228,703,1434,1377,1364,1000,1084,1147,1381,1417,1290,1030,1172,1205,1073,1113,1342,1303,1454,1353,1241,1365,1323,1206,1206,959,1423,1272
"COG0169",673,390,452,330,388,517,375,464,468,538,464,431,421,372,486,407,465,403,462,485,404,409,528,394,498,455,317,391,355,523,429,378,298,489,481,485,557,436,510,307,437,427,365,489,396,336,441,380,404,303,401,410,397,412,434,417,428,494,456,454
"COG0170",2,0,0,0,0,0,0,0,0,0,0,0,0,0,0,0,0,0,0,0,0,0,0,0,0,0,0,1,0,4,2,0,0,0,3,0,0,0,0,0,0,0,0,1,0,0,0,0,0,0,0,0,0,0,1,0,7,0,0,0
"COG0171",682,677,701,544,336,877,611,862,844,529,567,751,577,723,1003,483,728,780,404,822,652,592,711,748,646,628,547,622,679,771,768,634,504,252,763,756,757,929,877,837,802,585,541,744,760,454,770,683,708,644,695,552,428,662,699,768,789,677,876,664
"COG0172",857,527,631,483,404,690,594,558,738,551,553,601,533,542,682,403,700,522,612,750,432,570,743,704,717,526,408,701,484,693,737,531,527,332,757,648,708,606,726,765,649,591,449,607,542,400,775,502,610,508,533,491,465,573,526,509,650,692,568,796
"COG0173",782,838,918,632,582,864,566,627,1024,579,786,699,669,687,651,531,983,836,717,809,760,770,532,984,864,859,527,972,823,907,1045,845,568,363,1152,1016,977,684,982,1318,902,853,604,832,723,449,1122,710,873,579,695,724,896,940,841,880,1205,808,750,948
"COG0174",506,364,396,409,439,111,412,281,462,354,552,468,99,441,244,418,465,507,385,622,304,429,453,345,445,506,350,224,351,381,398,490,385,584,455,506,570,153,927,347,391,371,349,301,345,323,283,265,494,391,364,278,643,444,472,333,423,1086,314,343
"COG0175",328,421,343,433,430,391,412,183,243,469,705,406,70,409,497,469,362,384,469,241,453,394,450,394,561,551,309,389,317,256,396,327,364,373,434,613,387,144,261,309,499,350,367,355,369,290,297,911,280,315,445,450,383,371,577,442,340,126,307,296
"COG0176",335,193,192,283,303,133,363,159,187,376,298,279,63,265,163,318,306,220,261,246,289,246,189,192,200,392,294,190,334,192,194,188,328,802,244,315,205,52,356,222,180,341,242,163,236,250,155,150,288,241,282,341,332,212,336,247,183,568,194,142
"COG0177",317,325,305,213,280,338,311,357,354,289,317,324,334,336,366,278,354,303,273,420,273,331,372,320,337,308,240,374,294,329,336,335,289,237,363,365,386,359,363,472,311,293,259,317,307,311,319,302,330,284,293,334,323,363,333,324,367,401,381,355
"COG0178",1606,1677,1749,1803,1281,2837,1741,2487,2065,1450,1884,1832,2466,1873,2534,1639,1544,1676,1494,2265,1760,1736,1588,1711,1661,1661,1470,1897,1677,1831,1767,1826,1620,652,2008,1759,2172,2426,1665,1907,2199,1786,1745,1761,1918,1332,1877,2153,1741,1442,1949,1517,1324,1562,1822,1788,1583,2126,2299,1748
"COG0179",146,229,188,245,217,392,331,314,237,298,256,276,285,217,321,279,152,188,241,311,270,195,346,203,190,243,254,258,182,203,173,224,239,183,154,207,289,337,317,170,279,289,269,133,293,242,239,345,182,221,310,272,231,189,230,212,175,333,294,211
"COG0180",550,443,498,490,421,652,554,521,623,500,561,522,544,514,663,432,621,483,510,628,454,443,555,581,529,533,459,624,482,524,504,470,483,272,568,596,635,691,639,754,571,521,489,503,535,390,607,521,447,467,520,548,443,486,445,520,552,666,596,599
"COG0181",125,51,121,45,70,50,83,43,123,118,93,64,14,43,795,55,167,113,74,85,36,155,121,112,139,154,34,82,73,65,108,42,40,198,29,89,66,52,154,70,106,122,48,133,48,106,49,50,43,36,43,87,111,127,43,112,166,97,106,139
"COG0182",43,107,96,82,51,31,72,43,161,67,56,117,28,66,45,68,34,87,35,109,42,74,86,86,71,76,59,48,75,106,81,80,59,52,153,105,72,30,125,63,106,48,152,41,87,116,56,33,142,32,55,43,35,36,102,86,51,43,52,36
"COG0183",267,171,202,152,80,105,203,161,283,472,105,298,54,222,164,139,245,158,218,439,89,216,321,251,244,214,133,120,117,172,303,140,183,911,285,189,173,77,404,116,155,230,121,188,157,223,129,143,143,171,151,135,264,224,207,195,388,187,124,128
"COG0184",147,122,188,146,191,112,174,128,165,136,220,218,188,125,187,172,186,134,150,159,173,148,157,199,150,170,178,269,155,198,162,143,179,111,166,168,173,190,148,238,109,129,184,192,136,162,218,161,171,135,162,197,132,144,170,107,146,218,140,150
"COG0185",157,185,187,146,215,101,166,125,184,136,202,206,128,175,136,191,205,145,167,178,170,176,182,238,194,177,138,225,181,220,205,172,163,103,237,209,210,158,181,249,142,198,192,171,143,140,204,152,152,132,184,157,147,186,164,173,262,162,165,250
"COG0186",170,147,188,104,146,146,147,188,201,107,138,201,232,116,244,90,193,104,169,233,122,139,146,211,199,120,101,251,139,245,209,144,172,125,200,184,196,286,178,227,140,137,154,148,164,131,250,175,125,125,126,94,155,156,164,155,186,229,221,238
"COG0187",2030,1772,1659,1382,1142,2453,1826,1748,1844,1474,1567,1402,1742,1893,1855,1246,1838,1621,1725,1889,1428,1731,1750,1596,1933,1539,1108,1895,1439,2361,2118,1761,1590,1118,1765,1712,2024,1672,1854,2013,1854,1638,1394,2082,1551,1033,1989,1559,1603,1479,1542,1380,1440,1722,1562,1709,1832,1700,1770,1834
"COG0188",2364,2063,1993,1465,1537,2383,2026,2206,2080,1606,1917,1739,2030,2035,2382,1440,2070,1995,1827,2110,1712,1850,2116,1880,2015,1862,1388,1921,1673,2566,2607,1934,1769,1059,2210,2170,2352,2318,1906,2391,2220,1975,1618,2280,2070,1131,2336,2016,1833,1818,1916,1575,1847,1980,1904,2027,2131,2588,2250,2173
"COG0189",24,73,52,96,74,28,24,25,118,117,36,102,42,88,19,50,42,69,83,10,69,73,41,46,127,43,120,33,58,495,32,44,15,120,46,47,7,2,17,27,28,3,12,10,10,40,26,8,93,58,11,11,27,20,37,28,24,30,18,9
"COG0190",375,467,411,393,295,527,528,484,486,345,408,409,508,478,414,452,410,427,409,519,446,370,375,403,470,412,445,467,417,413,467,385,438,282,535,419,461,488,411,381,463,453,414,419,462,294,479,479,455,377,448,484,371,385,493,447,491,507,503,486
"COG0191",837,489,695,445,582,520,579,614,646,614,572,589,618,537,752,535,675,527,702,625,492,472,709,644,696,449,457,481,535,545,542,525,520,1209,729,675,724,755,913,708,535,539,573,647,605,904,662,521,555,500,497,482,472,489,425,568,621,860,579,788
"COG0192",791,683,614,637,592,837,796,792,839,896,629,651,1007,741,852,519,698,558,593,724,659,658,690,724,654,658,453,686,802,679,759,690,686,425,810,705,665,934,613,487,711,727,634,774,670,440,655,756,608,463,665,692,638,667,687,731,637,691,831,792
"COG0193",322,294,322,208,179,314,276,267,339,294,290,328,225,306,308,213,308,332,260,425,309,277,287,320,311,287,221,267,264,277,290,280,224,212,352,306,351,302,294,386,256,253,247,267,289,215,384,213,323,255,275,291,214,305,295,291,306,333,301,369
"COG0194",615,409,535,295,332,389,408,338,404,290,403,402,344,348,469,323,536,420,435,562,329,348,364,465,436,438,303,648,393,497,473,408,324,275,480,384,425,425,477,497,382,409,365,498,414,246,460,344,387,314,320,438,431,405,379,391,462,531,454,487
"COG0195",580,562,589,462,490,726,621,750,700,517,516,666,849,587,743,426,619,631,598,701,501,570,554,614,598,552,435,684,526,685,259,216,246,174,272,234,276,350,206,245,258,237,213,272,247,156,281,284,238,184,191,215,176,225,191,215,254,214,292,317
"COG0196",426,325,397,326,239,701,272,332,428,282,395,367,460,324,481,255,401,368,421,478,353,354,327,383,357,324,295,502,303,395,403,380,272,320,392,373,465,465,438,289,411,321,326,498,386,283,423,454,412,399,311,284,346,327,353,338,395,534,391,452
"COG0197",304,229,325,193,246,297,350,271,302,168,272,219,333,258,335,242,320,271,274,339,230,276,297,315,315,276,277,315,263,282,286,255,283,190,321,258,260,408,268,355,241,302,217,301,263,161,311,314,284,247,253,306,242,243,236,224,327,181,295,277
"COG0198",110,48,100,32,75,77,49,81,91,41,79,74,100,51,101,58,79,77,80,81,68,54,74,87,86,58,61,92,57,95,260,195,152,151,246,198,264,359,237,261,169,179,186,207,212,149,254,198,173,132,150,136,222,181,141,149,239,238,233,242
"COG0199",127,123,130,95,156,164,86,171,136,139,131,180,209,109,168,139,113,128,144,143,117,59,98,159,131,107,147,137,130,167,107,158,119,99,145,122,138,300,58,181,105,95,161,135,132,120,175,177,105,74,119,146,165,99,148,143,92,102,173,134
"COG0200",300,236,300,135,269,254,265,209,307,268,288,295,212,227,279,231,307,230,225,315,276,243,197,382,237,249,184,265,204,285,284,250,224,148,290,280,309,319,334,384,195,228,240,251,238,217,359,226,244,194,195,235,239,261,249,227,324,266,241,307
"COG0201",798,658,698,368,600,831,606,694,868,586,614,760,779,622,959,473,786,638,627,825,617,584,661,783,697,586,430,842,496,843,780,620,615,508,766,696,829,983,676,963,641,518,623,852,669,451,882,707,584,545,524,532,532,624,600,635,842,884,757,843
"COG0202",597,480,533,323,376,613,509,410,513,398,556,616,560,447,420,344,605,458,428,547,490,464,458,546,545,433,352,691,357,606,614,447,472,191,610,526,653,513,606,620,468,526,501,548,402,249,658,579,510,335,496,429,387,426,432,474,513,549,474,633
"COG0203",294,239,265,118,145,307,191,205,262,189,246,246,232,168,246,176,284,260,225,232,315,200,186,308,298,282,206,312,233,257,293,212,244,129,327,228,317,279,183,390,231,257,240,263,199,106,375,252,242,149,196,281,250,275,228,259,333,145,239,275
"COG0204",711,649,746,828,788,689,895,698,713,759,727,673,792,886,599,815,744,630,821,655,681,1076,740,673,808,710,1071,891,940,836,664,751,705,869,612,688,615,811,750,889,716,721,614,635,766,1347,736,783,941,801,716,691,896,791,569,781,753,722,704,693
"COG0205",1767,1592,1467,1635,1495,1474,2214,1571,1523,1377,1590,1318,1292,1768,1474,1552,1657,1614,1676,1233,1642,1717,1818,1419,1731,1650,1389,1639,1599,1303,1624,1424,1737,691,1592,1468,1511,1479,926,1168,1499,1886,1448,1200,1562,1147,1486,1354,1646,1412,1692,1802,1321,1674,1632,1710,1495,597,1609,1718
"COG0206",592,577,616,477,466,909,700,952,649,503,579,520,982,614,446,456,604,581,579,575,545,602,655,607,567,518,382,742,508,442,670,548,568,308,734,543,929,606,652,815,713,577,555,741,493,411,716,680,592,504,547,538,478,577,554,551,653,645,584,638
"COG0207",251,382,254,374,364,276,316,220,363,285,369,339,82,344,144,332,264,352,345,246,553,298,243,437,341,293,321,262,658,241,449,341,482,252,376,310,427,132,410,311,346,421,468,149,390,327,383,242,409,259,581,377,312,508,376,370,273,468,376,387
"COG0208",83,100,89,122,277,196,295,85,146,261,166,190,70,212,64,250,191,88,220,169,88,154,240,131,178,168,198,135,173,115,101,136,224,426,104,174,102,281,315,124,87,140,97,84,98,276,47,101,149,141,157,147,158,150,115,138,130,477,104,94
"COG0209",189,727,378,951,821,916,755,358,605,798,603,676,202,716,156,1193,419,521,905,642,851,657,584,493,569,690,931,450,838,341,761,614,843,826,483,619,762,796,729,505,834,789,856,150,540,929,774,476,778,606,880,768,777,614,780,917,519,1051,540,496
"COG0210",2107,1685,2620,1728,2007,1896,1648,2244,2066,1789,2567,1949,1278,1481,1595,1310,2173,1455,1759,1985,1919,1992,2073,2120,2390,1750,2062,1979,1626,2445,1932,1613,1385,1794,2156,1911,2810,2300,3420,2022,1746,1601,6921,1768,2256,1666,2194,2582,1561,1727,1590,2076,1708,1842,1596,1462,1789,4173,1864,2271
"COG0211",47,54,61,29,46,43,27,65,49,35,49,71,62,32,64,40,53,32,39,62,27,34,40,68,44,41,28,55,31,72,144,111,84,117,158,96,136,207,144,214,93,81,154,140,121,87,197,145,93,84,67,105,113,97,101,106,152,173,117,181
"COG0212",254,283,278,247,220,239,215,253,300,248,281,259,308,262,277,244,299,300,259,329,263,275,239,268,271,278,225,237,253,330,275,217,268,170,233,293,309,402,323,223,279,285,226,299,285,197,228,315,286,212,304,317,251,276,257,277,267,365,300,288
"COG0213",166,91,182,41,59,33,68,68,256,141,88,136,55,128,69,53,230,179,88,136,43,178,258,166,195,133,38,76,97,176,87,38,49,118,115,30,57,22,112,159,33,46,19,63,29,33,91,17,84,59,47,4,41,103,29,26,115,41,63,107
"COG0214",214,55,231,39,47,420,86,274,166,51,125,125,362,48,409,16,128,70,62,236,59,180,78,179,112,122,21,262,76,140,157,50,34,42,107,71,166,313,237,81,137,122,90,344,152,70,334,193,66,98,43,62,80,90,77,129,222,333,193,120
"COG0215",759,654,688,695,515,817,806,672,763,681,638,575,754,663,769,502,726,762,729,768,703,668,695,674,742,647,514,798,599,727,744,629,583,286,822,734,729,649,702,872,796,835,624,768,660,456,729,640,636,600,662,599,565,600,604,716,732,809,640,814
"COG0216",504,445,477,408,272,584,445,590,578,395,424,449,467,497,600,373,546,468,396,607,412,441,463,457,462,396,309,510,443,499,495,466,372,258,596,497,539,534,629,597,519,507,404,463,510,305,621,370,438,353,484,429,372,439,478,554,567,526,610,548
"COG0217",349,378,360,322,320,401,347,368,446,314,428,401,297,361,393,326,376,375,323,416,366,368,387,384,396,381,318,416,325,381,440,401,394,274,431,389,354,369,414,543,389,400,328,279,364,286,410,307,362,309,396,401,336,437,406,400,434,406,409,409
"COG0218",258,201,335,201,164,314,262,309,308,200,221,336,277,215,331,180,330,240,248,318,172,229,256,350,266,202,163,290,169,340,267,209,167,223,345,299,299,303,225,422,224,211,255,296,211,212,393,314,229,219,172,159,193,204,225,221,276,168,271,307
"COG0219",227,121,179,58,65,32,136,73,198,119,184,162,34,115,119,69,294,161,101,214,64,155,180,192,216,128,44,128,99,200,191,115,89,130,196,170,183,74,275,296,83,126,64,134,88,85,179,72,123,107,123,83,140,158,104,100,198,347,117,273
"COG0220",380,370,364,305,381,418,403,345,323,323,358,380,302,345,352,339,396,334,321,331,352,281,372,443,328,346,276,438,325,304,340,322,340,252,384,333,376,384,434,454,309,367,287,325,326,284,462,366,391,267,312,374,280,320,323,341,327,399,320,400
"COG0221",72,79,94,30,50,11,25,50,101,87,120,79,39,36,39,29,100,92,84,75,39,99,34,65,114,87,35,172,54,113,122,55,41,142,192,139,122,45,120,205,52,68,92,58,43,19,87,25,75,44,42,17,67,60,59,52,106,244,98,140
"COG0222",167,149,177,121,154,163,162,144,219,127,185,219,240,146,172,152,222,164,128,203,136,160,167,202,128,185,127,199,137,203,225,178,169,154,231,179,174,239,234,224,165,164,173,172,127,147,262,176,143,141,133,142,177,173,150,155,222,215,141,170
"COG0223",461,467,503,402,481,581,499,461,518,514,466,491,438,467,480,460,515,428,458,527,489,394,456,523,416,492,438,527,452,470,477,403,445,603,527,443,514,396,445,591,454,464,479,424,461,379,449,542,448,399,427,478,320,460,411,447,490,538,499,498
"COG0224",822,502,522,386,390,629,646,520,511,351,513,399,547,478,581,383,564,558,434,705,452,581,651,511,639,512,392,578,481,496,617,411,473,310,464,396,553,525,603,287,395,594,367,563,470,312,513,563,540,387,473,527,444,560,444,442,656,571,482,515
"COG0225",67,145,128,239,314,47,202,456,213,277,199,137,82,152,329,304,109,100,225,112,217,156,139,156,139,198,248,94,169,95,97,178,203,260,96,150,106,323,330,132,127,188,217,62,158,295,89,120,168,235,196,218,164,116,166,160,63,104,284,108
"COG0226",520,597,521,540,489,688,613,494,540,584,395,499,561,529,831,529,505,416,495,654,484,574,569,519,461,590,481,584,518,452,508,514,436,457,485,492,520,562,637,340,484,590,509,538,515,522,518,693,544,574,417,363,512,613,566,500,487,692,531,548
"COG0227",48,83,93,80,95,109,80,119,81,105,108,144,127,67,130,122,80,97,81,102,116,48,70,115,68,101,93,98,98,126,69,74,115,83,60,82,113,191,42,89,82,88,136,47,123,67,103,116,87,63,110,116,74,72,94,93,45,95,125,94
"COG0228",121,150,159,112,127,122,132,130,182,78,148,185,134,104,107,139,160,165,87,164,160,145,126,141,131,174,144,152,134,172,156,162,112,65,151,184,182,190,153,234,170,170,177,135,159,98,202,148,142,107,155,141,131,148,151,139,175,289,136,166
"COG0229",19,111,63,200,192,17,111,66,93,81,116,70,24,54,15,171,43,72,76,87,182,79,91,52,58,164,212,43,124,51,44,124,102,134,99,106,22,16,198,70,112,117,184,37,110,244,56,88,98,166,143,132,155,58,102,99,26,78,113,30
"COG0230",44,65,49,57,88,10,47,27,32,48,80,59,4,53,12,81,41,69,77,38,59,49,47,75,41,41,87,56,57,47,48,67,76,17,45,67,46,34,32,44,35,48,71,22,39,66,60,47,52,45,61,71,63,41,75,36,50,38,52,71
"COG0231",324,295,341,220,213,374,322,329,349,250,317,389,479,270,379,246,311,292,319,451,356,248,272,369,347,270,288,346,284,333,343,306,347,360,329,317,332,434,290,481,359,307,307,304,339,213,434,400,258,245,289,334,198,292,315,277,357,337,373,346
"COG0232",480,452,453,428,422,714,511,650,582,604,535,408,721,514,840,390,501,605,630,360,508,460,542,498,540,485,351,594,475,951,605,511,544,390,553,536,655,764,509,666,509,453,426,611,516,351,609,656,463,394,622,447,496,656,438,363,628,413,621,596
"COG0233",262,317,339,276,303,371,337,373,370,307,325,371,417,327,325,282,333,321,273,371,327,285,317,361,296,277,283,387,324,340,305,338,336,165,374,306,283,417,319,456,298,301,324,279,318,256,376,302,373,233,296,375,290,362,333,358,428,350,336,381
"COG0234",153,150,206,103,193,128,163,114,189,116,237,216,162,130,128,165,210,184,173,163,183,160,134,220,166,173,144,176,181,176,162,159,128,131,176,165,149,200,234,192,126,161,174,142,165,99,211,168,171,170,156,207,151,166,166,159,181,184,163,168
"COG0235",533,616,593,440,639,891,721,629,633,900,677,496,751,480,448,664,419,569,572,346,621,440,510,584,569,551,633,601,549,532,504,541,696,1103,540,657,624,279,384,429,555,640,548,635,502,789,477,741,751,596,696,732,686,507,638,690,364,505,752,581
"COG0236",292,196,266,200,277,143,266,153,224,169,279,314,244,248,236,173,352,249,267,276,177,255,304,265,243,216,188,309,213,299,230,178,222,89,240,209,194,315,167,245,158,206,213,255,212,160,298,260,227,198,197,266,241,205,263,161,249,107,245,285
"COG0237",278,261,265,205,238,346,261,219,254,226,347,265,172,274,223,247,305,254,211,294,305,238,235,239,250,237,256,324,252,252,262,272,247,104,262,247,311,220,343,426,259,270,289,242,239,165,345,279,240,188,274,328,238,270,279,297,340,387,251,276
"COG0238",136,118,159,72,72,118,85,133,118,110,78,135,159,61,200,78,135,106,109,152,77,85,84,193,134,104,68,136,84,195,129,114,65,65,199,112,146,212,173,183,95,86,123,153,105,53,201,116,69,91,77,88,120,122,101,94,157,173,158,162
"COG0239",38,119,70,92,136,23,109,74,51,84,107,165,21,149,28,145,60,119,60,163,146,102,75,90,76,99,138,56,117,45,61,111,166,235,37,108,49,39,95,93,79,96,109,21,104,93,41,84,119,101,93,160,56,122,106,95,62,254,95,37
"COG0240",441,480,503,381,287,589,471,501,486,400,476,447,536,413,568,430,506,463,434,592,471,408,470,477,415,398,408,426,473,456,517,506,399,301,482,412,483,494,536,608,476,488,436,514,495,303,572,438,458,365,453,438,385,455,457,481,473,543,534,556
"COG0241",151,403,256,332,373,446,222,684,261,330,277,417,409,357,322,497,253,248,343,300,419,257,333,315,245,359,389,496,271,296,135,284,399,303,212,309,300,217,199,203,412,220,360,395,437,321,137,323,257,372,257,374,231,312,407,386,213,58,307,178
"COG0242",487,385,424,242,300,265,355,331,368,308,439,398,349,277,372,300,491,309,302,507,392,334,285,393,357,335,312,374,331,356,426,291,280,188,447,416,451,377,632,567,386,411,316,337,356,286,437,380,348,295,358,337,323,371,296,341,508,885,369,468
"COG0243",199,153,142,174,341,460,435,428,347,1344,166,588,179,260,122,415,139,65,692,428,222,407,265,198,656,528,332,93,267,234,44,126,289,3621,71,209,143,118,447,286,354,464,78,152,328,547,130,116,117,63,294,371,407,114,306,336,124,535,71,91
"COG0244",287,250,223,103,170,81,198,144,279,261,270,312,62,162,121,171,291,180,279,233,195,258,176,337,298,168,116,203,176,196,101,64,62,73,149,97,144,33,137,160,69,62,85,66,76,49,98,72,95,58,59,71,60,90,84,72,126,165,90,120
"COG0245",261,303,289,193,241,351,348,262,355,232,344,335,390,316,319,212,291,326,180,297,322,300,344,319,293,294,208,341,254,277,312,261,257,149,263,314,279,317,354,250,304,258,226,290,287,228,297,356,267,258,250,303,196,331,314,306,276,275,346,234
"COG0246",1148,634,871,574,606,633,843,1093,620,748,546,773,1549,565,1471,542,640,611,652,1053,407,549,955,592,709,616,572,623,545,939,656,561,934,1330,660,600,752,1002,667,337,607,623,349,976,914,697,439,990,614,811,636,483,502,648,462,620,496,479,973,666
"COG0247",291,355,300,417,331,479,458,636,349,467,482,532,419,472,343,588,277,371,406,384,554,382,318,305,401,610,489,282,430,276,309,627,383,537,259,313,344,365,243,414,579,589,691,271,432,278,301,377,401,310,745,550,420,445,442,637,353,160,352,234
"COG0248",258,329,359,256,396,481,350,346,390,565,283,485,126,263,168,319,319,202,444,676,199,326,283,381,370,265,279,213,310,324,302,265,274,631,303,230,437,243,1049,207,317,280,197,253,249,386,221,302,197,283,187,314,293,316,234,391,343,655,299,363
"COG0249",1196,1450,1403,1353,986,1896,1326,1180,1552,1267,1242,1206,1299,1437,1211,1096,1393,1267,1315,1315,1456,1611,1342,1445,1442,1365,1202,1605,1292,1368,1506,1307,1348,430,1601,1291,1673,1067,823,1867,1503,1236,1257,1883,1276,1227,1524,1430,1582,1317,1340,1339,1046,1619,1278,1388,1656,534,1232,1650
"COG0250",437,312,326,265,323,427,371,353,465,394,401,492,426,310,419,268,376,263,387,464,332,444,331,466,420,320,264,539,280,436,399,298,285,355,347,430,452,521,462,485,315,336,361,459,344,232,425,397,310,261,311,410,285,368,293,293,453,518,352,378
"COG0251",388,566,458,381,497,334,391,457,493,695,553,597,707,555,710,439,362,510,452,430,430,417,412,429,451,460,427,435,508,532,398,574,563,611,304,380,410,914,323,341,427,364,478,553,539,467,372,466,438,419,397,416,561,466,619,572,436,242,594,467
"COG0252",433,624,525,860,782,837,742,579,578,595,746,519,506,729,526,914,490,686,625,574,966,560,641,486,535,777,894,620,760,512,478,782,843,588,448,729,553,621,320,487,827,811,758,401,605,776,552,671,712,613,1004,955,750,764,727,740,498,518,627,426
"COG0253",450,404,378,349,364,546,379,427,454,362,389,406,401,419,335,338,396,439,363,539,359,325,348,409,446,338,321,349,387,425,390,401,342,346,402,374,407,470,471,464,389,399,326,475,387,285,407,430,430,289,356,443,347,386,416,429,417,585,428,385
"COG0254",34,38,52,52,39,18,24,20,38,24,58,67,30,14,21,56,50,48,50,40,51,43,35,41,34,45,45,43,32,59,103,75,69,115,108,110,120,69,139,190,97,98,149,126,75,86,157,75,95,69,99,128,85,106,120,87,110,103,83,125
"COG0255",90,56,86,25,38,13,67,32,93,43,82,77,26,42,35,25,116,60,54,88,32,50,84,97,108,48,27,72,36,91,95,58,57,75,114,87,86,29,139,132,44,75,49,65,37,36,80,43,72,41,52,32,70,72,44,59,114,159,70,107
"COG0256",328,210,239,161,164,282,259,292,246,231,253,265,305,183,309,189,282,220,216,273,206,231,195,313,260,266,173,329,213,260,268,188,213,146,287,209,295,324,301,326,216,235,211,221,250,109,326,274,183,128,203,275,189,252,233,260,264,291,263,285
"COG0257",11,8,20,13,8,3,11,5,11,4,21,18,5,13,15,6,40,11,26,10,9,12,12,14,49,13,9,22,9,18,19,8,13,5,7,15,19,11,36,4,4,25,3,14,3,4,33,15,6,14,15,8,30,10,8,16,6,56,12,20
"COG0258",1048,1004,1011,869,701,1292,1082,1237,1255,891,922,939,1501,946,1335,830,1066,1051,725,1284,994,849,1025,1004,939,945,868,980,871,1124,973,919,847,769,1091,970,1143,1503,1157,1355,1054,1115,878,1195,1059,765,1172,1137,1103,913,976,802,865,998,921,1075,1026,1348,1167,989
"COG0259",1,104,33,187,56,2,43,49,29,69,74,38,3,99,8,168,36,97,88,9,76,95,40,25,27,87,234,51,154,30,27,156,107,54,24,63,12,4,2,63,79,65,61,13,67,104,21,19,116,87,130,138,156,98,116,66,72,17,84,7
"COG0260",29,36,35,38,30,44,49,130,60,150,20,111,7,46,8,52,26,17,71,102,45,40,58,59,80,95,47,24,43,51,18,18,47,362,28,33,55,7,139,24,81,25,62,31,20,150,20,17,36,22,42,45,33,33,80,71,13,88,29,16
"COG0261",203,194,235,108,206,207,225,216,242,174,226,280,225,139,211,158,178,186,156,220,171,165,173,270,175,184,123,217,146,259,207,155,192,131,223,205,244,252,239,264,186,156,194,159,175,127,220,197,183,162,136,198,136,154,176,168,186,255,211,239
"COG0262",127,108,132,142,98,155,94,82,119,126,125,112,94,124,69,128,113,134,115,128,114,105,98,129,127,128,107,138,111,99,312,253,294,560,239,276,259,187,365,229,257,320,343,247,239,244,271,318,394,238,290,382,314,258,290,281,264,500,235,313
"COG0263",351,410,321,382,338,138,487,262,391,360,372,337,51,513,184,302,424,401,400,350,361,383,340,340,417,366,337,276,385,297,492,420,352,170,393,430,489,107,467,260,471,381,259,254,361,376,224,216,448,351,379,464,401,398,369,405,343,499,333,370
"COG0264",414,498,496,377,466,673,522,408,496,491,472,565,448,560,310,356,487,415,505,469,527,444,415,512,506,410,378,623,394,497,217,189,200,112,229,208,230,207,158,244,206,188,174,150,155,150,264,177,180,165,185,172,174,205,173,190,219,151,181,220
"COG0265",996,850,718,659,608,988,752,756,882,641,736,728,604,572,630,771,910,738,716,728,852,758,857,852,751,975,817,613,783,738,841,712,530,926,1103,857,836,528,843,1032,953,1038,986,616,770,506,938,783,796,615,784,766,776,712,821,670,855,838,791,859
"COG0266",47,71,70,101,45,53,49,84,52,136,55,124,17,81,31,97,45,60,84,145,82,68,71,87,32,123,127,46,112,54,31,127,109,300,32,66,45,19,108,226,73,42,198,44,83,89,39,21,40,176,69,82,105,58,110,69,84,93,48,56
"COG0267",51,67,78,48,71,62,53,65,52,51,72,96,75,47,74,73,51,42,86,46,55,39,46,72,35,51,95,72,57,76,48,50,64,40,47,47,53,112,43,69,54,48,66,57,66,73,90,106,60,45,84,85,81,49,62,52,43,67,75,76
"COG0268",110,43,100,17,36,13,38,35,75,47,65,67,19,37,53,32,104,75,49,100,32,67,69,108,69,44,27,76,48,118,73,54,26,84,108,49,51,31,122,164,51,53,37,80,40,39,103,39,35,43,35,37,46,71,37,67,117,122,40,115
"COG0269",9,14,9,5,4,25,3,12,5,70,0,14,1,6,4,15,8,2,37,6,7,3,11,2,5,18,11,2,4,1,3,2,6,200,29,13,3,0,13,14,9,6,8,0,5,22,2,1,6,5,4,12,7,3,11,2,3,31,1,12
"COG0270",770,950,2100,726,465,2245,590,529,1027,862,1418,3044,1093,615,1382,208,1405,1191,844,1108,1043,1228,695,4048,1480,707,1020,1303,1257,1517,1267,1104,1682,462,1141,1280,1188,815,921,973,1047,914,1157,1879,836,379,2251,1160,1328,730,1116,1216,792,1098,1119,1057,709,1160,882,2071
"COG0271",1,0,0,4,6,3,5,5,2,12,0,8,6,4,1,7,2,0,19,0,1,1,0,0,9,4,8,0,5,0,0,0,3,27,0,0,0,0,0,0,1,1,1,3,0,5,0,1,2,0,0,0,2,0,1,0,1,5,1,0
"COG0272",833,1005,941,705,612,998,641,897,1081,691,944,818,738,920,947,776,894,940,760,1039,706,813,860,947,668,744,914,903,827,893,1065,848,695,830,900,913,879,932,810,1234,922,778,7416,824,819,485,1170,849,868,643,774,793,649,835,809,777,1036,1053,915,979
"COG0274",137,120,150,136,160,237,161,163,178,136,131,141,206,148,207,133,143,140,168,177,172,130,158,147,101,137,152,161,138,170,354,392,383,366,338,357,386,665,248,255,390,338,423,476,421,477,386,463,399,379,348,420,424,323,352,322,296,213,434,340
"COG0275",610,461,538,438,409,539,552,588,564,421,538,504,538,566,652,428,734,536,530,658,445,547,491,523,624,455,395,526,539,511,550,490,433,308,569,499,579,668,677,702,488,511,370,609,526,396,606,582,529,471,465,480,555,469,510,439,518,628,588,558
"COG0276",19,4,4,7,15,17,23,16,15,31,10,14,7,15,6,20,34,0,18,52,6,12,6,5,35,22,12,2,6,12,1,2,1,41,0,3,3,3,10,5,4,9,3,8,5,6,1,1,1,1,0,5,6,2,4,0,1,5,2,6
"COG0277",127,304,179,278,221,184,321,340,255,508,349,717,92,362,64,628,227,372,370,549,351,273,287,197,277,511,369,149,298,247,188,447,360,783,169,247,320,69,1167,328,555,359,429,82,219,223,165,179,263,181,475,385,339,299,335,382,405,269,220,146
"COG0278",1,1,0,1,4,5,5,4,3,18,0,1,5,3,0,10,6,0,11,1,3,0,1,0,7,7,4,0,2,0,0,0,2,30,0,0,0,0,0,1,1,0,0,2,1,1,0,1,2,0,0,0,1,0,0,0,0,6,0,0
"COG0279",59,115,65,102,172,45,66,295,129,108,65,169,65,64,106,140,112,33,80,134,48,41,161,79,80,101,69,110,60,110,35,63,111,322,57,92,108,31,158,56,142,26,75,309,125,175,37,43,57,111,52,80,93,29,53,85,86,37,83,55
"COG0280",658,1311,815,1305,1210,1737,1474,1120,880,1231,1244,1060,1223,1445,860,1417,757,1156,1263,841,1525,929,986,921,1102,1269,1245,1025,1327,901,950,1190,1703,734,1033,978,1221,995,856,1139,1318,1244,984,844,1222,967,1173,1382,1198,1039,1431,1571,1076,1282,1373,1368,1032,768,1089,852
"COG0281",575,762,558,779,703,1036,841,624,673,698,683,599,759,895,480,794,575,737,737,527,849,599,796,555,874,794,688,821,811,489,670,635,908,620,644,724,695,632,495,740,837,797,510,582,718,641,739,708,698,566,900,877,616,787,801,774,643,285,690,563
"COG0282",577,492,570,427,304,537,442,683,598,534,481,544,664,480,690,384,594,467,495,796,492,477,486,533,525,583,362,617,429,650,265,220,175,153,326,215,260,264,217,354,201,193,233,265,194,137,270,189,193,188,189,177,203,203,217,230,275,303,255,291
"COG0283",126,121,129,88,90,146,105,149,156,131,139,143,157,115,119,96,132,149,100,157,104,108,93,115,114,129,76,148,85,139,370,295,228,168,396,351,400,468,514,473,356,328,291,354,325,223,288,372,317,288,294,228,304,300,273,274,384,651,385,408
"COG0284",458,397,394,322,380,516,541,414,462,300,450,432,363,426,384,348,433,408,405,498,412,398,449,453,457,395,361,494,347,364,444,415,437,156,426,489,486,443,541,415,491,459,344,410,394,285,427,366,385,400,401,404,378,428,344,423,424,759,414,427
"COG0285",811,576,646,440,527,667,671,606,685,545,541,649,582,548,667,422,725,581,542,781,548,607,591,707,562,617,417,661,523,694,704,454,409,343,598,682,702,845,647,405,547,570,461,621,641,358,719,578,618,499,549,537,426,627,566,534,702,625,652,578
"COG0286",1345,1466,1505,1009,1207,2215,1161,651,1337,1450,1177,1659,2009,981,1644,716,1285,1728,1158,1692,1627,1347,1384,1709,1318,1334,856,920,882,1292,1263,1132,897,466,1138,976,1576,3244,887,866,1173,1775,1110,2995,1429,1208,1628,2180,1249,987,923,723,614,1372,1406,1333,1717,706,2148,2122
"COG0287",351,262,285,224,178,71,204,139,353,194,260,246,55,277,171,139,387,307,204,259,162,330,381,302,290,291,189,198,191,267,323,318,203,217,326,337,253,116,477,181,263,253,194,201,212,244,228,91,276,263,252,205,292,298,282,205,393,439,261,326
"COG0288",65,80,129,132,165,62,137,184,86,184,161,159,179,131,238,139,105,113,223,194,133,93,84,101,162,164,128,77,111,133,62,120,134,215,72,121,198,204,289,61,107,109,128,228,168,195,60,198,91,154,100,138,155,84,154,128,71,246,130,134
"COG0289",406,359,393,381,351,493,489,419,406,373,462,388,482,445,429,344,425,391,395,462,426,449,403,384,412,411,384,401,382,342,366,338,460,184,359,433,432,383,441,297,355,446,354,400,377,314,443,431,451,345,370,533,362,392,408,382,461,430,444,313
"COG0290",325,294,349,181,247,358,251,338,330,237,359,352,339,228,423,290,331,346,312,371,285,274,230,418,277,278,203,364,307,337,330,250,259,136,350,311,374,426,253,452,267,276,279,297,310,171,423,295,281,187,274,241,243,341,272,253,351,286,344,379
"COG0291",107,86,117,94,139,66,70,55,108,84,96,154,53,78,59,73,110,100,82,103,103,70,76,134,85,92,99,95,87,116,89,97,92,63,106,119,88,105,74,101,71,73,123,63,64,112,159,70,99,72,76,103,112,105,74,96,104,57,105,105
"COG0292",217,152,221,128,190,116,199,207,242,188,200,264,174,156,218,160,265,162,175,228,155,169,160,264,192,169,143,187,139,256,203,161,178,145,232,193,208,274,222,271,187,194,169,169,163,99,276,185,146,140,153,156,156,160,136,165,208,161,212,251
"COG0293",5,2,3,1,8,9,15,50,15,45,3,12,8,8,3,14,3,0,19,8,5,7,7,3,19,12,12,2,8,9,3,7,5,71,1,1,3,6,0,7,4,16,6,4,11,10,6,4,1,1,10,9,12,6,8,10,1,11,1,3
"COG0294",254,277,215,333,267,441,304,452,303,317,315,321,444,245,292,371,181,228,241,264,372,279,184,331,276,286,301,276,306,302,260,269,305,282,166,295,324,370,347,196,357,265,393,345,330,289,336,370,364,269,317,365,188,280,305,329,261,316,265,246
"COG0295",220,187,211,172,197,278,138,229,268,170,191,238,224,198,209,214,192,241,223,195,190,179,213,243,211,194,156,219,189,232,214,213,163,198,274,173,256,223,196,340,203,196,252,181,210,181,278,247,172,164,158,157,214,266,194,190,268,98,214,212
"COG0296",1509,890,1261,816,1069,946,1300,914,1102,781,1164,967,641,1159,1009,841,1007,1305,1202,1051,928,1229,1154,953,1287,1118,716,1093,997,1111,1394,969,1087,624,1337,1076,1428,1079,1067,744,997,944,941,1107,1086,735,1183,640,1036,1178,920,980,1047,1191,998,1172,1309,1132,955,1256
"COG0297",665,559,604,432,401,423,547,544,630,479,649,543,434,531,597,420,726,600,526,486,468,560,575,577,611,527,447,533,522,650,679,456,486,368,674,657,553,566,498,370,480,595,435,521,518,336,648,539,528,452,554,490,571,525,488,529,609,233,556,598
"COG0298",17,9,28,23,20,19,4,13,17,12,16,25,7,12,12,22,19,7,35,26,23,16,14,33,20,19,24,5,13,8,7,8,10,98,8,48,10,6,11,11,20,18,23,15,11,9,10,5,7,7,7,11,38,7,10,6,8,22,23,17
"COG0299",104,109,99,82,116,33,176,54,117,76,118,139,21,135,57,115,107,159,116,100,140,117,116,113,113,138,99,79,130,122,309,265,263,190,335,316,266,93,242,239,247,348,270,145,256,217,178,254,336,302,290,370,338,321,263,257,303,103,242,213
"COG0300",275,250,346,311,383,385,336,279,334,333,306,280,205,360,353,300,362,280,310,514,210,363,334,350,300,258,256,331,309,242,305,349,305,125,394,305,302,331,305,523,328,313,282,271,295,392,503,276,266,357,260,289,373,312,286,284,416,409,322,371
"COG0301",183,95,137,39,44,18,92,56,112,72,93,76,22,106,58,37,173,94,73,144,42,88,151,91,119,97,27,95,53,115,312,202,127,328,344,278,266,121,238,337,161,246,93,263,163,67,255,95,251,253,190,118,202,215,184,167,348,198,177,260
"COG0302",222,518,262,233,335,340,246,296,257,232,265,276,367,229,326,260,187,273,338,250,215,276,143,352,266,278,233,343,293,293,238,234,265,116,204,236,280,387,193,194,259,192,3777,256,252,213,246,357,239,209,201,243,243,302,280,325,271,237,259,206
"COG0303",423,93,190,76,96,56,334,157,188,191,101,248,15,246,149,96,343,115,129,348,106,159,438,138,182,206,59,110,116,238,176,97,83,346,167,143,187,99,386,129,83,262,73,155,137,189,116,114,125,151,176,151,174,90,133,156,139,186,114,148
"COG0304",630,692,791,803,783,877,1075,946,734,726,836,705,1205,1030,878,707,965,587,723,948,746,1260,711,833,771,760,893,1094,880,587,885,750,722,471,749,916,836,1056,1836,824,1112,837,581,741,798,881,821,877,806,832,785,846,944,848,621,843,925,2331,917,601
"COG0305",890,1286,882,1031,598,1053,1183,847,827,689,915,788,635,968,800,879,826,913,677,905,782,801,1002,846,774,1032,721,931,857,852,817,941,1028,448,978,1146,1043,909,809,1145,1461,940,788,750,935,804,918,852,865,846,1094,1031,670,762,1050,936,732,1048,875,966
"COG0306",29,104,140,199,208,74,138,68,90,246,109,248,24,168,53,275,85,45,131,174,105,128,98,186,163,82,204,73,172,61,46,132,145,529,84,161,115,23,485,234,117,75,92,34,87,259,41,60,110,108,101,143,135,122,85,157,51,237,76,171
"COG0307",194,249,234,227,254,331,261,306,185,245,206,276,290,258,285,251,171,220,264,291,260,185,244,236,269,227,201,277,174,225,261,263,307,163,162,217,260,287,114,141,225,229,248,253,265,200,186,246,203,223,228,283,219,225,255,262,239,92,304,210
"COG0308",73,42,74,161,185,85,146,153,159,105,150,131,18,110,25,166,86,44,220,471,270,165,72,86,115,224,84,80,119,69,27,26,33,143,14,40,82,12,179,26,58,65,114,22,59,37,10,85,105,88,40,57,65,16,30,23,18,393,9,26
"COG0309",286,152,187,92,72,34,119,58,100,131,115,132,21,124,111,78,223,124,115,212,88,186,119,168,239,181,46,112,99,130,170,63,47,206,127,142,177,52,261,88,85,163,49,157,102,24,125,72,98,128,73,76,157,135,108,109,172,120,122,161
"COG0310",79,52,39,15,21,17,26,43,52,60,29,65,4,17,30,15,105,32,20,56,22,27,60,64,38,37,9,28,34,38,84,29,18,32,43,54,41,7,97,34,29,39,54,34,43,62,27,22,39,9,24,35,40,19,50,24,37,58,55,58
"COG0311",118,43,186,25,41,219,47,113,75,47,110,76,199,36,175,16,96,47,39,139,35,90,43,140,67,72,27,148,52,72,33,18,4,8,27,16,36,78,86,17,31,27,37,63,30,24,96,72,10,21,17,25,31,28,18,22,69,94,49,39
"COG0312",100,366,180,405,100,49,324,237,176,235,342,181,238,297,45,354,223,358,112,66,444,181,234,90,165,455,420,133,396,116,218,488,412,294,134,172,94,53,122,196,355,421,394,157,261,70,247,183,215,253,420,390,327,384,458,391,199,48,282,97
"COG0313",518,525,476,496,498,535,554,430,556,476,575,510,496,536,452,562,486,562,519,551,533,545,517,560,538,593,563,560,515,486,493,543,523,298,474,567,539,487,537,606,567,477,587,419,505,421,675,494,526,489,551,626,444,532,549,506,547,625,548,595
"COG0314",5,3,3,1,6,13,4,7,12,32,5,9,1,5,1,8,6,0,17,8,7,2,6,2,17,8,7,2,3,7,0,4,10,93,2,3,1,2,0,6,10,6,1,5,2,14,3,1,0,1,6,8,7,1,2,8,3,11,1,2
"COG0315",192,56,68,33,27,32,119,51,55,73,32,94,16,65,70,53,147,59,70,138,49,65,171,51,100,48,33,36,34,74,59,40,37,151,75,73,73,51,154,45,36,84,38,76,41,58,38,58,55,37,91,58,71,22,67,99,68,71,58,92
"COG0316",13,6,2,12,26,31,38,55,14,117,16,36,20,18,6,34,13,1,50,11,15,13,10,0,56,41,22,2,17,9,0,4,11,309,1,9,2,12,0,8,13,30,2,14,12,19,3,8,11,1,9,8,24,4,6,9,1,35,3,7
"COG0317",1240,1285,1443,1178,998,2108,1393,1759,1536,1168,1321,1282,1920,1258,1760,1156,1272,1302,1348,1554,1435,1308,1174,1328,1533,1261,1217,1489,1286,1384,1346,1437,1391,826,1450,1262,1543,1752,1079,1511,1620,1358,1282,1461,1635,971,1590,1299,1364,1197,1415,1357,1224,1234,1434,1388,1225,1175,1455,1428
"COG0318",575,1055,715,935,1115,729,1109,735,1135,1020,860,781,648,1311,432,1099,740,1043,1057,578,891,1124,925,1132,896,955,977,632,1051,1067,1027,1053,1277,1212,771,844,723,534,383,1612,886,824,581,520,935,882,771,782,940,891,1004,1087,925,928,962,853,1210,334,959,762
"COG0319",262,220,343,214,175,400,318,279,267,197,293,275,241,236,278,258,347,283,266,319,287,248,283,295,258,252,245,335,215,302,294,234,250,156,304,300,294,363,308,383,265,307,267,257,242,168,322,275,263,255,271,282,240,299,205,257,291,304,260,310
"COG0320",53,202,102,247,282,71,254,123,160,218,227,201,19,256,29,241,116,171,194,56,312,160,143,159,245,190,279,87,234,90,119,238,250,181,129,196,145,33,81,179,211,220,322,15,181,154,103,150,208,175,291,361,115,197,250,246,83,45,195,157
"COG0321",23,169,85,193,170,49,147,90,98,157,148,138,13,179,10,196,60,148,148,35,277,123,91,116,121,146,206,62,174,59,69,176,176,117,80,131,96,13,20,87,137,154,195,14,153,129,61,96,142,139,195,193,140,116,174,165,69,30,105,96
"COG0322",931,768,863,705,458,1069,761,748,953,676,787,776,846,734,970,639,881,787,807,932,716,750,758,859,833,787,665,905,759,867,838,769,656,448,887,807,1015,1039,636,1121,874,907,749,1066,808,586,919,1009,806,756,783,625,685,750,754,806,961,998,802,916
"COG0323",585,612,694,630,589,988,809,535,798,568,620,701,985,661,483,676,791,631,517,541,698,637,639,690,646,709,624,741,692,721,261,238,251,157,322,269,240,228,183,429,273,281,273,291,259,228,378,357,264,260,274,313,245,289,238,246,326,122,208,327
"COG0324",484,684,577,594,611,991,631,644,543,625,766,567,716,671,631,714,541,684,659,556,762,557,540,597,587,681,716,665,689,659,607,708,777,314,585,586,704,798,489,766,603,658,619,525,703,486,753,654,674,501,662,714,679,714,693,591,539,497,797,660
"COG0325",300,349,339,224,254,410,345,372,409,290,389,387,385,342,384,265,334,376,338,295,326,327,387,357,327,335,298,398,284,367,357,332,282,216,320,349,378,378,435,258,360,336,328,294,332,217,361,362,344,267,322,324,307,351,304,298,355,376,360,340
"COG0326",376,323,376,330,452,400,303,364,325,257,357,389,382,366,450,321,410,391,353,299,288,370,320,448,372,325,320,404,384,443,907,920,784,536,934,1078,881,1129,645,1339,862,866,834,688,920,827,928,765,917,765,866,686,980,900,818,811,987,343,875,899
"COG0327",240,326,239,196,274,320,250,340,308,239,328,328,210,252,314,295,234,297,258,439,314,211,305,231,225,279,252,285,236,219,286,258,223,127,261,378,344,228,383,239,405,239,369,213,297,254,291,329,293,234,330,293,311,287,274,301,235,422,312,242
"COG0328",80,113,215,37,35,29,72,67,268,62,105,160,22,112,80,41,105,74,52,183,128,53,146,248,78,65,69,53,32,125,88,82,52,203,132,102,121,55,330,165,96,79,2620,126,57,35,141,24,98,50,78,55,49,83,108,67,67,234,90,129
"COG0329",664,837,834,728,997,696,845,808,769,809,718,791,591,907,680,812,758,893,779,714,599,709,1024,653,795,717,748,745,746,681,733,796,918,1049,779,819,775,554,1105,775,841,632,797,598,745,1086,797,762,835,743,613,805,814,952,790,782,712,808,903,787
"COG0330",574,424,664,382,432,863,524,659,629,439,499,528,568,494,446,339,663,452,495,410,338,558,724,554,583,434,373,721,439,682,740,434,431,933,834,481,502,1038,436,699,536,494,377,617,450,489,599,653,410,387,437,402,426,440,539,592,1136,799,551,764
"COG0331",376,367,404,360,381,521,415,468,384,363,629,479,534,457,439,363,534,350,348,762,393,432,397,426,381,447,374,479,361,355,404,331,414,330,388,454,579,514,1544,410,514,440,382,411,416,315,472,448,348,361,413,464,396,422,357,464,460,2269,475,413
"COG0332",438,608,648,695,885,612,653,650,528,491,515,722,687,1040,682,692,513,779,722,670,722,730,481,570,708,888,733,677,1036,574,619,753,864,282,488,462,472,674,312,765,558,732,688,515,732,594,492,568,565,696,732,600,751,577,706,734,741,220,674,509
"COG0333",55,65,62,44,62,51,41,61,53,96,83,76,60,50,48,69,83,80,72,66,67,54,29,86,68,59,65,53,81,58,52,63,43,47,80,70,61,68,25,122,52,67,87,64,50,67,108,65,68,41,65,82,56,75,67,73,84,30,69,89
"COG0334",267,378,324,330,363,390,406,347,374,331,399,383,360,416,338,413,285,375,354,269,392,338,337,320,382,371,350,323,391,335,1020,889,1006,520,870,928,952,930,951,707,952,835,815,588,960,714,1125,761,1055,822,1016,996,824,970,979,1003,816,640,940,782
"COG0335",210,224,246,117,153,211,169,177,183,166,208,206,229,156,262,167,210,187,150,182,154,205,165,261,225,174,163,246,177,284,226,170,179,93,224,196,244,247,200,295,143,197,187,249,209,123,228,189,146,137,212,200,156,202,164,211,225,214,220,225
"COG0336",138,139,170,83,96,143,119,168,161,102,159,140,158,97,157,100,150,157,108,180,126,108,165,153,137,156,87,124,108,162,384,315,254,246,430,326,428,450,420,447,323,386,301,314,305,186,384,427,299,272,296,294,306,360,281,301,394,535,417,406
"COG0337",491,422,482,347,367,435,439,516,582,405,441,484,523,376,471,347,400,433,499,563,367,392,451,435,497,410,296,456,364,483,527,379,459,303,454,465,540,576,588,325,511,467,414,471,429,360,376,363,440,433,380,369,322,466,414,375,466,674,471,422
"COG0338",313,294,302,155,494,133,250,184,301,440,523,428,751,278,80,270,296,132,283,118,232,316,453,458,94,299,132,431,203,272,288,205,155,412,252,468,250,163,258,251,256,381,209,220,319,213,317,251,290,242,255,376,282,101,257,188,303,85,237,521
"COG0339",407,939,706,1230,996,1723,943,1493,779,1064,865,930,1786,1005,1311,1297,357,789,986,693,1256,766,570,810,720,960,1233,992,1090,763,737,1021,1085,467,513,863,699,1462,117,647,1206,963,1297,761,1271,745,689,1244,901,915,1250,1215,795,943,1062,1073,460,175,1181,565
"COG0340",595,385,448,333,409,454,542,499,533,379,485,473,424,425,530,366,549,408,466,580,331,465,580,461,406,412,414,488,355,481,406,444,378,208,523,424,482,474,515,399,438,529,355,465,391,271,415,415,474,421,453,351,404,421,422,400,508,417,492,462
"COG0341",375,285,301,388,230,71,358,206,285,217,215,330,84,349,250,168,454,265,204,335,190,335,540,244,343,199,308,319,193,322,384,374,242,363,468,274,196,196,275,514,279,265,272,197,343,383,300,159,260,410,295,124,387,208,269,295,348,227,322,378
"COG0342",848,850,866,842,420,1520,862,964,789,720,569,704,1791,719,1241,723,695,883,782,832,626,946,776,658,851,693,781,1262,769,889,994,856,885,533,770,533,801,1286,416,901,909,886,808,922,916,504,1036,1130,669,917,782,572,598,696,798,839,974,316,1026,699
"COG0343",481,530,575,419,320,737,416,613,608,459,501,501,459,489,617,351,480,517,417,504,446,472,484,561,468,386,390,543,444,537,546,474,490,260,611,497,554,463,572,675,556,563,470,485,490,309,567,434,421,427,513,387,469,470,496,541,581,607,567,612
"COG0344",265,187,254,76,68,38,197,108,249,145,181,165,38,181,145,69,378,198,146,274,94,208,237,245,214,180,87,189,119,232,261,171,76,236,344,172,205,100,235,297,158,175,98,180,112,99,222,97,169,156,129,108,170,211,146,147,268,165,193,321
"COG0345",367,412,354,377,382,300,453,311,400,355,402,392,352,380,384,372,392,387,373,424,412,365,370,359,369,393,402,389,396,312,348,421,411,321,351,407,359,310,416,316,363,484,319,335,375,427,300,411,397,363,449,432,452,359,350,404,363,425,390,342
"COG0346",312,466,494,611,829,182,546,347,406,698,640,600,199,509,238,679,367,459,598,328,708,476,374,516,382,527,731,344,508,417,349,506,617,512,357,496,335,273,495,625,429,433,658,188,379,679,314,395,467,478,505,693,544,475,540,449,323,321,362,352
"COG0347",667,362,477,208,256,241,242,283,415,259,472,333,337,435,436,137,597,426,317,447,210,419,561,392,417,391,170,355,293,457,560,332,341,192,552,443,483,520,667,245,272,522,154,475,363,173,335,313,327,306,333,291,439,464,325,292,555,283,439,521
"COG0348",477,577,482,657,368,136,365,449,398,324,327,407,92,500,192,453,485,505,441,449,319,454,459,432,401,523,510,249,449,438,582,593,502,449,495,551,367,419,344,374,575,424,633,247,516,423,256,271,322,652,501,385,643,476,584,470,498,162,422,425
"COG0349",5,12,2,2,4,23,7,41,13,37,63,37,0,3,6,15,13,0,19,19,6,3,3,13,12,20,17,1,7,10,8,3,4,139,5,35,49,11,202,2,38,13,1,9,3,10,1,4,5,2,4,9,12,3,2,1,1,301,30,0
"COG0350",262,266,273,237,270,300,266,277,313,319,287,264,234,313,347,258,267,223,311,343,284,289,301,294,249,291,273,328,269,236,265,302,288,309,250,344,223,431,309,277,257,307,230,294,231,299,201,198,291,187,261,289,271,354,286,266,252,250,311,216
"COG0351",543,391,476,294,265,649,453,684,423,378,467,515,752,442,818,328,436,400,411,647,401,344,399,489,419,377,324,468,361,438,416,300,396,197,349,392,481,815,390,281,467,389,354,727,515,264,367,528,321,330,422,480,351,456,458,409,408,480,592,467
"COG0352",515,307,338,254,216,405,327,328,348,271,362,447,279,328,388,207,350,282,327,530,282,273,367,391,387,339,210,333,264,275,373,290,233,126,267,311,430,427,525,257,340,338,261,355,301,218,413,311,241,305,270,317,373,394,288,339,439,1025,321,346
"COG0353",382,339,329,296,219,411,318,359,389,308,339,365,281,394,383,281,346,370,304,451,356,273,350,367,324,297,226,338,322,350,372,329,337,209,400,342,356,392,403,458,371,364,297,284,345,245,410,305,365,267,288,362,320,378,387,370,425,510,366,377
"COG0354",6,6,5,1,9,7,17,16,11,60,5,10,5,4,3,15,12,2,18,5,7,10,5,0,23,20,9,2,10,5,0,0,10,134,1,4,0,2,0,1,13,10,1,11,8,6,5,3,1,0,6,1,13,2,5,3,2,18,4,4
"COG0355",218,118,154,112,75,134,177,111,165,88,145,158,61,122,86,104,186,164,102,239,175,163,243,142,179,140,105,172,136,170,141,121,124,125,138,98,160,112,203,80,117,207,98,121,149,84,164,109,134,122,167,145,166,135,170,148,184,139,130,117
"COG0356",695,473,535,403,477,550,597,510,476,423,472,429,525,492,551,343,559,500,507,607,387,615,530,495,588,522,343,629,393,511,641,443,440,316,452,402,612,502,494,289,427,528,368,480,476,332,429,550,408,477,460,369,464,538,433,440,615,613,501,546
"COG0357",440,303,377,215,253,471,294,257,344,248,380,347,260,279,335,257,445,342,327,423,276,289,383,350,387,305,234,420,288,377,331,327,279,252,402,378,454,386,433,460,311,327,277,338,316,236,417,369,374,284,357,282,319,304,327,281,315,580,297,465
"COG0358",1283,1470,1409,955,572,1083,1839,1734,1598,916,1313,1339,2693,1357,1420,960,1491,1249,674,1287,1188,1425,2164,1731,1132,992,1305,1094,850,1726,1587,1059,1261,897,1664,1223,971,1483,1071,1646,1072,1251,1019,1639,1183,841,1384,1633,1329,1131,1085,1119,795,2094,1304,1154,1575,1036,1333,1127
"COG0359",305,232,301,186,242,198,281,253,312,244,210,304,256,243,237,195,308,266,295,341,233,243,219,369,278,230,162,291,176,270,298,237,191,216,330,238,328,272,318,301,233,240,225,249,235,227,329,236,216,209,195,230,206,277,202,206,280,271,252,360
"COG0360",203,201,237,82,170,109,186,198,213,189,218,241,201,170,259,137,227,177,191,255,188,147,167,232,200,172,127,169,147,209,167,172,193,170,232,179,227,251,267,315,155,161,193,191,207,111,280,211,184,141,124,139,177,193,184,143,189,256,204,248
"COG0361",195,131,161,113,107,152,158,150,171,125,198,175,177,139,187,109,222,132,130,225,114,131,147,191,152,127,116,212,118,200,164,140,141,88,172,177,198,255,184,191,113,143,160,186,126,102,199,187,152,146,131,126,132,131,141,118,166,199,191,209
"COG0362",20,249,137,293,329,56,273,113,118,182,249,244,14,317,34,316,99,192,134,334,326,227,163,215,138,229,279,87,274,66,121,297,321,206,58,263,127,20,470,175,236,201,267,50,258,336,68,126,186,227,269,305,226,266,221,241,115,688,160,74
"COG0363",666,988,822,1131,983,543,852,1986,722,835,1015,806,1553,855,950,1073,529,979,995,710,1126,715,739,688,790,886,1125,529,1011,736,538,1042,1124,610,779,921,591,1248,802,570,1183,956,973,1286,1081,850,851,1067,820,900,1109,1102,992,850,997,906,560,950,1274,575
"COG0364",28,310,143,367,359,44,251,86,127,204,288,206,22,324,36,381,93,277,187,267,373,239,190,157,157,334,426,100,380,72,120,351,373,339,69,232,72,19,317,175,279,258,300,24,268,326,67,146,299,277,348,391,302,259,325,266,137,455,215,63
"COG0365",156,453,390,492,367,659,314,420,378,404,456,364,663,344,524,623,222,366,495,191,501,408,289,302,360,501,591,425,454,268,337,435,517,553,373,380,287,479,60,198,534,449,321,382,491,327,328,368,404,404,481,545,443,314,581,544,302,114,494,343
"COG0366",3698,2102,3225,1803,1279,4512,1769,5182,2215,1783,2311,2317,4141,1957,7216,1845,3503,2618,2248,3478,1838,2020,2272,2110,2588,2250,2006,3696,2297,3532,3542,2346,1844,2607,3329,2978,3096,3267,4278,1462,2618,3069,2497,4596,3158,1283,3310,3083,2177,2115,2232,1960,2709,2037,2027,2060,2432,6544,4111,2271
"COG0367",717,790,583,544,396,797,577,492,630,444,604,442,662,757,666,509,855,721,534,639,358,726,633,601,708,646,405,630,560,665,622,592,580,501,864,737,616,416,411,1399,704,646,631,689,477,355,740,475,777,569,574,527,639,611,604,1022,745,495,579,791
"COG0368",191,105,127,104,77,37,221,64,189,101,88,135,30,127,90,123,191,160,110,155,149,172,236,163,175,218,91,113,125,149,159,110,127,154,193,109,184,73,195,111,99,132,153,106,118,103,101,149,142,148,116,157,126,142,129,160,194,88,121,134
"COG0369",2,10,1,6,4,15,7,25,34,77,2,16,1,7,0,13,7,3,19,1,6,3,1,0,29,15,9,0,7,0,0,0,4,120,1,3,0,0,0,0,11,4,1,4,2,14,1,1,7,2,7,2,9,3,11,1,0,20,38,0
"COG0370",1721,1331,1550,833,635,1617,1175,1089,1730,1100,1256,1255,962,1153,1294,813,1385,1429,1032,1052,1023,1227,1753,1223,1506,1319,863,1465,1112,1438,1597,1205,1081,1066,1906,1412,1525,1064,1210,1105,1415,1525,1035,1217,1076,862,1704,894,1360,1085,1358,1058,1100,1318,1264,1363,1651,560,1372,1576
"COG0371",492,166,280,106,319,98,167,88,310,266,224,376,38,186,168,142,299,238,219,262,133,172,242,320,256,158,98,180,209,280,211,176,97,418,278,301,159,101,531,184,174,193,127,256,207,440,164,87,228,140,139,196,259,111,179,219,286,129,166,268
"COG0372",1074,625,832,564,602,551,515,702,730,646,754,607,620,655,710,448,716,780,681,711,565,815,689,656,824,706,511,660,635,707,790,616,632,508,791,662,838,755,730,480,586,690,398,681,631,410,469,525,661,536,589,538,664,768,692,635,941,733,725,712
"COG0373",124,64,145,59,77,55,92,38,127,103,112,125,16,44,396,50,159,94,85,104,53,179,89,176,100,169,36,92,81,72,49,17,19,81,17,39,52,22,75,27,49,54,19,37,22,31,38,28,28,9,23,36,42,53,32,61,52,30,39,56
"COG0374",7,126,92,70,51,65,92,45,78,33,34,82,17,97,46,113,55,8,103,52,70,61,67,116,82,86,68,16,83,50,23,27,58,482,16,37,35,16,22,55,94,68,74,29,48,42,16,31,13,15,52,35,79,32,81,78,13,72,105,41
"COG0375",36,31,34,15,13,7,11,9,32,16,10,25,9,18,17,21,27,21,31,22,18,13,17,31,21,22,16,12,16,17,39,35,33,185,73,88,56,11,10,30,51,47,40,35,37,13,23,25,63,33,39,23,32,32,37,37,47,38,52,51
"COG0376",5,0,0,5,10,28,3,24,5,71,0,29,5,10,2,24,3,1,26,2,9,1,10,0,6,31,26,0,9,0,0,1,5,258,0,6,0,2,0,0,8,1,0,1,5,36,2,4,4,4,1,10,21,3,5,0,0,36,1,1
"COG0377",51,133,104,145,107,364,67,261,140,146,106,131,413,78,343,149,45,128,183,126,139,87,62,116,101,92,115,166,125,137,95,121,105,92,79,96,213,257,9,54,186,127,138,196,190,111,134,231,133,102,136,137,65,116,99,132,74,14,225,134
"COG0378",200,120,163,69,95,28,73,61,124,128,125,117,7,71,68,64,135,120,104,133,77,118,71,227,180,161,47,109,83,125,64,30,11,51,39,27,76,17,21,29,29,46,54,46,30,9,27,24,48,14,32,16,26,23,42,44,46,33,38,42
"COG0379",375,293,350,358,294,566,305,365,296,297,401,349,524,263,313,380,339,363,487,253,410,373,198,296,356,406,408,493,408,321,335,340,306,229,325,373,441,380,403,235,395,414,359,475,292,314,467,558,484,348,401,385,303,333,365,355,365,258,310,387
"COG0380",9,229,59,252,203,25,104,83,124,175,173,168,9,203,16,189,77,127,84,21,179,135,92,94,64,160,307,128,178,65,55,99,181,161,27,181,18,11,25,162,113,97,112,6,180,199,39,88,249,64,157,225,60,167,204,144,59,42,126,57
"COG0381",301,570,636,893,709,639,555,539,492,472,663,722,791,568,455,787,465,688,620,442,645,467,495,616,366,647,956,514,860,650,492,908,752,387,472,550,324,2069,331,874,641,607,706,485,848,694,491,369,551,666,691,683,1533,506,813,630,504,255,600,219
"COG0382",65,15,96,16,33,430,22,187,101,58,52,102,541,15,233,13,55,12,30,97,55,24,25,98,46,43,29,179,10,109,62,35,64,185,29,31,89,249,14,19,96,10,151,258,107,10,130,299,31,27,19,20,13,18,27,37,58,24,135,45
"COG0383",163,1051,440,843,736,86,193,100,829,209,1004,554,171,695,269,522,486,1046,933,214,484,521,402,316,677,565,1143,284,908,950,439,1245,675,650,917,894,640,117,629,494,941,300,734,194,968,683,253,302,1019,803,469,403,1071,424,1382,887,581,580,489,533
"COG0384",13,25,15,6,26,8,18,13,83,110,15,66,5,18,19,57,7,17,24,9,13,3,17,29,4,19,17,10,20,16,6,59,22,156,7,7,23,13,34,24,18,16,25,13,28,121,15,10,4,6,18,19,48,4,19,48,8,15,24,14
"COG0385",471,180,202,102,50,391,187,515,208,155,201,360,580,219,476,125,211,185,175,561,121,172,162,198,238,188,122,174,128,188,108,176,220,189,137,212,345,457,623,172,191,248,136,418,302,103,120,107,125,93,177,129,220,126,244,140,201,533,427,197
"COG0386",6,55,53,140,231,235,94,35,32,81,58,104,160,106,13,137,50,80,116,51,58,93,46,64,59,62,137,171,120,35,24,65,87,34,18,71,84,62,139,78,64,56,51,129,49,170,125,216,82,60,72,117,80,58,40,47,55,39,29,20
"COG0387",5,0,0,1,14,3,3,8,5,65,1,21,13,6,0,10,2,1,28,1,2,1,4,0,8,15,16,0,6,3,1,1,5,143,0,9,1,3,2,0,2,2,0,4,3,21,1,3,2,4,0,1,17,0,3,0,1,21,1,1
"COG0388",1252,1446,1358,1379,1148,1805,1213,1811,1531,1200,1356,1406,1446,1350,1745,1265,1199,1371,1171,1299,1542,1224,1304,1347,1323,1451,1397,1300,1437,1426,1370,1411,1406,821,1186,1377,1555,1856,1786,1292,1679,1466,1184,1407,1571,1162,1355,1583,1307,1226,1495,1451,1095,1374,1471,1451,1187,1004,1571,1227
"COG0389",1089,715,737,544,556,919,536,653,938,707,810,900,907,647,1070,629,1018,776,1109,1075,751,870,957,876,931,852,684,838,585,947,1072,648,439,917,1047,835,912,820,1050,1162,744,743,620,1269,816,564,993,735,749,656,708,646,770,809,747,848,896,1591,585,885
"COG0390",10,144,60,147,159,147,55,35,53,94,102,94,8,97,9,153,55,137,103,98,204,84,58,40,43,121,140,58,119,39,62,134,132,157,25,101,44,49,109,67,110,101,47,2,124,136,167,65,124,122,119,128,168,122,112,84,82,349,49,27
"COG0391",39,45,86,38,28,49,46,31,113,77,36,99,12,32,48,59,105,22,44,232,27,22,61,123,28,71,24,33,43,50,24,74,17,88,115,38,89,24,191,456,58,34,57,77,40,113,109,42,42,20,28,47,42,44,45,95,125,102,46,145
"COG0392",270,129,162,90,69,40,97,54,108,66,232,155,169,99,110,59,314,140,99,349,52,124,98,154,183,126,53,110,88,116,140,108,51,221,153,212,187,92,636,141,111,121,99,201,67,211,227,95,57,157,74,78,142,85,103,101,129,1082,122,332
"COG0393",97,92,86,130,251,29,119,105,131,74,146,148,129,192,119,230,75,126,94,96,115,163,148,163,97,140,217,92,142,111,92,184,235,75,93,181,54,182,116,60,107,115,113,72,117,142,112,155,147,94,146,165,146,205,229,167,195,73,136,116
"COG0394",490,369,424,364,494,339,511,403,421,364,450,418,353,540,349,414,443,401,472,462,481,341,395,446,460,374,307,363,358,309,430,357,522,342,356,474,492,557,602,403,324,480,275,342,383,454,377,583,359,307,381,512,448,441,389,415,349,1100,481,412
"COG0395",2648,1455,2082,888,1109,327,1305,602,1401,912,1901,1546,368,1181,1520,673,3017,1684,1320,1265,642,1550,2264,1568,2147,1264,685,1236,1361,2990,2892,1237,1217,2709,3562,1604,1393,934,3945,1240,1024,2144,2153,1613,1320,1224,1958,1041,1381,1323,1227,1193,2121,1492,1129,1215,1886,5582,1191,2025
"COG0396",255,385,365,297,234,424,252,349,353,240,369,390,385,246,421,295,349,345,344,343,389,254,234,369,328,328,293,385,362,351,377,336,311,149,405,331,424,393,415,485,350,326,336,375,328,217,377,391,328,259,331,394,351,333,363,319,318,332,463,375
"COG0397",5,1,0,6,7,11,6,20,4,41,1,18,7,4,0,15,2,0,25,2,5,3,6,0,9,28,11,0,8,0,0,0,5,176,0,5,0,1,0,0,5,4,1,8,7,13,1,2,8,0,1,6,12,3,5,0,1,26,2,0
"COG0398",85,58,85,32,126,43,54,37,100,102,97,221,20,44,61,98,109,63,64,287,35,63,74,110,67,60,44,35,65,115,71,66,60,244,92,67,111,28,423,291,66,72,65,52,58,146,80,32,107,19,43,88,109,28,49,34,82,88,46,113
"COG0399",723,1200,1005,1179,1203,807,727,709,808,653,1074,849,1020,1035,546,1471,761,1432,920,525,913,956,970,785,808,1006,1323,898,1529,908,1151,1446,1264,777,905,929,458,1898,380,996,1035,790,1145,584,987,935,1012,942,1085,1317,907,803,1775,926,1207,889,1154,229,833,468
"COG0400",2,0,1,2,4,18,9,11,7,45,3,25,7,8,3,11,3,0,27,32,8,2,4,4,2,9,13,2,4,14,9,2,10,118,0,0,10,3,0,7,2,18,0,2,5,13,2,3,4,1,3,11,7,5,4,0,0,190,0,2
"COG0401",0,0,0,0,0,1,0,2,2,6,0,1,3,0,0,2,1,0,10,1,2,0,0,0,1,1,4,0,1,0,0,0,3,24,0,0,0,0,0,0,0,0,2,0,1,4,0,0,0,0,1,0,0,0,0,0,0,2,0,0
"COG0402",590,413,416,267,392,158,415,194,710,439,434,688,111,297,213,446,320,357,413,744,288,323,386,514,331,439,200,307,360,403,352,331,296,1652,552,583,539,104,1117,348,518,268,611,282,307,735,201,218,399,211,307,506,395,216,457,531,302,1124,295,362
"COG0403",68,364,317,667,591,242,454,258,400,359,416,472,38,596,61,580,193,451,495,106,750,422,288,341,318,454,470,223,626,220,325,564,498,383,326,478,384,115,42,267,691,497,603,27,492,543,344,302,473,414,713,608,380,448,571,558,228,96,392,275
"COG0404",100,282,212,310,396,205,252,157,245,350,293,324,26,350,45,328,188,262,294,69,351,209,204,309,222,233,366,144,316,176,209,329,409,247,199,279,240,116,100,230,325,255,361,51,192,366,245,249,257,236,288,322,185,299,321,316,165,52,262,235
"COG0405",71,36,25,24,33,42,37,164,119,126,28,94,29,38,24,97,18,30,50,125,33,44,28,38,46,39,29,21,68,25,29,11,17,309,30,12,76,18,181,68,42,25,20,33,40,330,13,55,6,22,25,67,59,15,60,106,17,29,21,26
"COG0406",698,335,616,260,288,398,473,389,562,384,555,524,363,490,459,225,840,489,371,1131,323,461,658,494,578,425,212,454,325,447,519,392,350,342,501,486,667,478,1201,465,359,497,362,556,442,288,581,442,477,438,333,346,359,397,408,349,631,1983,399,590
"COG0407",69,87,64,157,316,44,111,57,103,132,94,81,15,189,52,228,81,125,217,31,74,139,80,86,156,95,141,45,105,88,41,183,305,226,75,139,81,31,42,159,82,70,167,54,125,182,48,90,87,149,79,80,299,87,105,96,48,92,36,75
"COG0408",0,0,0,2,2,7,3,13,1,46,0,4,1,1,0,6,1,1,7,1,3,0,1,0,1,7,9,0,3,0,0,0,1,107,0,2,0,0,0,0,0,1,0,0,6,15,2,0,0,0,0,2,3,1,4,0,0,14,0,0
"COG0409",108,68,86,42,32,30,37,30,54,68,46,114,5,45,47,73,86,12,74,131,51,50,42,94,65,47,51,11,36,34,24,29,29,192,41,98,56,13,158,27,81,75,33,46,34,22,26,15,16,12,22,25,65,22,58,37,19,48,75,57
"COG0410",250,221,194,131,114,55,167,130,220,239,207,167,23,159,131,71,184,175,121,147,108,219,377,192,166,120,83,150,93,252,171,195,250,287,362,163,201,91,353,147,188,196,127,149,109,243,121,68,153,188,199,126,182,130,168,130,192,402,213,208
"COG0411",243,196,188,136,120,72,192,120,231,213,240,186,45,194,119,111,193,172,126,145,135,184,424,164,196,139,99,200,106,221,183,185,283,377,325,213,187,107,359,180,207,251,131,159,111,235,123,85,134,183,201,178,192,145,175,158,209,420,253,207
"COG0412",5,0,0,5,14,28,4,21,7,107,0,34,18,3,0,18,3,4,48,3,18,3,7,0,10,25,34,0,6,0,0,1,10,281,0,6,0,0,0,2,11,2,1,0,14,70,4,4,7,1,4,8,26,3,6,2,1,40,1,0
"COG0413",111,318,264,287,178,321,204,336,208,243,215,216,381,238,340,276,129,194,258,224,272,218,173,221,219,205,258,174,296,208,243,213,269,116,221,199,265,330,118,157,325,268,235,217,281,128,293,323,259,222,342,295,221,235,270,314,218,60,304,239
"COG0414",246,310,294,283,307,431,280,451,329,314,280,325,469,306,447,354,194,280,313,340,367,255,240,340,244,243,308,290,293,284,274,288,321,248,206,253,293,600,174,210,293,279,343,274,305,238,356,405,236,284,320,318,250,292,305,276,295,110,396,268
"COG0415",0,0,0,2,5,16,2,11,5,62,0,16,8,1,2,17,2,1,28,0,6,11,1,0,0,15,15,0,0,0,5,0,5,163,0,1,0,0,0,1,3,1,79,6,3,15,6,3,5,1,3,4,11,3,4,0,0,28,0,0
"COG0416",299,218,311,100,138,48,238,166,373,193,211,255,59,197,179,96,474,258,164,324,122,277,306,311,229,232,60,210,180,212,353,209,94,259,351,311,239,117,350,332,233,218,148,191,155,123,231,117,235,184,178,113,202,295,205,212,353,171,237,376
"COG0417",2,0,1,6,13,17,7,14,12,132,1,20,3,5,0,27,4,1,39,2,7,2,3,3,12,28,11,0,4,12,0,0,7,410,6,6,0,3,0,2,2,3,7,2,9,19,0,4,8,3,4,5,29,2,2,1,0,26,6,0
"COG0418",0,12,0,4,10,12,1,14,7,49,2,17,4,3,1,17,2,0,18,1,5,2,2,0,2,13,15,0,4,0,0,0,6,139,0,1,1,1,0,0,10,0,2,0,3,9,2,1,2,1,3,2,9,0,2,1,0,7,32,0
"COG0419",812,849,929,1097,497,543,1033,1358,953,544,515,723,1045,715,603,764,908,660,751,832,608,890,1020,1364,754,809,837,566,817,1502,657,439,527,420,803,1210,611,700,815,890,985,568,562,834,896,402,1398,895,1094,823,771,711,649,925,1215,760,691,510,1202,762
"COG0420",656,458,656,405,427,149,625,474,648,397,437,433,389,611,589,377,702,544,399,671,389,607,693,690,538,525,278,327,430,522,508,477,428,429,662,464,470,535,599,561,347,384,238,478,507,408,698,272,515,418,380,518,511,692,547,506,783,393,508,490
"COG0421",293,99,186,75,70,37,162,86,174,150,130,124,25,113,137,43,218,145,135,205,69,149,220,155,234,150,43,166,82,193,177,87,72,217,252,80,155,78,216,104,115,202,27,120,90,48,172,91,157,99,107,80,165,73,102,120,155,102,144,177
"COG0422",567,521,473,477,420,952,603,848,391,534,397,471,600,720,745,377,374,405,298,614,358,567,607,444,493,465,403,565,398,403,451,455,623,429,388,462,496,633,543,347,591,563,383,507,585,432,539,517,349,463,458,535,422,497,509,582,535,915,696,401
"COG0423",662,713,649,584,523,942,628,668,707,497,571,548,1000,746,787,450,669,609,487,512,600,617,685,714,643,561,497,796,624,711,783,712,741,147,779,657,690,735,486,857,754,677,496,593,765,322,696,656,707,558,565,630,533,711,661,622,701,694,711,740
"COG0424",285,287,298,242,240,337,263,323,303,322,360,320,253,282,339,277,273,297,248,320,320,294,324,341,307,313,270,314,254,332,282,308,286,284,334,304,334,386,392,290,284,321,281,268,321,264,302,331,265,231,269,322,255,280,312,258,296,628,334,264
"COG0425",132,437,186,558,578,393,502,194,237,465,245,226,20,546,68,550,201,315,533,74,459,377,267,253,405,389,567,248,482,136,242,417,592,130,216,300,443,122,103,244,382,306,385,49,388,380,519,333,425,369,346,507,321,362,370,455,202,85,212,310
"COG0426",731,649,655,531,615,791,696,522,686,607,573,765,679,721,687,550,726,729,618,616,608,554,829,704,637,537,493,607,562,632,685,631,628,602,624,711,684,702,681,482,560,627,546,689,583,591,589,648,638,587,650,597,618,580,692,722,572,390,648,626
"COG0427",368,623,569,468,365,738,608,707,642,544,408,852,775,685,563,445,379,578,635,682,667,461,564,650,623,480,391,493,369,489,605,527,569,380,506,560,739,585,689,395,905,483,659,505,607,406,280,690,535,480,559,525,368,507,657,635,387,86,679,551
"COG0428",123,61,133,64,36,166,75,129,130,68,83,94,112,87,106,31,143,86,56,123,44,92,92,133,92,90,30,106,69,141,281,193,110,252,389,262,278,238,146,356,239,164,127,443,204,161,439,255,143,129,186,129,174,299,192,202,399,101,288,326
"COG0429",1,7,3,7,17,22,24,25,16,97,11,16,4,16,2,10,6,1,32,13,8,16,5,5,19,15,15,5,10,10,0,7,7,125,2,5,8,6,1,15,11,24,9,2,16,50,8,10,3,1,11,18,22,4,10,62,6,17,3,5
"COG0430",0,0,0,1,4,7,4,5,3,1,3,6,3,3,1,5,2,0,12,2,2,0,3,0,0,8,11,5,3,0,0,1,5,126,0,4,0,0,0,1,3,3,0,0,4,13,0,0,0,0,2,3,4,1,0,0,0,12,1,0
"COG0431",23,4,5,6,12,33,5,14,7,78,14,22,17,8,9,25,31,2,35,225,19,3,7,5,13,17,21,6,6,2,0,3,6,224,4,5,20,4,81,8,15,3,25,29,15,27,0,5,6,3,1,5,21,6,17,1,4,98,136,1
"COG0432",55,125,73,108,170,32,242,120,67,104,148,110,134,124,114,144,69,87,159,43,124,95,81,106,96,87,137,67,117,91,30,36,64,74,24,34,39,48,28,24,54,58,28,25,46,62,14,49,36,27,50,69,30,39,39,39,20,16,37,62
"COG0433",163,195,500,230,51,103,456,198,534,162,377,204,306,146,928,30,366,197,437,383,320,339,37,276,99,256,200,161,117,623,167,306,501,200,181,160,351,68,22,1165,96,576,245,656,335,137,282,297,803,429,162,26,452,279,194,75,260,180,166,167
"COG0434",25,24,54,10,26,9,96,8,19,52,35,20,18,9,15,14,32,20,3,6,4,7,46,15,13,12,1,8,20,12,23,15,15,137,27,19,16,6,7,12,10,2,38,9,10,95,7,8,32,7,20,13,14,7,22,10,11,29,0,25
"COG0435",31,15,4,8,15,22,12,20,51,67,15,25,8,12,40,29,74,26,48,23,11,6,15,6,9,18,14,7,13,11,19,10,6,162,11,20,19,20,76,24,9,14,2,15,17,15,31,16,6,15,2,13,26,12,20,2,20,16,0,6
"COG0436",2144,2547,2258,2426,2158,2596,2316,2410,2340,2191,2735,2241,2133,2596,2638,2390,2071,2349,2244,2563,2662,2464,2164,2236,2364,2558,2313,2300,2517,2170,904,963,929,376,803,919,1139,1073,1316,803,1000,981,862,812,953,790,1049,966,1002,861,1081,1108,831,993,969,849,845,1488,993,918
"COG0437",67,87,47,36,91,101,194,132,148,241,61,150,36,108,44,87,83,32,196,76,52,129,176,70,194,160,96,58,71,100,18,22,32,359,19,32,17,13,14,44,52,57,8,28,56,35,23,8,25,13,55,41,56,18,43,41,27,55,63,16
"COG0438",4254,6546,6268,6935,11255,5205,4808,5687,5168,5406,6859,6319,6152,6216,3488,9593,5439,6654,7636,4210,8282,4845,5283,6591,5437,6224,8972,6038,6513,5291,6141,8282,7711,3439,4478,5625,5034,11523,4080,7131,5038,5138,6774,4758,7001,8066,8168,5887,6615,7880,6791,6887,8010,7175,6017,6448,5323,3679,6986,4654
"COG0439",686,542,482,658,946,203,644,353,382,627,442,410,89,697,192,767,653,492,680,535,526,669,376,502,646,620,564,409,801,283,459,755,652,464,474,584,443,737,423,658,493,445,593,296,655,636,393,371,583,612,431,578,643,589,543,650,516,389,400,618
"COG0440",264,279,248,167,138,70,181,159,197,166,298,252,55,201,159,197,346,306,195,220,223,238,325,190,292,276,203,222,226,272,275,226,262,276,228,233,199,90,353,174,209,316,221,184,169,88,235,136,213,164,260,287,288,266,260,213,236,396,194,269
"COG0441",1412,1333,1353,1191,1157,1931,1073,1300,1436,1074,1203,1434,1564,1248,1570,1207,1287,1331,1432,1472,1218,1327,1229,1457,1407,1248,1164,1566,1330,1376,1452,1426,1191,635,1608,1201,1545,1753,1318,1984,1314,1254,1223,1454,1374,950,1625,1497,1520,1193,1340,1199,1248,1413,1273,1262,1723,1096,1433,1539
"COG0442",686,638,629,471,440,830,622,590,729,535,694,590,712,565,666,442,731,558,540,755,580,559,672,645,735,620,382,641,502,564,728,503,514,454,795,695,773,534,806,910,733,663,555,572,574,423,779,583,560,496,614,625,614,562,645,702,796,916,612,812
"COG0443",1220,1132,1046,794,716,1008,1174,860,1146,912,985,944,758,1163,913,642,1206,1013,1001,1324,738,1022,1300,1027,1088,1080,764,1611,942,2129,1290,1000,957,1073,1648,1019,1488,773,1034,1342,1234,1158,726,996,902,480,1780,863,911,844,990,734,1728,1282,956,1046,1480,1111,1068,1293
"COG0444",928,460,511,207,396,187,675,263,552,618,422,412,115,508,389,272,895,543,375,627,298,384,782,480,462,415,185,301,369,452,232,166,194,439,259,196,161,72,356,138,154,193,157,169,152,278,144,126,160,195,149,184,247,148,192,199,170,249,174,171
"COG0445",1245,806,1064,757,778,1195,1184,1074,1063,885,871,827,1059,1103,1195,775,1105,865,987,964,856,954,1008,1114,1069,979,713,973,842,1019,376,341,332,267,390,362,364,461,291,541,389,399,316,472,330,304,412,443,378,332,358,356,322,372,346,435,416,185,423,415
"COG0446",1812,996,869,1072,920,735,1168,552,1002,1392,975,958,214,1222,655,957,1218,1294,978,986,931,1072,1598,1101,1284,1160,987,683,968,1152,885,911,1080,1628,1181,1242,1109,466,1102,763,1006,1038,1261,664,904,1316,932,726,1211,826,1031,1002,832,680,1131,1440,893,1420,783,1170
"COG0447",57,156,107,230,183,426,228,379,135,179,163,141,301,219,247,281,82,119,199,195,238,136,132,131,160,171,198,182,237,146,125,156,235,119,96,140,225,360,19,84,239,223,164,175,228,143,258,273,169,124,217,277,154,116,179,214,62,47,274,158
"COG0448",1523,543,807,239,362,111,580,327,774,457,606,557,142,590,584,187,1128,738,525,721,326,722,1013,683,911,583,232,510,485,766,977,453,359,648,931,771,811,319,1087,401,402,892,347,686,380,341,637,333,600,608,432,412,729,604,618,610,912,951,502,798
"COG0449",1052,922,873,494,615,715,761,738,949,913,910,854,859,926,809,499,1059,826,652,851,764,874,861,1032,841,832,671,996,784,997,1010,873,802,612,1071,906,1109,1354,1028,1123,865,940,775,864,808,645,830,854,641,706,921,786,810,865,709,835,931,1099,793,1043
"COG0450",59,218,126,267,367,44,236,82,125,194,268,181,16,270,40,305,168,185,295,172,273,177,137,169,218,210,247,104,235,118,146,238,308,147,126,161,203,28,209,304,198,133,287,71,183,293,122,124,227,186,191,300,259,212,249,197,123,268,175,155
"COG0451",1807,2325,2007,2809,3131,2034,1913,1882,2007,2457,2456,2409,2534,2500,2061,3231,1917,2364,2349,1547,2757,2474,2030,2318,2106,2202,3251,2072,2452,2448,1904,2758,3237,1396,1797,2162,1774,2047,2241,2351,2418,1982,2622,2208,2823,2988,1982,2527,2461,2841,2334,2522,3840,2634,2374,2283,1678,916,2407,1635
"COG0452",215,195,176,175,125,225,231,117,181,167,198,180,195,212,112,174,216,208,176,181,184,199,258,178,229,219,161,194,177,159,534,466,467,404,517,434,555,283,410,442,495,605,377,518,396,337,594,547,447,462,555,507,498,534,550,560,580,735,411,546
"COG0454",1194,1286,1370,1462,1628,650,1213,827,1271,2000,1505,1386,457,1262,831,1489,1585,1309,1563,1133,1442,1345,1243,1731,1392,1179,1351,1146,1539,1408,1407,1324,1242,1805,1227,1374,1199,617,1236,1400,1134,1139,1390,953,1044,1971,1736,1043,1311,1353,1181,1315,1642,1381,1374,1211,1342,1664,1068,1362
"COG0455",55,25,94,43,52,4,18,79,63,21,44,52,6,25,43,3,55,90,38,49,25,123,8,114,121,66,18,104,52,71,122,39,1,0,83,10,83,40,16,25,5,48,10,76,35,0,87,37,39,46,19,18,44,98,21,41,165,0,40,51
"COG0456",253,190,224,100,107,63,114,102,178,183,167,193,46,136,129,189,260,198,180,277,104,144,131,214,251,163,127,147,220,205,283,178,72,376,283,180,162,73,327,249,109,139,139,159,103,346,225,96,182,172,105,152,210,172,137,170,271,362,93,215
"COG0457",1236,3511,2691,3843,3231,4124,3316,3464,2606,3320,3118,2757,3070,3083,2380,3544,1550,2609,3356,1689,4004,2748,2362,2912,2690,2585,4182,2958,3032,2466,2540,2936,3729,1513,2023,2459,2835,4011,1176,1956,3276,2975,3220,2167,3282,3102,4311,3456,2798,3330,3253,3623,1976,3059,2879,3215,2281,1296,2855,2455
"COG0458",1885,2156,1843,1755,1322,2788,1761,2698,2148,1637,1597,1678,2756,1920,2598,1849,1504,1732,1859,2110,1826,1892,1811,1609,2021,1844,1622,2129,1933,1755,2056,1571,1795,1040,2023,1817,1886,2799,1536,1144,2410,1930,1675,1555,2136,1297,1481,1855,2121,1741,2096,1677,1723,1695,1798,1952,1770,1760,2312,1749
"COG0459",780,738,706,610,611,891,619,835,927,556,679,630,822,728,908,510,682,639,629,815,606,577,724,691,726,660,639,703,547,686,776,668,681,532,888,706,848,887,601,764,843,804,588,751,705,409,714,598,581,607,736,603,654,670,685,638,725,843,833,817
"COG0460",907,739,773,706,598,1217,825,1059,724,781,779,786,1005,753,952,742,667,795,695,974,874,849,726,685,801,851,638,880,743,763,820,615,720,495,600,805,1009,916,715,462,884,935,588,727,883,464,882,661,731,699,809,844,668,722,752,747,740,757,834,740
"COG0461",397,298,335,213,283,459,262,429,384,275,318,359,467,324,460,235,314,275,404,467,285,294,284,352,394,283,220,404,263,381,332,262,269,262,280,297,397,471,365,311,343,286,284,420,342,201,379,351,297,244,240,282,238,337,317,324,390,318,383,365
"COG0462",787,560,673,386,378,517,645,595,623,449,582,582,464,500,661,414,651,591,500,932,494,499,586,582,624,532,410,614,515,685,717,487,450,325,652,655,606,657,844,411,538,608,476,532,558,353,703,473,509,516,471,515,495,509,535,538,563,1084,615,601
"COG0463",6685,6722,6932,6880,9203,8791,5928,7703,6328,5152,6370,6414,7910,6474,6833,6477,7212,6529,7605,5253,6452,6649,6015,7320,6487,6138,8063,8382,7453,7364,7519,6486,7681,2202,6269,5536,6250,9002,5325,6279,5376,5237,6217,8320,8086,6786,8413,8838,6374,7659,6391,7268,7027,7424,6647,5574,6300,4762,6919,6517
"COG0464",333,248,343,213,166,389,273,1127,460,160,529,415,753,237,982,90,351,372,375,324,163,493,374,508,398,308,201,250,98,745,414,220,212,3,598,242,752,1247,620,251,324,193,409,214,196,52,349,133,152,427,259,267,273,353,238,119,422,622,156,791
"COG0465",697,466,513,368,273,322,429,426,535,332,409,462,310,403,534,396,637,545,426,555,320,454,586,522,553,489,301,449,440,513,1503,1029,881,886,1745,1186,1608,924,1581,1640,1185,1320,874,1352,972,651,1313,936,1133,1055,1202,1070,1010,1178,1138,1013,1486,1341,1082,1552
"COG0466",1328,843,1184,656,695,1093,792,1212,997,728,833,934,1048,746,1284,568,1147,961,847,1030,692,840,920,939,1039,895,588,1052,685,1093,1032,878,474,531,1079,912,1107,1084,751,994,916,913,784,1065,950,573,1068,1009,844,790,717,644,840,768,816,857,920,357,829,1003
"COG0468",420,954,489,463,433,598,472,477,636,463,516,489,584,562,408,390,561,528,450,574,553,711,585,1048,506,485,650,546,463,559,574,656,436,234,615,460,570,419,578,716,515,566,4684,465,428,382,583,535,448,396,509,507,437,570,682,540,532,585,517,528
"COG0469",698,764,681,599,381,764,742,550,701,629,647,766,579,657,460,475,744,681,688,716,843,623,860,624,737,602,537,678,569,639,720,679,738,416,878,718,914,470,806,1037,749,792,580,600,591,554,981,662,665,690,765,660,676,669,736,822,867,560,683,805
"COG0470",112,63,55,81,43,51,183,70,164,104,89,123,9,82,44,95,141,54,66,296,19,81,195,61,64,105,34,55,32,91,70,38,60,146,91,129,121,53,302,44,106,81,111,87,69,105,43,38,51,65,98,51,56,51,71,97,57,541,85,68
"COG0471",835,1221,1263,1399,1159,1726,1319,1235,1226,843,1126,1034,989,1000,1159,1442,1074,1073,1006,1022,1394,1096,2138,1125,1052,1341,1358,1160,1245,1215,891,1089,1361,1259,596,906,935,1128,868,798,1417,1236,847,1072,1158,1349,1233,1263,1239,1191,1334,1575,1259,1185,1315,1090,929,875,1145,733
"COG0472",763,791,858,889,1078,908,825,1036,878,890,730,837,1050,759,900,800,755,742,890,1122,1046,748,838,1001,640,877,779,750,707,742,926,974,962,583,887,750,822,811,969,1409,925,732,884,756,1109,698,822,881,770,972,760,660,882,737,881,878,765,1164,1039,902
"COG0473",472,595,504,482,394,527,590,472,560,542,558,501,432,553,474,517,518,555,467,480,561,516,599,514,555,537,491,521,560,499,451,496,598,363,520,606,693,444,703,391,546,584,367,386,430,365,332,372,639,477,585,696,481,506,544,510,494,562,596,471
"COG0474",1696,1621,1738,1204,1384,1963,1527,1391,1411,1793,1499,1291,1887,1465,1194,1536,2041,1510,1653,2233,1918,1416,1133,1554,1560,1506,1276,1733,1504,1472,1435,1449,1375,1546,2184,1522,1784,1212,1998,2947,1670,1409,1600,1908,1223,1510,2547,2241,1415,1997,1258,1571,1627,1451,1591,1697,1613,3379,1543,2524
"COG0475",575,1449,1011,2172,1686,2055,1337,1668,1012,1192,1269,1174,1497,1391,1381,1863,582,986,1340,1134,1631,1245,1018,920,879,1498,1870,1308,1443,1059,963,1412,1644,598,950,1218,951,1441,319,836,1560,1208,1625,1073,1520,1743,1004,1376,1292,1150,1650,1642,1393,971,1472,1234,761,564,1402,835
"COG0476",283,264,261,284,139,395,166,480,338,510,290,216,212,192,391,303,222,260,246,325,305,208,199,367,367,322,319,282,328,209,248,272,302,275,168,299,302,228,349,278,298,309,265,279,233,182,280,261,303,251,273,312,279,280,317,309,238,402,241,282
"COG0477",1811,3336,3623,5266,4411,5610,3435,5602,3314,9169,3971,5353,5417,3858,5336,5759,2352,2709,5457,6806,4224,3357,2421,3376,2910,3961,5389,3065,4200,2840,1948,3471,4026,13543,1928,3473,4185,4099,7504,2304,4953,3287,4347,3372,4085,5030,2178,4878,3469,3239,3956,3497,4080,2744,3421,3472,1822,11035,4003,3019
"COG0479",207,252,215,179,211,566,253,470,221,322,197,264,661,356,444,224,149,187,293,264,283,207,141,204,211,170,212,334,175,183,184,220,338,215,165,161,267,461,208,141,302,147,223,304,287,160,223,434,182,196,209,204,168,197,293,249,163,358,363,235
"COG0480",3211,3053,2593,2650,6680,2571,3333,3494,3159,2716,3273,3080,4299,2928,2444,2515,3124,3045,2416,2431,2990,2907,3192,3723,3156,3416,2445,3525,4054,3293,3111,2998,2893,1189,3302,3202,3341,3369,2909,2917,3081,3090,2738,3927,2955,1759,3094,3631,3436,3282,3842,2634,2936,2676,3043,2817,3111,3329,3138,3128
"COG0481",719,857,829,623,546,965,880,920,949,651,790,709,836,833,881,665,792,805,600,819,733,754,893,820,791,739,561,835,685,803,834,712,724,479,853,851,824,946,737,1126,805,789,611,749,799,452,856,760,809,653,872,754,607,804,746,798,876,881,879,915
"COG0482",648,1001,704,1017,782,675,930,705,798,889,768,682,482,925,641,870,762,801,954,656,981,808,796,684,810,851,855,783,1008,654,667,822,898,328,761,729,798,682,444,982,829,885,809,576,813,737,715,753,1073,856,942,990,712,802,801,868,690,257,834,849
"COG0483",120,222,101,294,298,94,185,156,143,265,243,160,18,169,49,294,156,159,264,159,196,182,177,131,237,224,226,74,252,104,116,237,167,264,128,199,219,56,242,234,218,169,278,66,142,237,99,125,174,189,288,349,202,198,201,202,84,319,131,175
"COG0484",632,507,489,361,522,477,476,377,562,445,401,362,405,473,442,380,666,479,441,511,486,499,483,419,513,508,284,453,429,879,518,379,363,377,622,512,541,435,597,609,494,537,406,563,403,254,641,436,479,414,447,439,481,518,385,479,515,614,439,597
"COG0486",680,673,690,517,559,608,563,550,723,503,625,584,389,621,552,561,702,713,638,661,548,601,664,663,603,623,518,666,603,646,641,673,524,444,657,618,664,535,491,937,555,647,559,567,542,482,706,475,624,522,650,604,615,674,672,656,745,366,622,741
"COG0488",2916,3259,3023,3608,3288,4058,3172,3443,2961,3145,3349,2912,3127,3036,3295,3320,3315,3181,3133,3417,3294,3182,2593,3176,3341,3545,3145,3576,3570,2950,3049,3043,3032,1873,2929,3149,3053,3027,3116,3933,3228,3355,3248,3078,3290,2944,3366,3635,3242,2947,3474,3696,3075,3407,3407,3473,3501,3417,3068,2806
"COG0489",1128,1499,1328,1539,1452,1395,1034,1263,1277,1705,1075,1247,2007,1319,1213,2168,1248,1245,1396,1323,2177,1274,932,1108,1079,1243,1510,1263,1495,1125,1665,1642,1854,1089,1148,1546,1247,1306,1137,1453,1743,1396,1161,1167,1525,1593,1360,1768,1322,1818,1247,1436,1281,1432,1536,2070,933,1299,1435,971
"COG0490",0,9,17,18,2,11,1,0,3,0,4,14,3,6,4,1,0,3,0,1,7,9,22,20,0,13,6,12,14,22,3,12,8,0,9,20,2,0,0,3,23,4,19,3,3,52,6,1,2,7,14,18,1,5,27,11,12,12,1,5
"COG0491",497,561,600,430,572,430,607,416,720,654,673,540,414,575,429,561,720,776,627,623,486,494,766,536,540,606,480,440,589,675,539,601,688,782,653,462,631,467,586,719,521,464,542,470,583,584,483,430,481,470,470,500,538,521,811,491,870,204,613,634
"COG0492",750,465,507,373,430,591,558,528,610,531,517,476,359,536,546,400,545,580,544,780,408,498,640,533,471,558,348,505,499,548,536,480,432,507,519,565,619,570,797,563,490,497,475,493,515,505,512,435,544,482,369,531,435,460,495,582,534,1193,575,471
"COG0493",2444,1668,1695,1396,1164,2349,1462,2169,1901,1415,1525,1508,1892,1644,2340,1222,1706,1736,1487,1818,1268,1616,1700,1576,1671,1815,1230,1790,1778,1856,1550,1385,1324,2135,2100,1594,2225,1830,1504,1101,1880,1906,1030,1777,1622,1235,1391,1642,1762,1414,1651,1714,1278,1524,1637,1759,1711,1519,1847,1505
"COG0494",557,312,489,198,347,304,319,272,396,351,477,430,185,286,300,194,603,378,430,478,215,354,357,386,466,360,252,512,312,471,1273,781,551,1185,1291,939,1190,678,2104,1260,642,816,610,940,752,677,1188,569,805,856,549,575,968,847,703,626,1128,2343,876,1347
"COG0495",465,501,461,380,324,537,529,470,506,372,481,379,594,484,534,392,435,418,405,509,450,474,429,454,488,434,381,526,395,452,1265,1027,1182,669,1388,1033,1164,1433,1180,1193,1273,1369,958,1291,1193,824,1157,1113,1196,923,1064,1036,800,1102,1201,1164,1210,1169,1283,1262
"COG0496",126,256,203,288,258,392,235,332,232,239,242,265,418,327,353,268,145,207,236,242,235,165,154,184,268,210,284,239,304,217,157,272,317,113,157,200,211,454,109,155,286,233,224,269,307,199,246,303,209,187,283,338,226,251,277,278,140,47,371,190
"COG0497",617,637,670,657,433,553,562,717,829,504,666,614,722,596,777,638,769,688,586,923,581,591,690,600,635,678,621,664,691,724,674,608,627,280,725,669,775,816,708,610,713,729,587,662,703,439,742,584,585,508,762,603,710,744,684,662,754,754,774,764
"COG0498",266,244,252,199,169,243,256,244,327,191,273,295,240,246,285,201,265,210,227,271,217,255,241,297,255,212,177,219,207,269,692,558,503,472,621,665,712,574,633,467,697,724,568,544,652,389,452,528,604,540,587,604,534,590,616,552,609,706,578,631
"COG0499",19,168,155,328,253,41,122,96,197,165,125,279,26,218,62,180,57,39,179,147,137,207,136,195,70,143,222,165,130,115,74,215,110,0,123,226,121,30,150,144,367,81,189,25,159,267,68,53,62,167,212,88,266,102,187,192,82,259,166,207
"COG0500",1860,1341,1607,1370,1653,537,1273,1072,1711,1302,1427,1460,662,1317,945,1358,2071,1525,1588,1182,961,1666,1563,1447,1668,1477,1391,1628,1505,1556,1552,1546,977,2302,1614,1675,1270,958,1114,1106,1185,1369,1264,1385,1043,1760,1485,970,1706,1522,1124,889,1895,1446,1324,1217,1854,984,1194,1555
"COG0501",152,392,274,410,345,408,341,326,252,432,319,383,400,280,314,446,191,283,298,263,607,313,404,235,271,379,354,292,336,413,277,312,400,314,220,332,272,227,335,235,409,379,499,450,386,395,192,386,383,356,328,446,408,215,351,356,140,402,287,315
"COG0502",559,666,477,832,606,173,533,355,502,597,586,502,56,642,259,843,468,625,689,400,725,579,453,489,614,689,685,372,855,329,456,660,654,303,372,670,539,127,495,480,675,795,614,277,535,556,365,469,644,698,802,748,729,607,763,795,519,220,456,498
"COG0503",647,485,585,441,569,523,575,601,623,468,605,633,737,571,746,504,661,584,648,719,495,526,578,552,566,571,443,530,490,576,537,455,596,424,481,574,599,863,688,350,464,513,406,589,564,472,626,640,537,488,516,596,557,509,542,453,556,704,555,534
"COG0504",669,675,737,571,549,915,682,787,863,601,703,790,746,693,797,553,775,722,661,842,702,634,651,716,734,682,542,749,677,666,780,667,592,459,855,744,820,702,787,937,800,816,632,635,692,463,829,680,691,519,720,634,571,696,658,687,779,763,787,813
"COG0505",502,484,456,401,322,557,474,521,515,415,483,488,509,528,560,383,477,473,421,577,375,404,527,407,490,449,333,449,449,476,465,385,467,253,451,575,585,517,577,297,536,490,433,446,423,321,481,469,542,343,473,501,434,449,438,526,402,665,549,425
"COG0506",38,152,113,326,386,34,353,160,120,338,165,243,9,364,36,271,116,83,101,36,158,264,145,186,136,164,221,157,293,57,65,335,352,349,46,211,14,34,95,164,115,119,93,51,213,201,48,124,182,426,158,279,228,251,124,156,91,61,117,36
"COG0507",2290,2335,2242,1935,1828,2466,2867,2126,2620,2039,1878,2560,3105,2057,2066,2316,2466,2457,1711,1871,1836,2216,2852,2826,2225,2366,2187,2416,1972,2806,2696,2240,2233,8981,2445,2068,2289,2781,1793,2500,2275,2270,2027,2680,2143,1594,2490,2787,2217,2099,2237,2524,2099,2409,2369,2174,2921,2595,2475,1995
"COG0508",18,85,95,313,197,40,97,66,121,183,51,120,17,133,18,255,48,61,212,98,68,163,77,37,95,130,208,56,148,45,59,142,88,407,36,110,29,13,65,84,182,63,214,51,104,186,12,49,136,113,138,79,204,60,100,59,61,88,109,47
"COG0509",28,107,83,148,211,59,115,61,110,151,122,160,18,150,20,176,68,94,129,67,155,113,70,141,82,103,158,83,169,72,112,133,168,99,85,147,86,75,104,110,111,88,172,12,99,180,95,103,150,108,113,141,124,103,180,128,76,218,127,109
"COG0510",205,40,148,146,78,34,53,115,65,82,52,47,172,146,114,38,234,55,67,148,84,202,81,117,171,119,208,176,79,100,59,34,59,190,101,49,112,19,264,253,38,158,59,270,80,101,63,67,81,167,68,109,78,36,101,43,75,51,62,51
"COG0511",317,320,295,472,501,488,436,435,206,534,310,322,363,527,274,389,322,313,504,390,324,450,266,347,448,325,367,480,427,254,329,385,430,230,360,349,463,311,232,432,310,232,308,251,374,434,248,349,373,419,278,421,299,363,330,442,278,147,382,427
"COG0512",108,86,112,65,100,111,73,103,111,101,133,103,126,84,116,94,73,86,101,81,125,84,53,94,96,103,98,95,102,91,212,215,213,330,178,283,212,297,395,167,230,227,218,217,240,193,284,216,277,177,252,308,242,223,243,211,221,398,311,231
"COG0513",388,522,427,629,676,670,712,637,494,584,520,549,325,653,468,699,404,497,567,505,660,603,627,438,544,626,522,584,586,390,1170,1278,1526,1134,931,1196,1355,1419,939,1194,1300,1322,1347,1143,1502,1391,1336,1197,1413,1385,1584,1640,1137,1386,1337,1396,1022,982,1448,996
"COG0514",1261,1883,1730,2484,2244,2968,2025,3037,1483,2016,2099,1940,2688,2103,2536,2430,1155,1679,2313,1717,2412,1795,1678,2244,1613,2053,2671,2191,2127,1808,1349,2210,2292,457,1252,1843,2273,2922,1204,1655,2119,2048,1897,1838,2664,1895,1712,3440,1961,1981,2348,2376,2118,2475,2144,1741,1355,1040,2647,1438
"COG0515",2018,1152,1193,607,542,508,725,897,2073,678,1302,1288,1000,799,1042,453,1791,1212,777,1370,606,1849,999,1680,1207,856,506,1345,1281,1270,1643,948,677,349,1808,1449,1628,1733,2579,1567,949,961,500,1911,1746,346,2205,926,1261,725,663,979,827,1890,1837,898,2841,3909,2090,1564
"COG0516",713,691,684,685,563,881,726,812,811,627,713,685,899,728,861,746,666,618,802,933,731,665,616,711,691,617,630,708,706,670,733,625,679,493,674,706,738,896,936,681,802,767,619,566,762,546,786,778,694,562,712,684,778,621,622,772,627,1023,804,708
"COG0517",975,776,997,814,554,1345,913,1219,1158,844,866,1106,1403,855,1364,779,922,725,817,1325,830,785,842,1030,861,751,645,1005,828,1051,865,737,803,695,1042,903,1114,1323,1609,1007,1075,885,963,957,1019,864,1007,1125,875,604,914,848,826,766,837,1031,876,1554,1121,926
"COG0518",724,759,745,665,804,882,845,892,842,665,754,778,641,991,813,647,750,834,516,923,802,764,827,696,839,811,754,807,925,681,718,832,939,464,628,813,676,850,990,772,775,667,572,633,795,782,702,687,772,717,952,1036,751,898,834,818,729,1005,868,637
"COG0519",753,700,756,862,788,818,842,886,885,542,655,831,586,907,865,737,700,650,559,871,748,813,831,739,840,766,803,800,997,708,707,794,960,433,681,852,701,752,791,723,814,705,607,625,716,852,720,682,766,714,1012,1051,768,817,698,744,682,742,762,626
"COG0520",670,662,689,493,440,814,592,623,662,616,684,668,624,614,722,492,740,631,590,740,746,456,601,607,602,590,480,645,565,682,609,670,694,556,750,757,746,612,938,834,607,693,491,599,550,436,655,882,646,456,599,617,641,586,649,704,578,594,717,687
"COG0521",210,45,96,49,34,36,111,65,71,134,72,147,16,85,72,76,158,76,103,205,52,74,214,65,126,80,46,47,55,91,79,65,39,314,71,81,86,49,223,50,57,145,44,98,56,83,57,69,44,68,96,79,111,39,54,85,74,129,54,91
"COG0522",381,291,404,207,268,389,264,387,384,262,312,376,455,226,434,225,345,313,264,395,311,290,367,416,393,290,242,418,273,463,418,304,255,208,457,327,418,459,299,412,310,341,330,388,289,253,426,332,297,213,300,267,295,327,289,314,416,334,367,402
"COG0523",490,279,229,224,225,257,444,323,318,512,310,244,354,417,274,374,464,377,254,239,280,402,540,266,473,307,218,267,329,265,477,243,456,452,402,310,250,333,244,436,252,392,127,441,286,166,399,359,454,273,351,391,279,362,337,272,423,157,292,293
"COG0524",2103,2431,1969,2086,1919,2224,2546,2339,1938,2228,2382,2189,2551,2017,2930,2184,1858,2159,2181,1900,2337,1899,2425,1837,1957,2325,2393,1747,2235,2064,1625,2075,2514,2967,1943,2196,1960,2384,1926,1700,1893,2246,1895,2532,2163,2063,1972,2502,2494,2079,2523,2461,2102,1799,2322,1831,1644,2934,2308,1764
"COG0525",1135,1237,1014,880,741,1330,1048,1271,1259,895,981,1055,1020,1016,1172,878,1174,972,972,1385,1101,1017,1237,1038,1107,1019,761,1092,833,1065,1235,932,1077,717,1352,1194,1272,1134,1288,1471,1107,1207,904,871,1039,704,1071,977,1139,840,1041,874,853,893,910,1068,1365,1507,1260,1209
"COG0526",1195,2004,1839,2110,3454,1780,1906,1870,2037,2567,1914,2647,3368,2142,2050,2206,1431,1890,2627,1299,2506,2145,1435,2554,1947,1893,2416,1880,1959,2304,1764,2175,2375,713,1465,2089,2203,2872,1330,2081,2184,1430,3287,2838,2287,2938,1733,2470,1777,2650,1822,2548,1685,2133,1921,2277,1340,1285,1891,2032
"COG0527",1032,1137,1100,1287,1088,1776,1315,1540,1110,1286,1288,1261,1621,1222,1503,1414,820,1116,1326,1277,1432,1043,1018,939,1162,1233,1332,1363,1225,1075,1065,1115,1349,813,970,1258,1250,1469,848,947,1402,1326,1352,1021,1419,1084,1365,1151,1226,1155,1502,1473,1086,1148,1229,1149,991,942,1229,1107
"COG0528",325,366,406,323,331,457,374,371,435,323,391,404,484,434,433,321,371,330,322,437,407,335,389,423,376,329,294,441,337,385,419,345,330,259,424,339,399,470,413,493,377,399,313,345,372,292,377,391,363,301,370,399,322,390,352,381,370,382,399,406
"COG0529",51,143,92,243,155,37,139,73,47,167,166,70,26,137,17,225,81,133,196,33,180,112,107,56,167,185,212,63,170,49,66,166,156,103,90,103,103,62,42,117,124,179,111,45,98,151,125,92,153,173,156,210,200,167,143,113,94,35,77,79
"COG0530",542,345,384,367,307,90,438,207,339,340,382,194,52,355,198,353,609,455,374,323,313,437,353,315,373,412,385,335,407,346,522,387,382,218,466,280,348,134,176,492,322,474,298,309,267,197,312,218,394,477,448,304,402,449,412,330,522,82,279,318
"COG0531",243,255,332,338,322,180,370,203,308,525,347,492,89,399,135,445,318,276,387,1240,373,331,290,328,263,412,287,181,316,207,641,596,783,2929,514,813,694,162,2536,535,816,992,813,407,755,1117,358,436,759,548,655,995,805,674,771,802,486,2881,566,532
"COG0532",758,802,647,559,289,1347,590,1074,795,774,701,595,787,681,965,496,865,813,629,876,883,596,801,689,1034,720,549,769,621,825,783,714,782,602,1091,739,861,860,687,803,947,712,880,744,786,466,1112,1125,836,593,748,711,508,667,833,857,809,880,871,823
"COG0533",554,502,499,378,323,513,517,450,648,349,509,478,465,489,497,375,573,553,386,634,387,502,596,538,483,509,380,484,410,465,587,463,423,263,623,509,622,468,608,644,555,577,421,429,465,323,650,423,535,409,513,422,382,514,467,515,633,500,541,554
"COG0534",10213,7347,7566,6686,5675,5234,7776,4972,6899,5773,7257,5583,3570,7112,5882,5789,9775,8347,6862,5162,6131,7761,10309,6519,8435,7584,5835,6875,7641,7201,8464,6807,6632,4448,8370,6870,7842,4837,5469,5888,6149,8163,5598,6974,5979,5976,7326,6017,7309,7432,7467,6728,7163,7172,7619,7652,8545,3906,6469,7708
"COG0535",939,666,1170,823,1276,447,758,1428,1185,426,541,957,874,821,537,910,1250,756,1112,613,708,973,752,1010,1054,518,814,1086,823,1033,919,741,510,201,873,719,779,1675,1021,1195,583,1116,657,579,846,354,968,1194,1406,1235,674,650,854,680,572,491,874,266,1058,966
"COG0536",497,532,481,403,296,681,583,547,610,464,452,513,607,491,568,376,600,473,313,662,540,472,504,479,508,489,401,594,437,438,537,472,431,210,583,494,559,483,681,766,554,587,365,563,494,257,583,567,633,431,551,564,344,554,521,538,629,778,553,503
"COG0537",408,348,395,306,473,291,418,286,313,398,469,455,279,344,316,353,415,404,418,303,377,364,276,473,460,417,394,421,369,423,340,394,426,215,351,356,413,411,492,446,310,376,375,364,318,300,423,422,371,361,395,461,321,355,331,354,325,367,350,487
"COG0538",202,191,166,162,129,263,165,235,179,175,195,107,263,159,247,171,146,203,156,194,158,180,251,163,191,168,167,236,182,167,430,423,461,274,391,410,472,730,386,270,481,504,317,558,466,326,467,526,383,334,478,501,395,480,469,445,490,501,626,490
"COG0539",738,942,881,658,590,1265,816,909,1151,636,814,1029,1149,858,897,665,777,762,715,810,760,790,761,952,758,705,629,1006,728,944,860,760,698,466,1035,946,846,896,844,849,987,933,688,692,831,538,870,771,846,613,792,884,743,795,822,864,923,681,1037,765
"COG0540",213,190,199,142,155,203,191,208,227,149,151,190,243,207,257,145,193,214,138,211,154,199,246,194,161,163,137,245,206,224,488,459,452,247,420,503,524,619,410,323,503,456,366,480,523,279,496,419,409,342,493,348,478,497,489,476,485,506,617,420
"COG0541",555,692,544,619,464,693,679,664,686,568,629,597,578,668,644,566,594,615,545,764,506,659,672,608,565,647,503,653,575,613,582,563,569,373,722,646,671,515,692,920,673,679,516,575,607,407,719,651,591,511,618,593,508,683,608,607,714,789,637,708
"COG0542",2376,2335,2495,2014,2698,3794,2897,2654,2654,2440,2334,2417,2577,3284,2482,1993,2796,2548,2289,3220,2141,2518,3129,2495,2615,2511,1907,2823,2740,2417,2564,2390,2381,1426,3139,2679,2722,2460,2479,3751,2507,3262,1837,2790,2454,1773,2910,2350,2422,2078,2867,2510,2202,2811,2350,2254,2983,2785,2716,2807
"COG0543",900,889,981,979,871,1379,969,1246,910,963,932,901,1178,1036,1322,988,805,977,911,937,992,898,1004,903,876,972,952,987,980,918,910,942,954,391,856,950,952,1403,729,806,1154,1096,900,876,1097,948,960,1067,923,884,1018,1005,814,868,1044,1204,877,547,1057,910
"COG0544",1241,700,975,577,843,751,1156,826,911,746,864,788,787,931,942,604,1201,909,780,999,663,898,1431,881,1117,771,655,1059,746,1033,1054,817,750,336,944,780,1070,967,784,1004,677,993,529,981,765,505,1103,835,854,960,839,725,780,867,703,672,982,775,855,1032
"COG0545",145,295,262,343,361,748,329,376,162,328,290,236,613,272,396,336,116,247,312,223,376,215,156,180,239,303,361,401,292,257,493,648,1007,368,340,621,837,1441,415,398,787,690,745,1163,826,589,1520,1287,655,568,787,1429,600,595,687,617,448,739,891,542
"COG0546",966,787,934,565,743,851,551,773,1001,589,782,938,676,597,849,686,954,804,785,998,812,835,672,949,813,753,759,816,759,815,779,675,671,541,869,760,1008,997,1095,571,700,844,787,881,709,556,1103,836,896,772,607,626,899,731,684,664,849,797,825,887
"COG0547",301,385,334,342,269,436,272,227,328,317,316,370,370,329,285,431,337,339,364,418,419,342,220,291,348,393,310,365,392,247,306,307,364,421,232,356,334,195,529,236,401,378,232,395,300,249,205,175,447,257,353,361,315,331,346,309,348,444,303,320
"COG0548",449,409,387,351,356,440,467,411,393,393,386,398,498,433,474,310,359,370,397,436,396,458,474,372,466,410,325,431,339,374,423,340,471,514,387,436,502,406,509,268,407,478,315,352,421,298,290,352,398,350,390,431,398,371,391,381,335,507,466,395
"COG0549",327,94,157,81,122,55,154,78,133,92,101,185,27,129,117,123,204,178,155,348,92,140,134,157,201,163,72,131,143,130,177,100,63,881,155,172,146,43,299,120,104,178,138,146,110,145,109,76,82,121,90,185,176,101,147,127,115,255,59,94
"COG0550",2441,3143,2632,2790,2218,2507,3530,2994,3021,2648,2259,2668,2911,3735,3010,2771,2927,3135,2627,2160,2322,2664,3516,2706,2810,2731,2257,2686,3541,2998,2854,2579,3772,1343,3548,2509,2578,2943,2273,2759,3363,3384,2288,3580,2948,1582,2657,2293,3362,2269,3401,2751,2871,2720,2981,2722,2801,2318,3229,2654
"COG0551",750,358,453,145,235,113,521,283,668,328,390,445,96,399,381,198,810,522,357,624,176,418,572,501,467,422,163,316,333,437,462,294,285,924,682,547,421,204,627,655,278,470,218,359,281,338,472,189,482,335,284,275,437,393,316,397,531,467,337,521
"COG0552",323,327,358,302,315,526,294,332,477,317,406,370,270,320,331,286,432,381,342,400,296,389,380,413,361,349,301,442,337,372,396,333,256,261,448,368,430,268,525,587,457,369,288,383,326,254,477,425,400,295,330,289,354,417,318,342,490,572,308,501
"COG0553",1660,1651,857,978,1746,1106,1661,1722,1626,1821,1798,995,2245,1772,512,663,1948,984,1602,1541,1105,1455,1773,1739,1311,1202,1237,1377,729,1249,529,455,465,253,409,445,593,1218,549,1047,464,506,1784,482,890,667,497,887,261,577,496,303,428,391,355,616,604,622,712,612
"COG0554",545,371,341,300,287,76,434,309,414,417,286,318,86,443,217,323,538,599,370,526,216,404,479,331,369,378,311,299,435,394,372,277,382,599,518,446,474,132,411,242,262,462,252,301,286,261,303,217,469,407,393,323,384,347,536,243,436,312,270,292
"COG0555",149,31,99,21,50,18,58,21,74,139,37,58,10,24,52,15,114,45,78,100,20,106,31,60,113,69,14,74,52,32,88,38,16,92,31,71,123,41,110,27,22,100,22,85,38,27,68,30,42,26,40,29,90,104,27,51,154,30,38,82
"COG0556",735,691,770,635,501,916,742,814,933,602,656,715,726,735,839,543,823,710,583,878,641,718,868,768,690,756,549,788,660,793,882,739,574,274,939,805,869,748,865,1090,857,866,629,765,716,495,864,745,709,661,676,596,623,740,589,782,807,989,748,794
"COG0557",382,325,330,256,242,504,347,367,343,254,266,292,426,379,490,215,359,313,346,445,307,325,347,380,364,289,238,409,295,357,845,782,777,525,825,582,810,1251,570,1492,913,739,736,1178,899,619,876,838,740,747,853,741,739,776,766,792,981,342,941,930
"COG0558",324,267,309,212,229,391,222,241,338,197,343,247,129,219,236,159,380,270,317,338,186,252,326,265,275,268,234,365,252,314,332,283,248,299,372,345,322,319,430,499,229,270,187,386,211,301,454,103,214,222,244,201,322,289,236,215,392,708,271,346
"COG0559",276,233,205,125,140,81,258,166,263,295,238,208,59,211,177,108,221,175,128,185,135,236,422,245,179,123,99,166,119,236,236,198,273,355,403,218,195,132,432,162,232,239,165,153,125,269,148,105,166,181,246,179,221,120,213,211,248,366,258,245
"COG0560",236,391,279,374,274,297,229,352,317,379,437,367,276,375,263,282,281,297,361,239,382,250,256,279,320,365,382,345,409,324,374,349,316,233,247,410,337,234,430,267,351,346,308,299,342,208,333,309,334,308,409,364,299,364,379,391,288,410,355,294
"COG0561",2358,1065,1461,1213,971,1041,1356,863,1179,1390,1539,1393,876,1370,1292,1154,2128,1556,1429,2147,1196,1195,1917,1288,1461,1351,1138,1185,1278,1232,1352,1266,1267,1527,1449,1767,1446,970,2339,948,1097,1453,1344,1638,1167,1533,1383,1202,1151,1340,1448,1458,1430,1208,1353,1423,1215,2182,1154,1594
"COG0562",497,272,647,345,366,131,530,517,524,491,369,432,546,463,188,391,568,312,343,526,447,491,434,722,518,430,301,359,237,418,432,362,564,217,400,487,464,1814,701,313,377,502,456,378,648,459,377,289,359,517,301,392,362,566,368,434,463,582,705,615
"COG0563",401,361,387,297,373,439,427,393,445,350,377,386,409,353,397,348,398,401,312,489,362,346,424,400,392,399,301,465,326,379,394,358,378,213,500,382,443,381,435,533,365,454,395,360,386,264,430,387,409,286,333,440,285,409,368,358,409,492,398,467
"COG0564",1607,1405,1611,1243,1287,2085,1560,1811,1709,1261,1389,1469,2114,1430,2079,1166,1705,1548,1287,1871,1459,1227,1531,1418,1448,1388,1204,1501,1298,1635,1498,1496,1418,886,1566,1372,1596,2250,1145,1860,1492,1437,1376,1804,1702,1073,1676,1574,1499,1237,1436,1377,1374,1487,1535,1554,1512,1337,1821,1582
"COG0565",8,3,4,6,10,36,25,14,10,73,9,31,5,24,4,16,5,1,38,20,9,11,6,5,28,32,24,6,11,14,3,9,7,198,5,6,10,8,1,14,10,18,4,12,11,28,4,2,4,2,10,19,18,2,8,2,4,23,2,3
"COG0566",1043,1019,990,966,1056,954,1105,768,1099,970,1134,1034,681,1191,741,982,1198,1018,1062,1089,1007,1076,1074,1083,1074,1062,945,997,973,907,1081,1123,1061,663,1316,1153,1234,787,1328,1238,1138,1123,980,917,1016,898,1230,912,1120,984,1077,1139,1005,1182,1198,1147,1218,1608,962,1140
"COG0567",12,34,1,24,30,52,47,25,47,72,5,40,9,45,10,88,14,3,58,21,16,34,19,8,97,31,34,10,25,11,2,10,29,409,6,9,10,13,1,22,51,51,0,30,19,32,14,7,15,5,26,27,30,7,18,7,6,52,98,11
"COG0568",689,548,891,218,326,1190,582,1057,858,528,427,705,1432,433,1319,337,753,495,452,1037,352,444,486,687,589,468,278,964,380,1400,588,491,326,771,763,466,660,1324,549,1096,623,538,509,994,773,457,878,966,521,347,398,424,561,447,396,583,692,506,792,742
"COG0569",1064,1001,945,868,889,874,1150,695,1057,924,983,819,610,1064,632,868,1127,1136,988,963,961,1045,1166,927,1071,1086,895,952,1074,967,1254,963,1040,739,1157,1051,1026,580,781,762,930,1039,846,889,848,775,909,857,1076,998,1011,981,1072,1019,1069,999,987,735,891,930
"COG0571",389,456,446,336,325,484,368,476,487,321,412,458,571,420,537,360,446,441,401,458,403,357,369,471,362,385,331,496,373,399,344,479,385,174,387,400,451,577,413,395,436,313,405,530,467,259,411,401,409,346,327,330,435,496,410,407,408,478,600,443
"COG0572",742,697,841,802,567,1260,531,809,800,577,626,753,1219,632,917,863,668,723,837,818,768,743,655,692,709,736,780,922,717,826,789,777,586,246,854,600,787,1188,420,948,834,692,848,1016,898,565,993,988,869,741,721,613,648,864,731,656,842,231,826,735
"COG0573",452,462,343,363,304,120,340,210,337,334,338,332,47,406,417,289,406,356,326,509,300,386,404,307,304,387,290,237,346,264,343,403,289,306,344,338,383,124,522,264,376,395,303,213,302,276,241,213,395,373,285,304,412,320,407,382,301,517,269,297
"COG0574",542,649,591,531,409,1011,555,667,764,445,488,639,877,608,705,562,513,638,535,465,568,622,517,627,598,482,509,712,579,654,1817,1521,1344,592,1870,1492,1833,1997,775,1679,2109,1448,1200,1862,1658,1068,1923,1740,1639,1431,1550,1219,1291,1594,1570,1535,1877,396,1660,1453
"COG0575",357,382,450,263,323,452,325,459,517,322,422,356,574,332,474,299,411,409,327,399,412,355,263,446,446,331,313,431,306,476,389,377,371,65,486,340,438,498,455,586,415,320,326,372,417,269,386,373,353,294,354,357,357,391,390,371,464,393,547,473
"COG0576",289,284,282,238,470,365,225,344,332,304,306,342,393,266,299,273,292,313,284,317,277,287,349,344,304,286,214,348,283,350,305,268,237,174,299,294,348,481,285,352,280,239,299,306,302,236,439,286,305,241,247,355,220,349,251,297,309,252,327,331
"COG0577",4290,3001,3414,3219,2642,2515,3440,2321,2901,2263,3664,2744,1950,3102,2793,2868,4766,3272,2973,3171,2995,3749,3512,2845,3423,3636,2672,3262,3676,3181,3553,3141,3500,2027,3470,3402,3420,2327,4945,4307,2837,3970,3206,3263,2726,2061,3482,2647,3681,3269,4026,2962,3788,3516,3325,2735,3750,5892,2821,3863
"COG0578",18,78,40,157,77,45,184,76,92,195,112,137,24,123,24,231,49,131,104,36,205,96,111,98,99,159,151,46,102,53,73,130,154,411,68,169,63,20,1,81,224,188,189,23,120,154,60,67,54,28,243,211,34,115,138,148,23,78,47,27
"COG0579",378,197,139,228,78,62,93,132,234,320,154,243,63,146,171,113,188,235,156,191,130,162,302,111,235,177,144,77,140,306,136,153,138,524,209,246,162,132,309,88,105,181,102,175,104,215,126,142,141,120,177,133,176,66,133,179,165,127,190,152
"COG0580",93,132,55,155,93,77,109,76,65,307,163,119,32,91,35,240,107,135,221,293,179,81,61,63,153,137,160,42,109,65,123,165,104,366,109,137,133,29,399,149,132,87,165,81,91,196,73,84,190,189,115,131,76,185,124,137,65,537,58,124
"COG0581",425,392,325,285,260,128,374,225,381,371,306,321,58,346,447,220,345,363,356,494,284,348,396,340,367,330,242,247,301,272,150,141,116,157,149,149,168,48,196,87,142,151,124,75,97,96,90,81,152,125,116,111,116,163,154,146,134,277,126,133
"COG0582",4303,5036,5189,3986,5495,1423,5239,2420,5580,4308,6863,6656,3831,4477,4482,4532,5920,4712,3768,2937,9103,4968,5706,6760,5038,4563,3516,4224,5963,5666,5076,4356,4302,6329,6317,7727,4605,1951,3980,4964,5178,4895,4974,4173,3707,3478,7028,2990,4755,4843,4938,5917,4469,4314,4966,4784,5070,3797,5416,5931
"COG0583",3663,1878,2617,1433,2134,1789,2659,2713,2920,6093,2053,3141,1293,1826,1998,2561,3128,2238,2774,3921,1754,2250,3004,2553,2731,2491,1807,1969,1844,2368,2165,1921,1697,8959,1987,1993,2583,2559,4501,2090,2030,2520,1880,1930,2208,3211,2300,2084,1937,1675,1796,2677,2461,1677,2246,1974,2453,2852,1978,2498
"COG0584",506,639,538,1130,1068,220,664,457,681,720,830,803,723,685,959,1028,586,1000,687,570,606,926,880,772,552,647,1040,518,784,991,683,1313,666,542,634,935,509,833,419,694,960,661,845,602,589,1283,391,379,671,833,842,768,466,791,721,730,658,626,651,724
"COG0585",2,0,0,1,10,13,8,11,4,30,0,18,5,7,2,19,9,2,22,3,5,3,11,0,50,9,16,1,6,0,0,1,5,184,2,9,0,10,0,0,6,1,2,10,6,16,2,4,8,3,2,3,16,2,1,3,0,22,5,0
"COG0586",75,217,184,297,327,369,181,255,162,441,249,306,248,182,219,346,132,194,210,412,280,173,166,181,146,267,386,257,267,193,156,255,246,559,124,260,188,311,475,143,235,213,189,144,249,330,187,254,235,159,271,323,263,204,242,137,136,551,211,164
"COG0587",1532,1636,1432,1254,1107,2041,1676,1434,1587,1339,1455,1519,1433,1568,1745,1273,1573,1478,1431,1554,1628,1311,1354,1471,1730,1511,1644,1538,1364,1580,663,608,610,403,634,595,660,578,655,825,689,623,2980,608,587,417,647,667,620,471,573,559,543,529,677,579,751,662,578,680
"COG0588",28,194,106,355,333,40,178,89,205,151,228,292,24,280,43,239,121,101,168,250,280,162,124,206,77,244,294,126,192,89,75,188,278,153,132,190,112,42,200,222,145,186,272,27,197,224,82,99,260,187,230,356,180,148,248,164,99,351,169,99
"COG0589",288,881,512,890,811,1081,603,1026,614,711,810,842,808,769,904,933,282,661,630,928,945,543,437,580,459,711,895,589,788,553,454,844,878,539,357,729,569,938,838,561,850,652,835,585,901,898,439,688,729,534,853,934,810,716,879,667,493,993,872,344
"COG0590",428,365,394,273,324,546,316,400,349,363,303,315,446,297,402,262,357,291,341,399,364,285,307,402,322,260,273,444,266,317,301,366,310,161,356,306,380,412,321,461,412,313,371,464,364,251,391,493,311,290,297,404,289,297,338,300,298,310,370,494
"COG0591",719,1149,1158,1265,1075,886,933,582,1133,749,938,1089,623,1074,678,1101,802,1081,651,838,1219,1082,1121,1012,667,1127,1184,1005,1295,988,910,1364,1003,697,852,1142,930,556,993,769,1151,1050,978,620,909,1403,669,856,1092,1188,1116,1093,1151,1091,1152,857,1059,882,934,792
"COG0592",731,617,774,537,480,793,546,643,810,536,663,724,587,564,733,416,748,646,573,681,600,566,639,687,704,519,512,878,562,788,656,687,593,457,641,723,713,731,789,781,681,581,563,634,637,475,777,503,493,470,565,467,630,620,641,726,715,839,742,778
"COG0593",14,126,88,116,94,154,62,39,106,96,170,143,52,118,28,110,80,89,77,21,103,89,53,103,54,98,130,93,99,85,244,411,241,92,269,390,167,131,420,203,288,228,326,193,211,243,165,84,271,203,301,225,400,301,246,250,205,351,274,354
"COG0594",224,97,144,59,74,25,101,72,193,97,105,125,24,70,108,63,244,116,122,150,61,110,170,169,143,131,44,94,85,179,158,99,29,150,138,135,115,77,183,192,74,109,85,125,72,81,162,64,66,88,57,73,95,120,99,86,163,97,92,208
"COG0595",667,320,460,151,120,102,404,135,595,241,359,402,117,368,590,132,704,429,255,1000,179,357,519,506,427,353,128,381,257,656,603,377,186,167,709,439,488,622,764,1012,320,454,264,454,229,230,552,227,418,291,272,260,369,434,273,346,718,1072,321,667
"COG0596",703,411,585,250,355,180,426,440,501,620,531,623,424,294,471,200,592,540,355,935,242,505,572,560,580,447,369,418,269,570,489,362,240,922,604,450,509,244,1075,622,345,373,494,615,264,362,543,477,359,359,228,314,275,448,314,336,603,1231,265,418
"COG0597",209,127,185,58,78,55,157,109,196,101,147,167,41,103,84,68,265,173,118,233,77,103,141,189,171,117,52,160,117,215,191,136,75,258,221,168,150,82,366,204,91,131,98,149,116,97,214,85,143,146,81,117,137,172,122,115,236,380,98,206
"COG0598",457,548,567,733,759,655,571,634,491,683,634,663,542,559,556,643,535,481,903,538,615,544,390,620,665,625,641,664,592,451,423,561,605,514,467,559,599,563,595,574,612,501,661,489,528,636,635,576,615,522,598,655,643,639,615,663,531,587,543,656
"COG0599",101,388,200,403,200,272,224,287,339,458,262,249,129,286,224,350,187,286,214,239,253,279,192,350,170,258,320,210,397,312,286,290,261,31,175,252,183,299,145,159,331,291,379,183,332,218,290,181,337,320,439,415,311,365,402,248,328,292,377,251
"COG0600",397,319,296,287,239,114,384,171,362,333,260,391,62,253,138,169,397,233,288,173,164,293,453,370,352,385,109,377,252,352,342,178,158,560,406,252,319,151,645,279,234,253,205,265,246,298,326,171,305,249,245,318,316,267,272,332,375,441,270,322
"COG0601",907,474,549,337,460,273,704,340,594,758,685,591,149,473,412,325,1042,487,541,677,347,383,771,524,614,522,287,328,411,499,657,510,509,1539,692,562,535,246,1715,404,432,586,423,498,440,889,468,363,374,478,504,558,725,476,529,610,448,1940,362,571
"COG0602",479,645,466,360,441,438,445,378,506,460,484,510,310,381,352,368,496,516,493,548,477,443,334,789,466,515,406,605,474,834,494,431,418,321,430,369,562,263,545,591,385,431,4565,319,413,278,340,513,439,407,396,477,402,468,453,468,520,386,405,561
"COG0603",216,549,264,278,233,370,236,319,185,229,232,239,295,182,283,256,124,231,261,286,254,245,135,444,209,270,207,350,335,265,233,181,261,144,145,151,318,340,131,155,257,174,324,188,279,194,256,255,169,188,235,252,142,185,217,251,174,61,233,189
"COG0604",7,11,4,15,22,58,9,57,37,478,82,51,17,11,5,38,7,2,86,90,25,25,12,11,12,40,65,4,26,3,17,25,10,344,38,34,39,3,228,17,24,30,84,8,23,112,22,13,24,5,8,17,47,3,14,1,7,443,34,1
"COG0605",33,226,113,155,118,52,108,83,137,161,143,142,31,134,34,151,75,131,197,35,236,121,103,158,179,181,168,91,185,129,154,216,186,222,154,139,101,46,25,354,190,138,253,35,136,108,125,76,154,131,218,187,163,164,185,172,126,50,142,110
"COG0606",626,558,656,460,632,936,729,588,702,602,643,526,629,743,650,559,682,642,603,560,575,565,659,623,554,727,531,628,561,604,661,544,596,440,686,561,701,677,813,672,706,664,540,645,581,448,658,659,607,575,570,663,541,684,652,690,599,812,581,686
"COG0607",400,677,464,672,774,638,808,516,482,896,509,556,209,714,333,679,446,521,730,343,799,601,620,605,707,668,889,434,610,524,388,661,952,805,560,594,638,598,316,522,564,575,587,219,629,713,818,690,677,650,602,825,406,545,587,792,485,353,466,601
"COG0608",718,775,745,644,491,926,559,797,811,607,705,630,841,605,825,741,717,771,647,797,770,685,610,768,762,700,714,711,691,762,776,673,736,439,808,744,821,874,579,753,869,814,688,695,789,643,849,860,770,550,815,745,719,724,755,885,969,327,812,803
"COG0609",739,718,738,768,535,703,780,646,701,919,548,620,347,700,664,722,609,762,631,597,704,651,690,786,759,848,665,523,848,649,545,668,589,635,700,655,648,487,287,463,760,723,613,608,639,886,642,743,703,681,963,784,647,627,881,878,803,362,749,532
"COG0610",1390,1687,1407,1129,1418,1542,1665,521,1463,1494,1166,1649,1652,830,1221,662,1208,1604,735,1669,2120,1127,1193,1418,932,1280,1188,820,944,1593,1379,884,1182,306,1474,1201,1901,1147,1018,918,1145,1745,1380,2281,1283,962,2299,1779,1711,1027,553,605,413,1728,1605,1240,1511,415,1226,1540
"COG0611",43,192,111,171,160,44,145,125,190,233,124,302,23,234,39,141,87,65,166,111,202,164,67,177,138,161,144,65,84,116,162,152,170,186,119,168,136,64,114,152,214,89,274,21,212,214,93,89,147,216,130,102,125,135,142,196,83,51,131,117
"COG0612",783,2355,1525,2134,1612,5175,1565,1525,1915,1546,1792,2005,2530,2057,1073,2009,1134,1952,1783,979,2893,1774,1482,1593,1453,1856,2299,2328,1813,1392,1641,2255,2160,612,1600,2142,1780,2834,366,2387,2477,1639,2328,2448,2271,1779,2588,1893,2228,1743,2224,2029,1540,1756,2249,2108,1720,380,1953,1682
"COG0613",293,158,290,148,155,74,379,157,318,209,230,320,36,181,117,148,268,224,157,291,92,218,334,246,203,285,108,207,164,283,276,194,153,346,354,276,270,91,421,603,175,186,192,216,169,323,198,107,240,153,187,180,165,236,170,258,380,466,215,446
"COG0614",765,1063,808,923,839,605,1087,693,732,1036,853,775,471,797,631,951,724,923,764,710,773,690,1010,992,847,946,844,729,1052,875,678,751,768,655,691,810,711,627,414,606,883,893,751,620,684,1144,734,994,810,815,971,915,891,996,1032,1078,865,355,751,582
"COG0615",391,264,256,183,330,882,88,109,358,124,213,189,172,129,479,374,272,472,151,396,243,234,165,221,158,293,208,522,236,290,275,292,271,8,191,276,193,866,77,107,165,170,238,323,340,238,108,148,351,218,201,111,437,336,286,124,223,99,169,305
"COG0616",198,435,348,555,407,858,321,608,412,489,406,506,677,345,496,512,183,360,406,279,500,344,259,345,353,445,498,408,344,340,309,475,473,713,196,424,317,550,34,325,572,315,528,453,532,461,407,513,319,405,548,394,423,427,414,522,243,129,415,353
"COG0617",657,567,578,485,374,825,492,633,750,494,536,535,496,485,440,432,528,555,542,639,605,574,509,600,650,584,409,746,502,560,654,437,396,596,640,599,758,504,725,732,696,663,505,570,531,422,669,536,551,465,504,475,428,521,561,556,666,847,562,587
"COG0618",635,525,672,418,469,534,523,519,563,391,521,489,526,463,756,370,622,570,466,623,471,541,482,652,562,507,442,621,450,649,649,503,395,95,653,413,603,749,346,630,494,557,363,577,537,305,703,612,487,424,468,486,416,519,457,436,680,178,548,659
"COG0619",705,341,563,223,214,124,410,215,673,260,608,509,108,331,447,201,609,441,293,711,214,443,680,542,528,430,168,350,277,595,624,313,264,312,704,721,648,197,1192,340,423,445,296,407,247,241,500,215,479,317,326,307,387,375,343,323,583,1685,288,541
"COG0620",490,224,486,159,267,482,394,443,315,365,498,194,815,216,454,304,496,356,320,571,241,410,179,239,407,503,206,520,328,573,353,213,278,489,176,361,445,358,679,194,331,396,324,486,337,141,536,273,323,143,355,292,407,418,237,223,346,1206,369,290
"COG0621",1523,1783,1701,1315,1382,2786,1697,1608,1804,1289,1697,1526,1645,1656,1513,1353,1735,1700,1578,1388,1527,1516,1664,1571,1654,1498,1339,1815,1540,1587,1703,1597,1566,801,1869,1494,1843,1765,1448,2149,1759,1647,1432,1528,1745,1240,2147,1697,1559,1573,1525,1531,1393,1676,1532,1630,1748,951,1556,1929
"COG0622",218,126,158,111,118,169,155,116,131,135,162,145,116,141,126,117,190,144,175,120,136,138,182,137,176,154,109,130,129,172,385,365,354,284,408,384,489,351,369,361,287,378,274,401,321,324,413,358,379,358,329,399,359,334,384,353,412,207,363,528
"COG0623",83,213,158,241,183,460,168,233,158,189,187,148,484,150,219,219,98,155,249,305,346,138,94,159,193,187,204,299,190,137,124,230,243,142,135,158,213,302,16,238,276,187,252,147,246,169,277,374,153,190,231,247,132,187,205,201,118,76,196,252
"COG0624",909,1018,681,907,879,755,1218,890,1231,1188,989,1072,583,1016,765,1157,943,908,961,1407,1102,765,1237,835,771,980,838,774,994,849,687,790,1119,1626,915,1088,1177,619,1558,972,1254,1138,1056,741,1012,1657,647,834,940,709,1167,1426,937,759,1120,1297,709,1428,893,761
"COG0625",12,4,2,31,52,78,19,95,30,420,6,109,44,30,5,86,23,5,139,10,45,18,26,7,56,81,64,4,20,10,7,8,27,878,5,17,3,10,2,11,26,16,12,16,47,77,13,23,30,2,15,24,45,6,20,10,3,115,10,8
"COG0626",196,124,91,60,87,85,79,120,120,319,152,179,27,62,77,113,180,131,117,328,69,63,57,47,134,84,76,60,139,108,100,82,48,548,170,284,158,90,772,80,226,110,103,112,92,291,122,66,49,87,79,77,100,57,90,136,86,690,68,103
"COG0627",239,295,284,623,344,80,339,141,181,309,462,242,55,281,96,340,304,285,352,171,374,386,249,176,466,398,388,282,369,232,253,410,641,242,334,291,410,117,357,222,351,318,344,141,274,498,244,328,218,320,339,429,253,220,410,386,263,511,170,268
"COG0628",1091,988,1057,928,956,855,948,858,1166,976,1110,1041,776,866,837,1004,1115,1174,902,996,1063,1078,1039,1046,1108,1120,1052,1013,1038,1195,439,413,379,445,504,395,315,326,371,437,342,385,417,366,409,394,500,339,394,384,383,424,405,436,423,333,446,402,382,390
"COG0629",575,402,501,320,330,321,347,337,469,414,881,612,246,367,521,343,544,529,294,534,393,444,431,599,736,471,356,352,363,507,537,414,321,552,708,482,458,375,1092,552,359,544,297,493,359,396,557,287,375,378,410,945,448,455,429,379,691,761,481,1016
"COG0630",76,3,49,16,49,1,53,15,16,85,34,12,6,13,10,6,21,44,22,38,7,117,8,18,62,71,0,68,35,50,37,4,16,27,5,3,74,5,0,21,1,25,0,25,10,0,12,8,32,24,15,10,57,25,14,11,69,86,18,31
"COG0631",542,349,451,188,182,398,233,336,523,150,388,419,754,292,222,146,605,475,242,457,374,563,345,512,429,251,205,488,320,444,623,387,267,85,673,544,535,516,621,509,249,312,195,568,426,172,762,322,437,283,230,279,291,427,411,229,945,861,399,481
"COG0632",267,319,301,271,227,453,334,359,366,303,341,316,358,291,382,309,370,305,291,379,334,298,346,340,276,306,281,347,282,307,283,281,284,119,353,293,349,436,344,418,303,318,260,368,313,189,377,293,332,233,341,337,234,292,251,282,304,406,407,359
"COG0633",7,2,5,19,22,22,13,15,15,72,9,44,13,16,1,31,9,3,40,12,15,6,12,0,20,16,25,3,10,6,0,3,16,311,1,8,2,5,0,6,15,8,3,9,13,23,6,4,6,1,13,9,13,3,10,3,1,31,4,0
"COG0634",124,133,133,103,120,176,117,80,140,122,178,145,108,137,109,97,111,142,150,167,134,114,142,148,129,115,101,146,115,122,342,321,342,260,328,383,385,379,395,236,295,309,312,377,338,230,367,293,331,270,316,331,363,335,342,318,333,467,390,384
"COG0635",942,722,968,759,611,796,810,649,915,814,782,736,577,733,750,708,986,831,849,676,625,877,926,888,928,898,585,801,754,833,834,731,628,852,836,884,857,828,863,892,822,839,656,723,621,814,963,715,789,619,754,639,853,823,708,860,935,712,826,962
"COG0636",205,216,260,175,245,55,223,120,224,188,284,221,29,193,105,179,208,254,231,164,262,198,171,232,238,182,180,183,229,193,231,236,246,126,205,238,193,41,133,170,166,228,220,133,168,189,175,164,184,208,206,270,209,242,228,209,215,92,148,242
"COG0637",944,852,981,701,802,647,1100,668,825,784,897,820,754,777,653,725,976,883,897,1048,785,911,943,851,823,893,698,848,898,846,851,772,821,817,859,851,1002,762,802,588,643,879,796,898,853,630,748,787,775,792,784,730,887,911,708,756,873,1053,847,954
"COG0639",107,253,378,214,282,355,294,175,100,222,288,178,32,285,51,238,325,147,173,236,148,250,132,176,360,223,341,251,268,104,210,294,251,413,197,168,70,81,151,176,108,187,300,217,156,183,147,104,235,202,199,203,164,195,295,128,182,138,205,355
"COG0640",130,88,107,40,119,33,86,40,124,91,104,79,22,58,73,42,138,98,93,203,36,95,110,111,89,95,46,98,72,101,269,221,143,268,347,245,264,138,361,325,138,228,150,229,120,194,210,110,184,231,111,134,214,240,198,131,288,326,138,418
"COG0641",953,953,1393,975,1587,1847,1043,1861,1353,862,1040,1111,2604,1370,806,1396,1263,943,1725,811,983,1386,866,1495,938,996,1290,2201,1145,1084,1037,1077,899,1061,882,1036,837,501,1117,1142,1047,1355,1398,1656,1081,970,1416,2199,1215,1251,867,807,1617,933,1207,792,1044,507,957,979
"COG0642",14161,17494,15957,25725,23847,9015,17108,13283,13226,14677,16510,14217,12657,17892,14533,23352,14162,16721,17511,9499,20201,21319,16113,14478,13903,17679,26818,15280,20831,14310,15216,22481,19180,9922,13394,18345,11154,9674,8376,16333,17887,16178,18937,15389,17509,27104,13186,15413,18782,29396,18137,17440,20736,19202,18185,15413,16713,8014,13642,11864
"COG0643",147,97,130,99,114,35,90,177,122,34,98,60,23,58,87,42,153,191,124,61,43,172,61,146,240,217,71,189,142,114,215,69,41,355,72,40,105,49,33,60,20,98,57,153,120,115,186,99,133,102,59,77,114,201,34,136,280,49,68,119
"COG0644",5,7,10,10,37,46,12,24,43,3,4,138,19,24,5,65,36,10,80,112,13,8,23,7,18,56,62,5,14,4,2,4,17,625,9,26,21,7,122,5,16,5,5,10,33,62,5,16,4,3,8,13,37,5,6,5,5,84,5,3
"COG0645",0,1,0,0,0,0,0,0,0,0,0,2,0,0,0,0,0,2,0,0,0,0,0,6,0,0,0,0,0,6,0,6,0,0,12,0,2,3,0,0,1,0,0,3,1,0,1,0,0,0,0,0,0,38,0,0,13,0,1,15
"COG0646",899,1038,988,903,665,1286,1159,955,929,983,1011,758,855,1205,913,974,934,1037,956,888,956,1024,1348,879,1049,1185,970,1045,1083,836,1032,896,900,840,1000,980,1020,899,587,615,980,1208,695,806,968,582,1062,935,1010,908,1146,999,1015,1031,1015,975,1049,312,1006,778
"COG0647",108,112,124,39,50,50,34,45,150,116,134,202,32,80,37,36,108,147,62,159,47,29,95,109,116,87,51,71,78,183,103,125,38,173,119,136,146,16,373,59,181,66,85,83,78,145,40,38,59,45,67,53,42,65,85,61,79,369,78,109
"COG0648",299,345,320,330,334,64,338,121,336,227,422,269,42,352,146,422,348,347,231,208,318,361,360,331,249,399,381,283,376,242,382,343,318,232,338,370,253,119,308,488,291,351,279,180,261,305,238,178,348,310,382,374,313,390,377,295,369,197,250,316
"COG0649",104,462,253,351,294,750,303,421,259,452,312,297,546,416,369,389,131,363,405,143,441,225,207,260,274,292,347,353,353,231,296,362,525,157,235,317,394,446,42,259,418,274,410,202,402,270,319,408,308,284,420,417,351,375,425,433,222,51,417,266
"COG0650",16,10,11,18,14,27,18,34,28,65,2,65,8,24,13,13,14,8,44,6,13,20,33,39,8,38,29,13,10,14,5,13,20,193,24,106,8,6,1,20,36,25,13,18,22,39,14,12,16,15,20,17,34,17,33,28,20,32,13,5
"COG0651",53,122,173,165,135,157,89,161,166,190,51,180,42,144,29,88,49,106,127,23,131,103,253,288,66,225,131,130,131,175,113,150,173,792,129,144,39,12,0,95,241,61,156,53,149,363,80,76,114,90,136,162,93,237,242,268,112,85,84,126
"COG0652",532,436,477,359,361,602,483,511,510,357,420,473,601,441,596,428,530,414,457,503,432,474,479,425,408,476,347,585,362,495,457,418,437,392,524,486,431,732,457,711,520,498,613,619,415,383,545,550,392,353,431,433,460,475,425,480,506,359,506,458
"COG0653",1471,1346,1347,960,861,1122,1253,1301,1371,897,1190,1036,1457,1162,1139,930,1441,1235,1080,1516,1044,1230,1365,1147,1458,1170,890,1364,1064,1287,1501,1215,1177,778,1483,1184,1495,1050,1080,1601,1484,1413,1069,1285,1081,785,1559,1346,1088,967,1331,1054,1135,1274,1157,1313,1399,1313,1324,1406
"COG0654",3,36,54,54,24,163,9,240,124,278,14,151,14,27,5,43,18,10,110,13,28,14,15,57,9,69,156,190,19,55,0,8,30,679,1,16,1,3,0,1,37,7,5,4,25,76,20,19,13,15,14,11,36,109,22,4,6,64,6,1
"COG0655",609,428,531,334,425,74,406,189,521,344,474,532,82,406,262,366,608,582,406,257,433,542,464,643,494,453,304,425,449,502,538,431,397,371,516,599,493,179,557,519,367,450,399,271,375,531,467,318,438,393,341,399,484,513,475,509,553,169,366,507
"COG0656",532,308,351,488,517,295,372,457,454,626,383,550,118,511,373,772,496,562,390,1241,375,509,371,420,272,357,462,347,552,384,354,371,266,617,204,483,283,153,1105,466,536,376,337,399,416,577,213,398,500,597,391,551,319,305,286,274,241,738,361,301
"COG0657",1000,931,929,1069,1238,752,848,529,987,591,996,744,856,967,1137,872,947,980,807,1206,611,1163,1373,711,887,806,1100,1019,790,983,818,1207,1042,520,797,873,807,587,1483,764,934,1053,630,742,913,1009,713,659,800,1176,879,783,1264,932,802,692,966,1127,885,766
"COG0658",559,580,600,537,394,599,431,298,673,518,656,504,272,545,220,568,696,828,685,689,697,516,588,481,554,660,589,447,501,426,558,626,518,334,631,562,671,326,703,901,655,620,582,412,453,437,638,389,608,502,525,508,661,698,637,637,627,690,527,648
"COG0659",891,670,686,507,700,821,668,811,566,772,507,544,733,738,783,489,532,679,607,578,602,697,347,686,852,615,502,830,594,601,710,565,593,302,492,424,698,862,237,403,512,470,480,649,729,430,628,769,570,626,516,641,519,734,638,572,729,174,721,587
"COG0661",247,34,85,23,30,61,33,31,58,161,105,134,21,58,108,53,86,38,69,196,70,30,84,91,62,79,27,52,42,46,47,57,14,322,65,158,143,23,348,559,107,35,80,108,51,90,64,49,25,16,26,13,33,100,76,35,106,876,48,188
"COG0662",408,111,377,121,189,94,122,367,159,392,191,259,293,144,511,242,254,263,273,289,297,381,527,275,264,334,44,294,181,293,320,153,92,343,269,117,280,445,114,188,99,165,85,259,291,290,238,104,233,139,96,133,175,251,162,246,224,85,256,253
"COG0663",223,223,179,210,196,178,222,238,185,312,183,223,158,236,146,248,191,208,282,172,265,184,264,193,195,195,242,127,203,183,206,195,205,344,170,198,224,136,51,132,257,274,252,171,199,204,134,179,203,235,276,236,194,154,199,235,141,73,236,171
"COG0664",900,1221,1075,1472,1613,862,1063,761,880,1204,1465,1248,1017,1192,1201,1502,984,1401,1329,1196,1978,1253,1127,1060,985,1287,1740,957,1203,1241,1132,1463,1516,802,951,1279,1112,1367,722,1030,1040,856,1477,791,1189,1663,1090,1225,1133,1214,1093,1207,1577,1007,1537,1288,872,686,1050,1162
"COG0665",112,91,79,69,107,50,66,160,110,407,80,121,41,88,33,140,183,181,352,20,66,187,90,143,300,130,83,93,79,110,81,64,196,772,158,55,158,53,68,113,52,126,72,79,74,121,145,80,56,52,59,31,130,70,184,130,82,129,83,306
"COG0666",100,671,228,170,105,166,410,90,195,381,328,238,97,143,46,469,133,82,123,80,467,122,348,447,301,267,382,95,599,282,81,141,217,719,209,479,147,41,77,201,462,483,276,71,225,428,141,59,109,89,722,258,67,575,283,339,105,124,169,255
"COG0667",778,965,704,1180,776,506,665,741,868,1197,968,639,671,699,705,1026,742,765,924,718,655,954,900,642,825,664,952,678,849,797,827,683,933,1070,742,727,936,329,901,643,787,785,832,839,754,1089,487,653,935,931,707,658,602,710,906,750,766,1774,801,754
"COG0668",650,1003,934,1337,1108,1385,811,1202,1015,1060,1029,1331,1361,1078,1263,1346,675,1089,1199,966,1398,947,884,970,801,1257,1512,1001,1196,979,795,1319,1222,625,853,1177,746,1276,651,1045,1183,1064,1194,826,1347,1358,1202,1065,1090,1302,1139,1247,1119,1118,1109,1134,936,632,1244,841
"COG0669",300,310,298,253,222,332,295,247,319,226,324,307,249,282,306,271,307,285,324,259,285,258,310,290,334,306,266,300,293,279,290,256,326,203,252,299,322,351,274,276,262,331,277,277,275,219,307,339,313,230,297,346,313,328,325,304,285,302,355,263
"COG0670",140,95,99,36,27,402,84,214,152,216,96,144,416,51,290,54,128,69,213,291,30,71,117,107,124,95,36,186,36,174,118,61,120,432,120,50,228,394,167,280,127,73,78,271,150,108,257,169,36,44,66,39,105,53,67,113,125,181,185,218
"COG0671",489,378,471,257,391,810,351,510,493,445,417,482,641,317,658,245,516,454,518,701,354,311,369,428,451,480,294,587,331,564,444,366,358,554,449,463,544,902,772,384,350,406,310,582,456,382,704,520,379,331,341,397,380,339,376,324,482,479,430,423
"COG0672",13,0,4,22,7,15,17,11,4,63,50,27,10,12,14,12,16,1,22,37,11,5,18,0,40,14,31,2,16,0,0,1,7,156,2,12,35,12,367,1,11,12,12,29,16,57,7,4,13,1,11,12,14,3,3,1,2,260,3,3
"COG0673",1475,1717,1916,2552,2475,1243,2279,1104,2106,2121,2039,1618,1047,2142,1180,2271,1668,1843,1898,1491,2617,2176,1601,1515,1616,2023,2202,1664,1881,1470,1495,2551,2396,1578,1641,2219,1613,1737,930,1883,1935,1332,2238,1586,1937,2423,1107,1342,2235,2289,1892,1775,2145,1717,2109,1700,1591,1403,1670,1461
"COG0674",1561,2321,1636,2004,1247,2426,1920,2232,2153,1683,1747,2033,2242,2101,2043,2355,1312,2141,1721,1917,2340,1652,1673,1878,1926,1851,1829,1844,2088,1711,1788,2111,2148,704,1802,1756,2321,2049,2383,1841,2393,2215,1780,1351,2115,1520,1913,2063,2201,1419,2440,2377,1793,1932,2236,2321,1726,402,2146,1650
"COG0675",608,125,312,50,77,123,169,60,125,193,168,554,66,96,195,77,340,135,215,844,305,206,152,445,490,192,162,116,210,805,288,259,117,524,291,770,1224,1148,1912,487,236,506,567,412,257,141,333,438,162,313,309,926,354,175,641,1063,400,846,517,900
"COG0676",3,8,2,4,8,13,7,10,20,52,52,26,4,2,5,4,6,0,18,36,6,1,2,0,10,13,12,1,4,8,0,1,4,134,4,25,21,4,286,3,35,2,3,2,3,9,1,3,5,0,2,0,13,1,3,2,0,371,24,0
"COG0677",100,324,320,475,237,462,231,357,195,236,319,289,572,208,420,981,132,504,315,218,829,243,246,346,142,509,398,176,327,360,286,548,491,433,195,229,101,429,31,350,307,176,524,195,452,550,473,145,196,349,383,444,543,463,532,611,174,93,460,71
"COG0678",4,0,0,0,0,0,3,0,1,0,0,0,0,0,3,0,5,0,1,3,0,0,0,0,11,0,2,0,0,0,0,0,0,0,0,0,0,1,1,0,0,0,9,12,0,0,0,2,3,1,0,0,0,0,0,0,0,0,0,1
"COG0679",1049,372,652,218,260,364,509,486,622,452,613,633,408,381,675,240,781,522,539,918,291,467,764,579,635,563,178,521,364,575,595,355,307,357,612,650,919,562,1629,426,439,672,269,597,422,412,538,236,285,373,396,368,546,312,426,398,535,1288,498,660
"COG0680",4,40,41,22,27,18,27,17,22,39,13,41,8,25,18,57,31,3,37,14,23,31,21,42,46,35,31,3,23,11,8,15,18,207,7,12,10,7,3,13,36,21,26,14,17,20,4,11,12,9,21,20,21,11,18,20,5,33,52,19
"COG0681",903,1022,829,937,1023,993,1165,998,851,871,1070,804,603,890,660,1067,930,923,1149,767,1113,923,719,897,1008,1023,1025,789,967,782,974,1024,1202,419,929,1039,968,726,704,1369,1004,880,863,645,886,703,895,934,1182,1061,1040,1171,955,953,901,971,902,804,921,1037
"COG0682",613,427,455,319,386,446,496,469,516,397,379,433,632,436,546,396,462,437,417,576,442,490,412,603,468,458,357,438,362,480,467,394,500,256,461,446,529,563,522,540,437,455,430,495,473,331,422,571,529,374,368,436,422,452,339,404,470,526,549,469
"COG0683",355,386,256,169,266,93,177,291,282,566,374,384,59,217,154,215,221,291,179,242,184,222,469,323,268,268,137,227,320,319,227,225,272,706,385,271,259,92,722,293,316,674,251,199,215,337,170,143,153,245,1042,541,211,173,256,364,268,467,311,315
"COG0684",35,20,53,47,119,33,56,31,45,107,35,66,17,22,20,111,39,30,68,64,106,85,253,61,66,53,39,27,58,114,51,99,103,389,164,34,34,10,60,94,66,30,65,24,42,211,36,43,93,25,93,77,70,27,106,33,75,49,50,27
"COG0685",480,445,512,381,509,557,547,443,501,423,473,436,490,548,475,431,553,542,491,540,469,542,573,464,482,505,401,556,540,481,570,418,439,300,486,496,548,455,509,317,449,558,366,556,485,378,463,509,510,514,456,506,425,576,442,464,569,344,528,457
"COG0686",109,202,228,322,294,27,242,405,249,125,185,258,682,290,402,335,121,220,137,185,432,209,154,253,82,247,329,87,340,253,221,239,300,27,124,211,143,301,79,188,261,219,300,310,351,264,60,381,247,216,333,297,253,237,340,287,151,44,351,96
"COG0687",641,437,504,443,371,200,531,544,457,544,443,439,443,484,550,449,508,496,578,577,529,427,601,484,653,573,432,308,533,620,534,439,511,599,641,545,537,159,400,303,490,565,349,484,470,351,380,433,534,427,544,545,597,511,601,563,544,308,467,468
"COG0688",209,262,257,255,378,477,348,362,211,356,316,355,464,286,405,387,250,174,240,244,252,251,211,306,313,254,315,349,263,236,218,249,309,294,185,217,269,397,150,210,258,257,297,313,283,289,315,395,154,243,292,313,184,257,285,260,157,146,317,288
"COG0689",6,41,23,14,13,45,29,17,50,108,41,45,8,25,10,36,21,21,32,27,27,13,24,39,41,53,18,3,35,12,36,25,10,195,14,51,53,13,154,12,40,32,19,19,23,53,9,26,15,9,27,24,33,50,43,60,5,232,48,31
"COG0690",15,2,5,2,7,3,11,34,6,45,7,9,1,4,6,3,5,0,9,6,7,11,3,6,17,9,2,1,3,4,2,4,1,6,0,0,2,2,4,5,10,6,6,12,8,9,1,6,1,2,6,11,2,6,15,30,1,4,0,11
"COG0691",230,228,242,183,213,278,217,176,251,220,300,266,311,211,224,230,249,215,198,265,255,239,275,275,264,258,205,244,213,304,261,227,200,116,296,249,253,280,302,336,236,272,230,199,219,170,323,306,222,191,229,280,196,271,203,207,235,369,237,292
"COG0692",244,253,322,282,248,339,279,346,234,213,326,194,264,180,240,361,197,281,415,294,450,206,165,272,284,278,263,264,258,233,292,202,221,162,290,221,342,317,246,229,303,345,377,305,184,178,303,355,211,224,273,375,224,223,235,353,552,364,243,313
"COG0693",372,422,268,429,458,279,462,357,326,328,421,271,368,518,330,509,369,363,391,352,386,414,352,434,317,414,410,332,471,331,403,281,401,403,354,357,338,360,278,290,376,350,433,390,466,466,307,403,344,438,426,429,424,432,361,330,301,293,331,335
"COG0694",14,4,1,3,3,7,7,47,16,33,2,50,11,9,5,17,8,4,24,25,3,7,7,13,12,5,10,3,7,12,6,10,3,128,5,10,6,5,10,53,9,6,5,15,7,18,13,8,7,5,4,8,19,1,10,2,5,26,2,11
"COG0695",8,0,0,0,4,15,10,11,5,59,33,20,7,1,11,14,11,0,19,38,3,2,4,6,29,3,15,1,10,0,0,1,1,118,2,9,25,8,129,0,13,6,6,14,6,21,8,3,6,0,3,1,11,1,4,0,1,221,0,8
"COG0696",720,814,694,526,382,1017,740,982,774,590,687,758,1255,776,945,502,693,737,635,642,889,623,707,701,701,611,574,757,627,760,889,688,724,570,897,724,690,1077,397,896,841,748,618,790,737,446,818,890,700,582,772,737,538,697,820,851,871,224,938,816
"COG0697",1474,1669,1732,1629,1583,2806,1950,2372,1788,2986,1841,2160,2284,1720,2002,1826,1234,1638,1848,2039,1846,1479,1516,2202,1528,1629,1646,1703,1573,1814,1373,1654,1774,2084,1485,1684,2033,1799,2235,1317,2147,1689,1929,1750,1718,1903,1402,2032,1449,1402,1857,1999,1399,1559,1797,1947,1408,1573,1933,1703
"COG0698",442,260,385,184,221,302,260,277,357,285,252,284,322,222,333,202,394,353,274,281,243,256,323,316,339,292,157,319,243,352,362,263,163,223,345,278,363,359,241,345,311,262,253,331,289,289,416,254,258,243,285,212,279,238,215,276,343,129,321,378
"COG0699",178,42,385,94,224,32,36,20,33,27,164,55,455,31,3,68,20,10,191,3,60,362,43,45,27,35,155,127,81,137,67,158,81,386,216,23,144,10,21,68,144,52,23,280,341,78,38,4,19,79,36,17,197,11,40,35,40,68,65,103
"COG0700",234,349,288,312,308,432,395,466,306,312,313,248,662,320,525,332,231,297,399,278,410,264,196,302,360,341,347,311,392,329,359,258,370,230,263,248,337,673,167,214,377,339,346,410,368,283,370,509,365,286,322,436,300,270,381,332,259,100,452,298
"COG0701",87,172,103,161,212,67,57,65,102,193,97,91,27,120,41,176,95,184,234,94,67,107,91,111,72,72,95,95,153,89,271,121,112,337,134,74,228,263,253,90,110,56,188,41,127,275,48,310,122,162,91,52,269,71,71,154,32,130,148,180
"COG0702",42,37,16,30,43,54,30,31,17,161,5,65,15,18,19,80,86,12,82,368,21,19,37,8,42,60,52,24,25,19,18,8,21,383,4,25,8,10,31,22,38,22,49,19,65,86,10,12,15,11,13,13,43,8,21,8,5,210,6,30
"COG0703",688,385,420,294,339,418,355,418,548,388,442,458,473,356,484,351,541,436,433,487,343,394,524,377,470,448,297,427,341,423,386,302,332,355,356,475,524,509,721,293,324,475,244,450,405,240,472,451,449,326,355,432,375,347,363,362,449,714,476,411
"COG0704",340,355,310,256,308,75,337,166,248,198,361,268,42,314,136,324,353,279,283,265,293,324,417,297,286,357,317,271,376,242,323,354,265,313,295,326,237,89,444,204,262,337,315,186,207,265,235,179,231,334,351,345,354,340,344,309,346,453,249,289
"COG0705",264,476,397,594,508,409,332,313,243,519,399,345,496,391,273,509,282,387,324,263,421,373,254,360,402,468,558,342,453,367,381,525,489,221,286,450,292,440,283,475,424,369,552,419,415,485,442,495,317,616,487,422,493,489,513,347,356,532,349,362
"COG0706",859,721,748,702,609,990,763,922,863,658,852,772,1000,716,839,593,809,847,645,848,754,815,716,879,893,692,678,900,819,872,883,700,783,568,806,728,814,910,811,724,774,842,676,652,867,453,859,760,746,664,875,694,597,724,792,768,685,992,860,778
"COG0707",789,594,805,522,478,737,757,657,779,565,609,684,696,631,815,495,956,651,616,820,575,640,690,759,695,696,439,703,564,670,653,661,536,368,726,658,654,744,819,1118,680,701,572,752,637,481,918,794,709,531,638,646,553,647,576,618,783,744,796,900
"COG0708",386,252,326,315,181,434,296,268,315,246,345,326,380,276,476,295,368,312,331,382,291,277,361,275,277,265,304,379,286,365,267,291,269,205,271,310,367,372,357,235,313,307,304,376,284,201,323,319,279,285,281,281,288,219,338,258,249,463,287,341
"COG0709",249,72,103,41,31,27,112,56,116,120,66,115,16,83,87,51,215,106,87,156,49,107,226,70,172,78,38,55,55,85,62,95,71,159,73,114,104,63,259,71,54,171,26,115,64,93,64,82,67,59,103,87,140,39,90,106,97,96,81,116
"COG0710",206,66,129,74,48,36,118,54,147,114,70,127,19,91,81,46,201,75,88,242,39,103,176,108,173,77,45,48,39,63,120,59,49,171,79,83,119,76,310,82,65,73,35,114,53,44,93,96,55,105,87,100,90,131,64,73,146,82,94,97
"COG0711",261,265,197,203,157,338,301,222,259,265,266,233,190,261,180,203,246,259,231,262,304,246,295,188,261,223,224,262,248,160,256,241,245,184,230,245,312,174,297,180,262,281,196,243,222,167,252,197,254,196,353,313,208,304,250,263,297,371,237,241
"COG0712",228,194,195,219,159,42,261,122,161,147,242,171,40,168,125,180,210,195,188,269,152,215,270,143,216,264,221,209,220,167,238,192,191,195,190,191,184,75,344,119,183,248,187,167,145,143,157,114,125,174,238,164,252,200,153,158,238,417,123,162
"COG0713",7,82,21,92,58,33,46,41,15,83,70,43,16,63,5,90,16,70,33,6,98,28,35,13,10,80,78,45,67,28,66,82,77,61,33,62,33,16,0,27,54,65,56,5,40,69,20,21,45,40,80,90,104,52,75,72,21,16,48,49
"COG0714",1062,1112,934,896,822,763,781,848,948,810,924,709,1075,890,781,799,1001,1006,945,702,667,1063,1129,756,794,904,880,963,974,839,917,1016,770,961,971,909,962,891,736,943,820,1003,638,1023,827,782,808,710,777,981,1080,730,1229,992,1137,880,1071,1069,924,995
"COG0715",538,346,512,429,387,495,349,491,472,533,327,535,369,393,520,272,456,341,339,456,215,361,503,487,469,429,234,574,340,521,403,316,245,420,427,392,430,545,819,474,302,350,295,455,441,496,415,393,377,416,291,441,453,328,404,392,536,562,394,350
"COG0716",601,689,690,881,554,551,593,406,761,1035,843,663,433,590,493,1014,714,599,786,624,532,807,619,649,588,643,832,655,908,642,893,639,462,595,604,715,590,461,695,594,653,710,728,568,697,583,499,446,786,655,750,708,709,661,842,575,660,272,594,640
"COG0717",10,5,11,21,32,18,17,6,36,43,53,43,24,14,12,66,47,1,15,102,23,4,8,9,33,18,12,4,21,4,5,16,5,102,9,16,45,12,259,28,32,25,14,8,14,30,17,0,5,6,18,11,64,7,80,6,12,598,12,16
"COG0718",165,88,161,59,45,31,105,57,148,74,94,122,23,75,83,37,154,126,88,201,44,91,115,144,133,90,38,96,90,136,153,73,67,89,178,100,117,75,156,181,75,107,51,132,84,51,151,60,93,92,80,81,102,120,86,116,194,86,76,177
"COG0719",748,1022,988,998,952,1332,1002,1087,834,849,950,963,1186,1037,1071,903,932,951,933,1083,1087,896,506,965,933,919,894,1233,954,946,960,1046,1057,468,1042,909,1178,1241,1195,1267,1129,983,877,897,961,732,858,992,904,895,829,1015,943,994,960,874,811,1018,1104,954
"COG0720",126,223,166,130,231,83,112,99,159,153,199,179,97,136,25,145,125,172,160,143,191,225,75,398,141,196,171,306,179,179,163,168,145,67,123,99,213,38,72,154,115,117,3100,93,142,101,93,199,125,158,132,144,165,180,160,181,162,53,128,169
"COG0721",111,76,98,33,37,21,29,28,82,33,92,68,6,29,50,19,105,80,51,116,39,83,48,101,99,76,30,84,43,93,126,54,26,25,102,69,113,25,220,200,48,61,41,90,29,41,99,55,38,55,48,51,49,82,62,74,135,232,58,93
"COG0722",393,190,172,110,133,126,157,185,251,289,241,251,79,113,172,136,338,231,240,274,86,188,140,228,290,179,123,177,139,184,82,46,79,254,65,99,117,38,285,53,64,82,37,88,50,57,81,56,102,58,64,48,70,48,41,40,91,443,49,86
"COG0723",15,15,17,41,6,2,3,23,23,11,17,12,8,11,2,6,74,23,17,2,8,14,21,79,31,25,10,5,14,27,3,10,5,17,22,4,1,10,1,22,2,3,10,13,9,4,11,10,1,3,9,3,8,11,8,7,8,2,4,36
"COG0724",30,217,107,206,409,19,217,61,92,121,208,149,6,208,12,315,98,188,164,22,289,173,94,143,87,234,338,102,233,80,89,216,239,1,58,133,21,13,58,189,111,126,270,14,137,184,78,157,208,240,180,325,198,206,195,134,113,29,127,38
"COG0725",245,54,91,48,57,43,126,96,76,168,62,118,18,99,97,75,164,69,92,175,55,79,200,97,145,80,24,41,81,85,87,49,69,217,105,93,108,62,221,83,64,148,63,95,63,101,59,110,62,51,75,90,72,44,64,88,72,95,55,77
"COG0726",1101,1202,1158,872,848,589,985,745,1076,951,1145,905,514,928,639,1026,1210,960,961,796,925,1123,870,1156,1080,1119,1346,957,1180,1046,1154,1132,922,1044,1235,1005,973,781,1063,2373,786,1075,896,1111,834,1074,1162,882,1215,1136,1025,1221,1098,1260,1080,889,1407,428,956,1282
"COG0727",23,26,15,13,16,11,90,28,24,40,92,16,4,24,8,71,37,25,25,24,4,30,117,18,14,8,15,45,1,23,40,10,14,71,31,17,10,10,18,8,11,23,16,14,21,7,30,11,38,15,16,31,28,24,15,9,19,10,20,27
"COG0728",32,72,27,100,22,59,38,105,84,123,192,165,7,69,36,64,37,20,54,94,44,46,35,34,80,80,47,24,44,40,52,26,23,224,69,204,119,22,765,22,69,80,13,92,41,102,21,39,21,12,37,38,47,11,63,83,67,780,80,35
"COG0729",14,26,10,33,24,27,23,49,22,129,4,38,10,16,7,21,16,2,50,16,9,57,10,2,118,32,29,5,21,2,4,11,8,289,6,9,7,11,0,3,43,17,25,27,30,115,9,93,13,2,58,21,28,9,31,179,3,39,13,11
"COG0730",190,77,164,47,100,52,167,210,135,210,104,161,44,98,85,110,161,74,77,364,99,94,213,175,136,109,88,75,88,152,50,104,102,157,83,79,107,48,270,165,80,202,83,86,91,207,86,76,93,73,96,120,117,98,102,158,84,117,80,134
"COG0731",109,182,189,239,250,456,244,308,176,236,282,211,329,219,229,299,145,242,310,163,305,173,133,190,180,264,294,228,226,176,158,227,315,1,139,167,203,337,69,164,230,210,241,171,271,201,209,378,273,202,254,317,192,201,280,293,158,23,273,162
"COG0732",706,879,833,737,916,1910,934,314,890,943,816,1087,1170,638,1309,638,764,1177,716,936,846,701,876,1575,661,1023,826,1166,566,1083,836,839,530,355,869,541,1184,3679,469,615,626,823,1113,1362,503,672,1652,1632,626,788,470,570,400,1109,800,944,1046,321,555,1388
"COG0733",1764,1074,1381,651,764,1356,929,1537,1485,746,1106,873,1533,899,1557,710,1586,1114,1066,1059,681,1201,1111,1280,1263,1088,593,1272,973,1422,1350,874,951,559,1174,1384,1264,1866,732,792,911,1182,708,1643,1044,627,1110,1207,949,919,1044,878,1148,1132,1102,832,1529,530,1436,1077
"COG0735",519,537,515,334,564,579,364,428,458,525,493,526,571,431,374,380,412,511,500,469,470,417,446,520,504,453,459,568,449,539,530,473,485,268,335,426,539,649,478,564,387,410,462,508,466,430,581,617,488,431,426,510,514,455,502,423,526,298,440,430
"COG0736",30,23,48,17,19,9,111,19,71,50,60,68,10,44,34,25,95,48,33,137,36,49,82,46,45,45,18,19,24,50,47,39,46,104,71,67,86,18,217,127,26,48,33,31,44,47,54,31,70,72,43,34,46,80,24,44,67,185,49,91
"COG0737",701,1009,741,930,1034,1353,1313,1190,808,1227,917,906,1342,1138,1140,1035,701,1079,1262,1080,1252,759,890,748,1055,966,1050,829,1033,737,720,993,1251,665,524,887,880,1437,279,626,1294,1065,1075,1093,1219,835,804,1509,1028,1021,1112,1133,1023,1014,1046,905,611,616,1138,803
"COG0738",701,1644,1397,1914,1917,2333,1358,1568,905,1576,1441,1196,2504,1644,1829,1815,590,1473,1827,1124,1752,1315,927,1024,1379,1190,2013,1414,1616,1240,995,1755,2246,145,803,1127,1341,1741,552,1029,1658,1152,1499,1369,1929,1847,1459,2092,1376,1693,1542,1530,1378,1531,1462,1446,999,265,1519,1176
"COG0739",1511,2030,1859,2306,3112,2264,2846,1601,2076,2432,2160,1939,1928,2378,1165,2126,1776,2102,2563,942,2671,2143,2179,2378,2175,2185,2236,2061,2096,1750,1888,2183,2300,632,2750,2151,1914,955,834,3343,2375,1838,2179,1408,2039,1847,2715,2066,2843,2001,2618,2490,1638,2689,2590,2420,2595,765,1748,2564
"COG0740",556,746,673,480,331,627,576,672,822,379,610,697,976,571,373,324,633,727,444,674,377,625,611,636,498,471,322,634,780,625,718,558,564,335,713,712,621,439,611,836,634,607,601,526,618,332,666,813,486,612,839,500,390,911,603,504,750,778,723,810
"COG0741",495,616,660,691,461,788,730,757,529,745,567,573,559,583,446,748,552,502,830,578,686,705,508,497,696,807,631,680,646,503,534,566,563,1488,584,721,702,473,523,583,653,779,663,655,559,465,656,428,581,621,724,560,599,534,660,650,563,411,466,551
"COG0742",293,291,316,200,226,381,363,308,337,281,329,275,337,287,313,199,362,332,266,376,332,274,349,336,304,294,256,295,255,311,291,314,312,133,308,301,379,425,299,372,255,310,235,314,295,228,330,290,312,290,287,305,190,290,265,259,350,370,340,357
"COG0743",537,496,500,499,405,623,585,558,575,376,548,522,663,544,508,512,506,605,489,512,586,566,555,447,513,505,446,502,516,497,577,560,608,330,555,561,607,544,445,331,601,603,414,479,528,424,530,603,588,453,623,555,476,575,553,563,530,465,584,407
"COG0744",756,558,777,635,586,472,539,540,816,529,634,721,512,541,573,508,1011,812,619,1092,362,857,819,784,896,972,478,710,558,669,759,805,483,786,920,654,889,492,1087,2022,756,546,589,735,458,536,1050,435,634,574,686,541,748,919,452,580,1153,1278,796,1128
"COG0745",6207,7250,7004,8684,7957,3787,7425,6056,5757,5999,7823,5946,8412,6925,8199,8173,7127,8963,6513,5035,7417,8318,6358,6196,6061,6507,8830,7011,7470,6939,7325,8867,7051,4413,6509,6930,6406,4988,4711,6122,7777,7520,7489,9093,6550,9008,5279,7329,7347,10152,7419,7101,6860,8481,7327,6164,6543,4326,6219,6546
"COG0746",40,11,40,48,34,12,40,45,19,49,15,85,11,18,15,27,88,14,39,93,17,12,20,13,75,34,28,18,40,50,34,14,12,180,60,16,50,38,146,25,17,25,12,41,19,68,38,45,29,18,35,57,48,8,33,38,8,52,6,4
"COG0747",1258,622,608,356,670,387,555,347,866,1521,850,588,205,416,397,472,990,599,661,893,441,486,655,739,657,643,347,323,679,594,704,562,456,2077,988,790,611,208,2185,548,638,542,619,585,544,2040,572,617,514,427,485,846,884,555,663,1388,502,2844,376,669
"COG0749",1183,1749,1071,841,647,1253,1057,1126,1333,883,989,968,1668,989,1437,796,1178,1139,754,1597,1006,1204,906,1640,980,1029,896,1121,802,1224,1358,1032,931,727,1080,1020,1249,1541,1191,2405,1064,1342,938,1384,1076,805,1302,1263,999,860,987,825,875,1185,976,1351,2378,1371,1231,1233
"COG0750",784,664,794,430,437,840,743,591,795,610,583,609,799,598,645,445,810,724,527,692,647,632,789,788,751,733,424,734,481,725,808,615,530,535,913,710,728,776,468,1109,617,707,559,801,662,313,938,770,696,604,608,561,548,688,656,613,886,325,660,882
"COG0751",43,24,104,71,61,63,87,158,122,159,31,146,16,46,52,94,77,23,62,352,68,42,59,112,92,90,49,42,69,71,17,37,39,261,13,44,94,30,296,50,91,66,87,78,35,168,42,64,34,16,46,69,55,34,73,169,34,135,43,48
"COG0752",25,12,55,34,29,40,48,85,59,88,25,72,6,30,27,44,29,7,47,202,26,20,32,67,37,35,18,20,27,40,5,28,24,151,8,31,58,20,136,20,49,34,44,40,22,68,22,24,13,14,28,41,30,10,33,49,19,55,15,22
"COG0753",27,230,71,129,199,91,53,68,103,297,100,97,27,126,15,191,45,134,292,46,98,111,38,96,143,84,157,42,104,66,187,241,145,210,108,86,150,4,0,92,244,22,247,20,81,142,62,37,23,106,100,34,247,116,147,150,48,61,152,152
"COG0754",20,6,14,37,47,43,32,64,30,192,41,75,39,38,11,71,40,28,258,27,23,24,22,33,138,51,50,16,43,11,8,6,33,563,34,19,51,13,8,6,54,26,22,20,37,63,35,29,23,10,12,26,56,20,17,13,2,105,23,167
"COG0755",173,536,375,732,374,759,143,490,263,736,372,388,600,372,345,550,121,538,649,222,610,484,298,320,379,402,649,487,472,279,398,539,595,118,311,423,488,406,14,298,579,539,643,218,639,658,398,322,542,630,430,353,573,514,460,590,245,63,601,545
"COG0756",318,401,406,220,162,331,271,264,643,230,322,291,325,282,276,220,351,276,273,298,355,252,237,664,305,256,585,418,289,443,387,283,298,141,325,243,320,516,344,552,294,335,398,338,252,217,342,230,230,266,233,952,280,329,364,509,636,393,624,360
"COG0757",144,200,205,188,195,267,173,272,206,170,228,222,417,159,294,163,103,227,233,152,225,157,184,192,172,180,175,198,147,272,224,201,180,9,174,196,211,419,134,121,199,188,158,273,237,154,266,362,214,171,182,185,171,190,170,172,167,209,246,203
"COG0758",439,607,518,493,493,593,440,716,592,455,495,489,401,670,603,370,618,611,627,441,394,627,537,451,542,462,428,547,532,388,437,506,619,320,558,433,521,763,571,627,523,458,413,840,449,395,935,427,600,409,528,586,465,555,417,542,512,453,637,585
"COG0759",130,103,127,74,95,75,217,50,135,70,158,107,70,124,51,84,165,131,70,81,125,91,166,161,143,135,99,93,118,126,133,116,103,19,117,151,91,51,75,170,86,147,120,82,83,53,184,161,160,80,155,175,72,143,118,121,135,129,131,153
"COG0760",411,882,552,684,460,895,608,921,683,853,642,798,1402,661,638,926,312,581,674,634,942,584,452,626,681,848,795,772,703,820,627,619,670,633,571,549,639,1018,124,684,908,700,1029,861,815,460,699,1053,722,557,707,743,392,618,719,756,432,236,728,609
"COG0761",502,492,574,364,379,513,477,492,763,400,559,615,602,538,579,346,561,480,456,531,397,519,596,627,489,453,344,542,398,556,618,531,551,244,599,571,577,575,671,490,520,480,417,515,506,420,531,490,542,413,412,454,445,614,446,432,644,452,586,587
"COG0762",7,4,1,2,14,29,12,40,9,51,34,31,8,11,5,15,13,1,26,31,10,8,6,3,23,18,11,3,5,8,7,6,5,131,4,10,27,5,84,3,25,12,12,7,10,10,9,6,5,2,5,8,14,2,4,22,2,80,3,3
"COG0763",135,319,282,304,334,556,288,586,316,354,288,335,495,300,549,339,146,257,302,333,379,205,160,331,249,279,308,320,262,287,192,282,357,130,175,219,274,656,159,242,381,245,372,349,405,337,278,376,265,219,301,305,223,282,337,377,204,50,443,252
"COG0764",314,459,443,461,314,813,376,418,408,403,412,364,754,412,423,456,398,449,416,491,508,400,308,410,374,404,435,525,472,401,453,506,455,240,362,392,488,485,189,327,472,393,431,339,432,238,505,453,415,378,458,435,449,472,519,518,465,160,560,444
"COG0765",1391,614,890,332,463,289,798,786,1181,880,904,885,659,655,1074,295,1153,764,574,1877,318,875,883,869,991,688,298,737,517,959,1005,565,428,976,1065,812,1133,825,2122,563,599,810,361,1018,738,396,745,566,641,604,556,583,684,742,612,579,1052,2578,801,787
"COG0766",936,775,796,561,466,624,672,679,864,540,796,644,854,711,832,482,924,738,677,896,610,670,883,726,724,725,507,612,679,744,865,700,598,499,1067,804,786,716,794,1136,797,783,537,854,703,420,973,686,813,595,718,645,665,700,763,788,875,751,841,942
"COG0767",81,231,195,265,259,463,246,322,261,233,189,307,453,239,298,290,107,130,317,190,276,197,126,295,195,214,227,338,218,240,198,236,208,173,144,162,253,437,147,159,314,186,278,202,205,239,262,374,212,209,220,216,173,168,204,208,99,54,280,195
"COG0768",2745,2114,2372,1833,1485,2575,2458,2730,2804,1988,2100,1909,2310,2247,2688,1628,3143,2394,1838,2532,1986,2198,2724,2486,2430,2364,1659,2285,1987,2387,2433,2241,1969,1295,2594,2586,2587,3123,2466,3297,2123,2675,1782,2819,2076,1518,3007,2004,2409,2221,2029,1930,2191,2529,2081,2126,2994,2196,2556,2940
"COG0769",914,808,927,618,438,1073,782,819,1086,685,865,728,889,796,903,571,1010,892,674,1090,710,861,835,911,801,813,572,869,708,810,936,821,665,401,1067,978,992,867,1102,1102,943,941,700,997,685,542,1002,804,899,691,809,703,609,907,799,769,1196,1385,912,1160
"COG0770",928,1147,1053,1103,843,1689,1072,1515,1131,1018,1161,963,1699,1124,1410,1084,940,1136,1048,1238,1274,1001,923,961,1126,1187,1066,1205,1174,1068,1000,1056,1184,326,1032,1121,1192,1598,716,1233,1319,1192,1158,1223,1293,695,1208,1356,1170,863,1210,1274,837,1089,1207,1139,992,903,1434,1090
"COG0771",656,570,619,543,455,893,641,558,673,562,606,551,737,572,561,454,695,565,572,647,624,546,608,596,632,688,505,699,448,600,638,575,505,403,660,620,701,622,699,859,698,695,547,712,534,509,716,700,647,498,663,625,566,605,553,579,775,714,587,759
"COG0772",1611,1318,1539,988,770,1704,1189,1373,1652,1065,1230,1255,1620,1250,1536,983,1730,1345,1148,1591,986,1230,1417,1623,1282,1244,918,1368,1153,1600,1453,1210,1025,839,1711,1516,1575,1685,1646,1816,1307,1411,1151,1545,1303,781,1614,1332,1237,1144,1148,961,1183,1408,1301,1214,1736,1099,1588,1682
"COG0773",838,624,757,656,528,977,753,900,783,663,581,577,845,630,944,574,740,568,683,902,628,673,753,714,757,786,507,693,621,736,679,599,631,616,700,688,753,959,670,780,763,718,662,809,726,462,838,719,734,613,674,543,579,640,638,626,759,735,892,758
"COG0774",112,366,262,414,248,855,319,376,356,355,299,315,663,344,366,393,138,298,369,265,489,278,214,344,286,318,439,369,399,316,247,408,397,153,205,245,393,463,136,220,493,351,376,271,443,377,423,436,367,275,413,346,278,335,441,442,226,54,488,301
"COG0775",445,600,478,467,546,476,532,483,399,538,619,390,394,597,402,539,495,599,620,401,622,453,517,393,564,572,538,464,623,340,439,552,731,582,433,586,487,406,405,346,471,558,450,415,521,497,597,512,579,473,642,777,603,588,625,610,527,559,585,447
"COG0776",350,397,478,596,616,402,497,594,458,528,737,657,515,551,408,722,358,417,434,379,701,432,400,598,342,499,709,497,560,591,408,531,488,316,313,610,440,842,266,612,378,439,643,450,551,688,703,725,510,555,498,648,458,642,552,525,494,262,464,468
"COG0777",157,61,126,46,44,28,83,55,67,73,73,45,9,76,71,47,193,102,70,135,25,91,109,84,116,84,45,96,81,91,261,146,81,330,325,196,238,80,247,280,119,311,116,222,102,172,280,107,152,170,137,181,219,166,175,231,300,237,136,291
"COG0778",1002,1209,1147,1271,1436,1417,1151,1300,1329,1209,1382,1317,1414,1083,1373,1489,976,1098,1416,1318,1444,1077,916,1266,1147,1256,1390,1199,1099,1090,994,1292,1221,715,875,1154,1304,1641,1040,948,1364,1174,1521,1072,1485,1216,1102,1605,1117,1163,1221,1533,1365,1102,1279,1175,922,815,1287,1061
"COG0779",211,95,198,69,70,39,110,98,182,87,142,132,33,73,99,60,239,135,105,174,62,155,173,180,160,129,48,127,97,163,73,38,12,81,59,80,53,32,76,77,28,40,24,48,35,37,46,29,42,38,34,27,39,55,36,32,76,42,30,95
"COG0780",147,155,232,156,229,274,189,261,168,224,216,236,287,144,246,227,109,188,217,213,259,188,116,256,188,223,224,234,176,168,72,69,55,66,51,72,77,120,58,64,40,66,82,69,65,59,76,90,70,63,65,110,65,72,83,67,68,26,96,77
"COG0781",250,275,302,270,338,171,252,341,314,217,348,391,363,251,268,347,260,311,329,350,375,259,283,315,273,350,344,288,216,326,361,293,264,200,342,324,331,313,218,374,347,279,430,236,322,224,383,318,221,280,300,305,275,314,269,231,278,331,302,346
"COG0782",541,362,488,254,347,598,314,520,456,351,440,465,498,336,543,339,449,435,454,527,353,343,366,486,447,423,312,500,341,490,453,321,293,483,393,396,461,529,387,458,383,337,371,514,390,253,507,394,322,287,290,364,366,367,360,290,457,502,506,457
"COG0783",3,41,28,75,63,8,48,13,58,39,62,30,2,49,17,97,30,46,65,23,54,53,35,38,19,53,100,33,86,29,62,127,131,118,28,104,55,28,146,201,126,121,242,32,85,153,47,60,130,168,172,141,135,113,152,110,87,145,66,102
"COG0784",4318,2153,2809,2698,3616,1767,2764,1416,2380,2011,2458,2067,869,2506,1676,2670,3003,2411,2458,1392,2272,3566,4197,2928,2851,2913,2436,2668,2373,2397,2887,2595,2434,3339,2510,2679,1800,1055,1854,3573,2025,2324,2846,2690,2308,3677,2511,1999,2594,4367,1890,2633,2927,3278,2223,2037,3766,1205,1519,2249
"COG0785",1,6,13,28,20,5,12,9,16,40,9,11,2,20,0,35,3,13,17,2,4,10,41,10,9,12,6,4,26,3,2,3,7,88,29,12,5,1,6,24,23,1,48,8,12,133,2,10,7,3,12,30,23,2,18,33,3,29,0,13
"COG0786",219,164,206,170,217,105,203,109,222,184,198,140,54,226,161,290,267,161,181,153,139,304,198,252,247,317,168,270,229,138,97,53,64,278,73,54,95,46,127,76,54,116,40,99,64,192,80,52,92,99,81,122,118,82,105,158,114,25,58,64
"COG0787",687,872,897,681,577,1216,742,1103,1084,812,849,739,1356,840,1032,750,730,906,667,878,935,738,748,876,792,802,715,770,770,777,840,777,769,618,816,836,966,1108,694,708,950,828,799,934,906,630,861,1012,934,551,935,859,595,924,835,787,898,626,1181,823
"COG0788",11,147,58,203,151,11,95,65,39,113,162,66,13,108,17,173,41,118,65,3,188,87,95,34,53,152,272,58,158,33,59,171,131,90,30,133,16,13,8,76,102,157,162,13,79,155,53,82,82,133,197,186,97,133,135,100,44,19,55,16
"COG0789",836,500,663,429,656,394,533,333,591,704,709,657,314,388,470,512,880,651,563,566,403,592,541,876,546,677,386,640,513,729,523,502,472,1184,487,610,576,501,1305,579,453,532,737,637,476,1178,502,512,495,448,431,537,559,532,576,626,647,1405,470,735
"COG0790",142,329,305,235,285,309,394,205,720,301,436,332,205,400,299,202,335,216,352,205,148,415,144,588,283,269,301,737,237,549,259,238,231,650,273,469,163,275,280,323,237,425,257,163,277,451,398,137,246,409,212,111,390,297,189,236,467,92,330,525
"COG0791",1086,924,882,494,505,298,1052,421,792,676,599,847,191,730,914,553,1548,886,670,1052,577,925,1547,809,1086,990,454,708,610,1170,668,355,334,608,534,361,323,154,530,274,267,420,208,348,309,264,322,165,347,336,260,293,365,362,357,291,371,306,242,328
"COG0792",154,199,176,164,227,293,181,180,208,136,195,236,183,228,178,173,234,263,232,146,236,189,146,190,237,161,214,265,195,215,214,230,231,117,239,219,215,249,243,228,193,180,166,218,188,176,262,276,225,184,188,236,199,236,192,176,231,197,234,164
"COG0793",1414,2520,1976,2804,3241,3316,3136,3033,2060,2523,2349,2176,3874,3260,2610,3126,1580,2420,2692,1691,3843,2381,1845,2346,2459,2524,2820,2266,2708,1867,2264,2734,2971,335,1778,1949,2244,3049,826,2010,3113,2376,2707,2446,3285,2273,2240,3855,2969,2712,2648,3154,1847,2710,2711,2543,1656,450,2691,2063
"COG0794",146,207,268,259,266,427,288,452,263,429,180,327,480,279,402,276,192,201,279,257,363,169,181,319,200,246,306,235,208,251,160,236,247,518,186,238,288,439,372,189,327,219,316,278,338,350,99,339,206,191,284,355,193,202,273,295,109,77,355,225
"COG0795",272,530,569,520,607,1682,431,927,535,424,457,675,1295,469,1134,661,199,469,505,599,607,354,283,521,343,557,689,760,557,601,407,607,704,416,295,385,436,1374,193,350,746,374,753,862,928,431,878,993,336,296,580,542,566,503,543,558,396,154,795,214
"COG0796",466,399,413,350,327,588,509,484,452,397,472,420,535,359,576,390,450,373,506,533,419,387,423,387,357,407,397,430,445,428,365,358,375,313,421,429,471,640,442,484,398,490,382,468,419,341,523,438,421,369,458,422,378,402,455,413,436,444,394,402
"COG0797",59,27,65,20,19,286,22,182,97,69,3,96,191,19,246,19,8,5,26,106,6,25,9,56,43,44,17,148,15,107,16,10,21,143,8,1,29,414,1,6,36,21,20,57,120,40,8,123,7,2,27,10,26,8,29,36,2,21,185,16
"COG0798",77,70,19,42,119,9,31,14,57,20,44,75,2,84,25,29,12,10,33,85,138,76,32,31,24,15,101,20,23,31,30,52,47,1,22,102,110,412,150,39,45,36,31,13,101,290,17,295,54,118,24,17,82,38,19,46,25,81,109,11
"COG0799",208,265,251,150,271,220,202,191,266,191,261,279,237,210,247,154,250,246,255,258,218,211,201,252,182,208,211,281,202,254,248,212,250,40,208,220,256,361,265,208,188,195,218,185,215,174,307,231,209,197,194,250,187,235,209,144,233,233,241,204
"COG0800",407,393,299,277,278,286,408,270,289,379,285,396,316,296,325,275,215,289,281,282,346,242,352,231,333,311,265,196,287,344,246,278,310,350,355,274,410,179,432,226,290,334,185,267,323,302,212,348,358,246,291,320,266,246,249,315,196,146,317,217
"COG0801",163,195,189,170,138,307,162,212,198,188,234,203,216,168,183,187,143,161,200,173,258,143,111,211,193,221,183,158,166,208,213,163,208,106,214,200,290,268,353,134,208,188,202,188,178,174,213,242,225,143,195,225,149,186,228,250,209,365,199,200
"COG0802",275,222,274,164,133,299,189,272,278,267,220,324,359,225,301,135,289,241,209,306,214,221,233,336,271,196,136,235,171,273,253,228,176,203,304,272,319,301,327,368,232,189,209,296,253,173,265,284,213,202,171,204,164,228,217,204,257,374,244,303
"COG0803",286,358,353,304,195,141,564,337,358,364,426,348,266,254,257,353,401,214,363,615,440,350,229,384,330,384,275,285,272,294,341,313,260,611,282,428,376,195,748,502,380,444,419,228,331,261,207,243,447,278,385,386,284,320,368,278,339,875,267,404
"COG0804",98,20,15,9,10,7,19,25,18,110,44,12,5,13,16,12,55,27,24,11,67,72,53,69,28,41,6,11,16,21,133,24,5,4,51,25,31,3,60,26,21,54,124,33,42,0,18,29,10,9,14,11,42,10,31,62,26,39,41,63
"COG0805",90,202,180,357,282,167,242,158,142,318,411,258,99,200,53,193,139,190,163,90,217,177,236,173,166,158,255,126,229,154,202,199,279,144,104,215,342,36,140,217,263,196,259,38,212,215,382,282,165,221,205,222,178,218,278,212,160,256,217,201
"COG0806",294,140,250,120,102,380,124,220,255,139,141,261,386,139,240,72,245,195,112,357,106,167,222,247,172,168,93,283,127,260,266,190,127,164,236,220,250,342,303,308,210,153,115,319,213,184,269,264,129,154,158,101,165,187,140,146,286,350,208,236
"COG0807",379,409,401,426,351,614,340,551,485,392,416,446,700,430,612,369,270,487,426,514,470,402,293,446,441,485,373,433,386,385,408,419,474,161,336,356,513,656,271,255,421,414,429,488,473,326,370,422,320,336,436,423,420,408,475,484,430,132,581,341
"COG0809",584,873,765,779,696,1241,900,1078,804,774,770,720,1136,903,987,705,609,743,765,618,1029,737,567,857,720,673,769,877,811,685,793,788,1049,185,740,652,954,1135,370,891,927,812,795,728,962,561,864,1147,797,632,845,931,627,860,828,888,755,157,955,780
"COG0810",3,8,5,13,10,15,8,30,8,45,1,32,11,9,5,32,16,5,14,3,5,12,10,23,29,12,19,12,7,20,4,11,13,68,6,2,6,6,0,2,22,1,10,9,7,31,4,3,12,8,10,8,8,9,11,23,13,24,5,4
"COG0811",197,525,412,583,439,621,559,617,412,610,510,509,652,607,548,723,303,398,502,340,737,394,344,552,459,529,673,386,683,370,260,501,740,221,251,458,376,582,164,315,484,543,636,429,584,376,425,715,496,441,705,772,481,469,625,642,287,111,581,370
"COG0812",395,394,434,328,267,491,367,423,422,379,455,393,467,425,447,321,417,433,334,484,377,339,360,408,413,448,295,433,391,457,437,396,379,328,445,425,505,411,527,594,399,414,399,377,377,286,560,504,468,398,397,416,337,426,467,417,472,697,529,425
"COG0813",184,89,160,43,51,35,138,57,151,101,84,131,21,112,70,55,154,115,99,138,67,116,191,173,137,121,34,126,71,102,125,107,88,233,157,94,138,43,161,233,71,89,79,136,69,100,149,54,99,103,95,103,101,110,66,100,151,57,83,195
"COG0814",125,55,74,91,121,122,91,144,70,632,36,510,92,60,66,143,98,57,327,210,93,97,62,75,206,220,125,133,90,62,68,31,57,1641,95,55,183,46,318,33,70,53,23,91,118,195,40,34,48,44,39,47,139,51,109,57,112,170,33,32
"COG0815",11,49,31,7,35,22,19,118,97,91,35,124,8,35,5,21,25,10,44,17,33,71,28,56,53,52,23,16,9,38,25,38,25,243,19,40,21,11,0,61,71,49,26,23,64,25,23,5,19,9,42,22,30,21,27,34,14,28,80,52
"COG0816",258,231,271,200,197,253,191,229,247,174,294,289,242,184,255,246,282,287,234,339,181,222,223,285,197,256,215,264,212,286,232,270,197,125,265,233,293,355,260,374,223,234,249,217,218,138,287,210,208,199,258,243,285,243,270,206,282,337,258,307
"COG0817",71,240,160,168,203,352,176,240,206,186,259,243,227,216,247,199,148,173,186,154,207,169,189,170,150,195,227,201,200,191,176,227,235,62,196,214,238,210,198,194,248,167,208,139,236,180,215,220,195,131,227,207,206,215,235,235,138,199,274,143
"COG0818",92,101,57,75,100,32,112,66,80,141,166,90,17,102,36,140,87,114,147,50,132,98,78,77,101,112,113,63,113,46,79,121,174,124,129,69,88,17,24,235,72,111,83,65,77,86,94,67,105,51,133,188,96,135,135,147,87,52,81,135
"COG0819",35,55,42,21,18,7,19,31,98,105,94,105,4,28,21,5,60,33,30,37,35,35,47,81,42,40,8,25,15,45,94,44,13,0,25,108,45,18,155,40,45,62,55,41,28,6,72,19,9,14,55,16,72,102,42,35,49,361,44,43
"COG0820",529,523,633,367,356,705,421,530,574,399,579,544,550,553,598,434,608,512,481,519,408,535,466,1108,695,513,459,831,510,834,738,526,503,400,540,512,773,847,527,784,536,521,560,669,470,346,813,497,464,424,523,498,466,588,589,518,626,500,557,614
"COG0821",537,703,538,738,447,1006,728,721,632,476,648,511,770,730,960,747,568,629,702,506,810,635,606,497,625,680,643,628,831,539,592,591,766,305,642,596,643,460,514,474,752,820,569,701,716,406,597,773,780,584,841,757,576,690,742,714,615,574,760,460
"COG0822",507,457,501,308,255,401,357,422,530,316,470,372,406,298,467,308,520,507,363,403,337,372,397,397,484,397,277,459,403,581,210,176,148,70,251,210,181,167,212,266,134,220,106,151,137,77,240,130,181,110,172,139,187,171,158,163,225,161,173,223
"COG0823",207,372,168,643,696,66,126,144,175,390,145,158,33,513,98,678,505,210,466,46,298,453,293,157,199,141,760,310,541,207,255,507,497,468,248,168,128,72,312,379,227,254,315,149,240,539,112,73,505,730,341,144,464,164,400,415,167,209,232,213
"COG0824",120,258,194,231,318,90,246,156,206,285,281,273,142,293,66,249,238,191,274,78,317,232,147,263,252,232,251,148,224,126,208,201,235,203,154,261,185,124,160,276,225,256,202,67,192,258,192,140,240,185,221,352,262,256,266,252,200,72,214,272
"COG0825",435,310,344,121,151,55,270,146,182,167,184,150,26,197,197,78,417,272,191,339,66,299,304,221,335,258,88,259,174,245,302,151,74,327,337,180,221,106,228,311,123,306,126,280,134,147,308,101,169,175,155,163,310,232,162,163,390,217,175,305
"COG0826",1294,1324,1401,1203,977,1744,1360,1317,1586,1250,1155,1230,1462,1495,1402,1060,1634,1297,1392,1026,1126,1367,1400,1486,1394,1361,1013,1382,1242,1700,1363,1211,1390,1015,1557,1346,1508,1624,1277,2037,1473,1293,1070,1559,1316,1035,1487,1402,1339,1167,1259,1239,1292,1489,1448,1451,1617,1081,1629,1472
"COG0827",1595,1335,1986,1125,910,841,2429,853,2056,1663,1478,1650,600,2247,1666,453,1617,1404,1146,802,1608,1907,3411,1411,1774,1178,1410,1178,1052,2095,2543,1220,869,753,2386,1918,1518,1376,800,1976,1108,1589,1250,1891,2022,1023,2502,963,3585,1826,1451,2976,1865,1069,1331,2458,2025,1684,1315,1488
"COG0828",48,35,52,18,12,13,30,22,60,56,52,78,14,32,20,21,81,48,47,44,35,38,62,62,47,39,20,52,17,95,17,10,16,10,22,11,20,7,18,24,12,25,13,16,9,10,29,2,28,7,17,11,13,18,11,10,27,11,12,35
"COG0829",44,9,5,6,3,4,21,13,5,46,28,11,2,8,2,8,30,21,10,5,31,52,39,51,19,14,2,7,4,10,65,8,0,2,20,16,5,3,26,12,13,17,47,25,19,0,10,19,10,7,4,8,16,10,9,19,12,22,18,35
"COG0830",42,6,7,4,4,7,12,5,13,40,16,14,0,11,4,7,18,11,14,6,33,24,31,47,11,16,3,7,4,7,50,8,5,1,20,10,15,1,28,5,6,14,84,19,18,0,9,12,8,5,6,4,14,3,12,18,17,14,17,26
"COG0831",27,8,3,3,10,1,10,3,4,10,11,3,3,3,0,2,27,7,4,1,12,16,11,43,4,3,2,6,1,0,29,7,3,1,28,4,6,0,16,6,5,6,40,6,6,0,5,12,7,1,3,6,9,1,6,7,4,7,11,9
"COG0832",36,11,16,2,3,1,13,5,8,19,5,3,4,5,2,6,16,9,18,2,21,25,21,31,6,11,1,10,3,9,53,5,1,1,20,6,10,0,13,5,4,10,46,14,17,0,7,8,9,0,4,6,8,4,8,20,8,20,12,12
"COG0833",15,4,71,13,22,16,9,51,24,169,71,104,25,17,20,53,51,11,61,157,44,17,5,51,38,83,17,4,19,1,1,3,3,248,2,18,90,4,593,17,36,26,26,24,25,25,9,46,9,2,16,6,28,4,14,21,2,258,31,32
"COG0834",1961,940,1156,636,774,497,1212,1114,1588,1486,1278,1424,799,893,1262,694,1325,970,976,2360,795,1201,1183,1200,1384,1104,628,951,811,1085,1307,892,744,1879,1203,1036,1379,871,2530,817,936,1167,710,1310,948,1147,874,742,975,793,830,968,1071,1024,982,996,1327,2542,974,1000
"COG0835",217,101,218,123,142,24,72,131,153,50,147,78,30,42,90,19,169,159,145,109,65,254,36,198,316,207,51,266,148,184,284,102,13,107,139,25,153,75,45,85,18,128,31,208,103,47,180,78,138,149,61,70,132,235,58,104,425,14,67,168
"COG0836",605,430,696,585,764,1037,480,1600,547,728,466,588,1565,510,1147,602,347,611,683,662,831,738,665,634,615,581,472,1035,602,680,589,486,512,250,391,360,697,1370,74,330,477,323,580,993,806,635,902,861,564,591,478,605,449,663,437,513,544,78,863,579
"COG0837",4,1,1,5,7,12,3,70,4,56,0,17,8,6,0,7,4,2,25,1,2,4,5,0,3,25,16,1,3,2,1,1,5,118,3,2,3,3,0,1,3,5,1,0,7,16,3,5,3,0,4,2,16,1,8,3,2,26,2,2
"COG0838",10,49,38,24,45,72,43,53,31,41,44,46,69,45,47,61,21,46,52,37,58,41,27,35,38,37,52,41,42,35,79,109,169,47,77,99,95,220,30,84,112,112,113,71,142,69,118,163,108,86,144,188,78,132,131,105,73,18,151,98
"COG0839",69,200,140,184,172,251,214,243,144,149,186,138,290,228,218,190,75,168,202,87,238,148,117,159,148,140,200,212,238,120,124,161,322,66,94,127,163,260,41,117,196,180,164,108,203,123,191,243,206,134,250,280,140,175,210,198,109,29,220,114
"COG0840",2878,1684,2105,1182,1347,165,969,1220,1171,750,1215,761,244,619,1363,285,1943,2335,1613,1481,610,1847,279,1804,4589,1550,870,2559,1908,1958,2911,1015,261,1871,1933,331,2173,987,993,696,341,2256,608,2204,1282,788,2428,1419,1862,2012,638,580,1931,1645,578,1445,3359,149,863,1172
"COG0841",1592,6090,3421,8961,6153,3896,7070,4021,4170,6642,4912,4418,3530,7179,1642,8432,2585,4931,5148,2435,8809,5614,4962,4064,5087,7273,7462,3746,8004,3585,4068,6529,8292,2888,3326,5296,4348,2091,2276,3805,7629,5674,7137,1655,6282,5895,4094,5697,6201,6547,8715,7025,6116,4742,7706,7941,3741,1298,4578,3323
"COG0842",619,1680,998,1923,1799,1364,1396,1293,1286,1647,1365,1180,1202,1620,1131,2026,708,1263,1440,1152,1846,1430,994,1203,978,1328,1862,1176,1564,873,1177,1633,1827,974,757,1157,992,1269,1016,1370,1510,1069,1290,836,1603,1436,1221,1271,1297,1277,1470,1507,1513,1710,1743,1550,1364,326,1408,900
"COG0843",1,0,0,6,9,17,3,25,4,131,0,14,9,12,1,16,5,1,24,3,16,2,5,429,2,17,16,0,4,65,0,1,10,226,0,7,0,0,0,0,1,4,1,1,8,20,5,3,6,1,1,4,12,4,20,0,2,18,7,0
"COG0845",1925,4732,3001,6414,5597,4250,5114,3678,3388,4897,4169,3706,3656,5227,2607,6236,1928,3692,4354,2577,5949,4190,3350,3413,3418,4911,5961,3763,5785,2938,3152,5127,6047,1606,2580,3740,3363,2667,1751,2956,4699,4064,5268,2290,5003,4422,3187,4846,4542,4944,5272,5313,4727,3955,5496,5239,3013,962,3899,2948
"COG0846",303,155,191,139,159,423,253,266,258,155,226,217,329,170,275,137,215,208,152,298,148,141,430,232,301,186,125,213,169,256,569,416,517,352,464,544,712,613,698,328,452,676,410,838,433,280,641,405,464,410,457,353,501,544,424,429,544,602,601,528
"COG0847",183,430,409,415,404,838,389,532,345,356,435,458,1026,373,473,487,234,402,505,674,591,324,237,368,371,432,465,537,451,809,314,325,550,428,273,382,383,958,221,279,449,325,543,317,476,324,418,567,385,270,469,517,335,410,395,425,304,206,423,219
"COG0848",18,16,71,44,33,35,34,67,31,91,9,72,20,22,20,39,48,19,53,54,49,27,44,64,59,44,24,19,41,27,25,40,22,149,11,17,44,19,54,29,51,29,59,20,39,156,26,43,15,10,26,49,71,25,32,86,29,41,19,42
"COG0849",325,351,290,339,322,738,281,690,387,411,241,279,764,243,688,314,240,338,322,461,317,372,156,398,392,391,283,578,318,442,344,331,294,268,416,179,373,745,65,562,386,241,312,567,470,266,354,693,263,315,310,261,346,431,288,397,430,104,460,442
"COG0850",42,16,49,10,16,6,23,28,15,26,17,17,6,23,26,8,55,35,22,37,16,31,19,31,56,47,8,33,35,43,111,42,12,163,115,37,55,18,69,39,11,58,42,90,41,58,122,55,48,66,23,55,67,75,38,85,139,58,44,145
"COG0851",74,12,59,4,16,8,14,23,19,29,13,33,6,8,27,6,73,27,39,25,17,25,21,37,44,49,11,36,33,28,47,23,9,78,75,14,41,15,28,153,8,25,18,35,23,36,71,22,17,26,2,28,42,20,16,16,54,16,23,78
"COG0852",103,438,219,347,304,702,318,392,271,444,334,313,565,425,359,397,123,365,396,137,472,253,240,244,273,307,337,374,349,256,276,380,520,174,241,280,382,404,34,241,421,296,404,186,392,248,313,402,314,278,457,423,338,338,431,442,232,52,407,271
"COG0853",148,133,168,125,173,152,116,224,137,180,122,171,210,177,216,149,79,120,185,135,164,110,82,174,110,119,127,127,136,142,136,148,145,110,100,139,120,219,62,100,135,147,160,112,192,108,146,137,127,139,121,203,141,121,143,147,136,44,151,147
"COG0854",13,105,35,84,96,25,108,45,41,91,83,35,22,91,1,106,35,74,104,11,98,60,61,41,76,81,78,50,108,34,132,225,336,132,96,167,142,63,31,133,202,183,171,9,136,178,68,149,166,159,284,289,161,206,241,194,87,40,155,129
"COG0855",969,925,750,983,968,955,791,683,704,907,825,705,199,832,414,866,994,736,1124,903,761,1057,924,740,913,771,781,575,905,552,785,785,825,500,701,886,1124,458,1033,648,813,991,627,580,634,614,579,804,710,880,787,852,934,894,798,898,870,1133,743,1031
"COG0857",1,8,3,14,17,29,12,122,14,57,60,59,6,17,9,27,17,4,44,51,11,2,13,0,7,38,24,2,11,1,1,6,11,313,6,28,63,5,268,4,33,27,3,0,13,33,3,6,9,0,13,8,18,5,10,1,1,495,2,2
"COG0858",257,191,262,179,213,274,259,224,270,204,267,239,276,252,263,184,253,218,265,289,240,193,237,273,261,199,211,296,201,293,249,200,243,123,248,266,275,403,310,305,224,228,209,263,246,173,304,316,252,189,208,251,232,250,206,230,285,320,271,301
"COG0859",215,225,392,386,363,700,370,568,366,682,186,493,667,285,515,377,218,142,266,373,423,278,202,443,280,306,345,382,252,332,221,242,244,649,109,227,202,618,290,218,350,158,387,491,407,861,353,708,321,277,218,413,383,221,313,477,221,141,375,224
"COG0860",1106,685,839,542,495,695,717,462,659,682,584,831,571,503,461,528,986,663,715,468,529,705,618,829,789,837,491,786,642,838,874,537,428,831,828,990,711,439,798,598,491,667,554,967,619,396,942,698,742,730,440,554,642,685,552,528,779,440,603,839
"COG0861",71,4,167,35,50,348,33,423,106,409,60,244,423,38,394,103,43,10,115,380,73,22,29,112,38,83,43,151,29,156,10,11,46,539,13,38,87,337,326,12,107,50,26,169,144,61,140,243,23,4,24,29,67,6,39,36,31,489,175,35
"COG0863",317,782,660,543,568,851,366,187,503,628,705,585,575,355,450,497,452,489,823,423,695,448,647,733,637,384,750,939,685,1024,760,618,413,740,627,803,399,247,259,641,593,439,626,574,396,799,1000,453,449,448,674,708,584,683,786,626,609,200,691,774
"COG0864",6,28,6,11,5,11,24,11,9,32,5,27,3,14,1,14,2,2,13,9,5,7,7,7,0,30,8,2,7,6,3,10,8,54,3,8,11,0,0,9,16,25,18,4,10,13,6,2,4,2,5,11,5,7,15,8,2,11,3,2
"COG1001",339,222,151,101,165,70,286,111,262,215,200,209,35,142,101,192,215,211,140,271,108,239,288,157,188,158,107,68,153,198,211,241,224,533,236,281,159,112,432,170,217,186,311,134,138,399,131,144,143,187,164,236,186,165,199,232,209,201,148,246
"COG1002",912,617,963,241,1336,160,675,219,910,912,1200,1126,1949,375,917,658,437,754,1419,1002,765,744,1026,1051,844,708,749,831,214,1444,727,442,792,567,451,529,1414,1677,820,501,682,384,544,683,1056,606,1049,1474,680,496,926,439,511,492,270,335,402,657,260,666
"COG1003",62,355,328,655,610,187,469,282,398,339,368,433,35,567,54,571,150,384,524,128,704,452,298,313,306,514,475,177,604,193,302,554,546,497,325,488,352,187,39,261,649,436,581,22,469,558,343,294,444,400,721,609,420,447,635,552,252,92,331,228
"COG1004",113,241,342,351,320,395,220,273,223,260,440,294,358,322,155,460,209,262,295,145,283,304,249,285,225,278,498,284,400,213,656,915,785,194,484,670,486,1537,356,597,763,655,792,499,653,659,862,527,612,766,930,712,919,577,731,890,670,477,719,725
"COG1005",99,295,167,245,248,511,172,359,213,286,210,232,455,313,335,186,96,262,269,119,321,199,120,202,215,181,247,293,257,203,232,287,378,42,172,170,231,395,44,178,268,118,230,206,333,165,215,345,251,213,248,293,261,276,296,269,180,35,309,205
"COG1006",3,14,12,13,7,3,4,12,11,14,3,10,3,8,5,2,1,7,2,4,5,8,11,25,0,18,4,7,6,13,13,14,10,16,12,8,2,0,0,8,12,1,18,5,8,24,5,9,2,4,10,12,3,19,20,10,9,0,7,9
"COG1007",155,379,238,321,388,615,315,427,263,411,358,270,555,415,349,328,139,305,387,203,473,263,165,347,288,251,389,385,375,251,287,361,465,116,181,287,344,453,62,215,420,300,333,208,424,333,371,542,364,283,413,418,221,345,425,331,208,49,454,248
"COG1008",101,466,207,433,173,580,248,455,252,332,293,220,642,378,366,385,92,315,422,170,569,251,184,188,303,295,415,427,472,265,309,373,569,177,269,335,376,590,19,183,473,456,324,184,390,249,379,417,381,317,568,446,278,303,481,447,247,41,503,246
"COG1009",168,372,288,351,268,829,355,718,335,372,287,355,912,415,708,341,145,339,289,350,657,276,220,283,360,340,344,344,376,304,392,302,540,379,275,417,357,799,36,214,571,508,387,392,615,259,351,719,336,341,594,499,271,327,524,479,187,73,519,200
"COG1010",161,176,147,104,65,23,195,86,187,112,151,118,18,206,100,97,182,218,89,152,193,187,223,143,133,249,132,83,213,139,152,159,158,26,208,97,99,52,134,130,81,245,92,118,169,159,101,148,184,192,175,115,163,169,249,164,218,50,170,118
"COG1011",873,788,821,780,1021,773,769,1163,802,789,894,819,1279,676,838,923,896,830,850,1022,1048,664,738,765,758,816,887,687,699,842,677,784,756,583,716,948,748,1171,913,570,831,833,862,781,1033,802,795,1360,923,683,829,998,833,765,780,656,504,1041,906,772
"COG1012",1060,589,534,672,1033,391,917,603,754,2088,748,1042,214,803,344,886,870,509,851,1151,456,988,659,690,811,1016,576,671,767,648,594,679,725,2943,672,1076,608,237,1616,1298,542,695,670,453,689,985,563,460,844,594,508,891,776,685,575,833,597,1958,492,618
"COG1013",1561,1897,1477,1676,1132,2165,1603,2045,1989,1404,1491,1808,2041,1768,1913,1888,1192,1817,1531,1892,1987,1437,1419,1674,1763,1578,1592,1678,1747,1511,1546,1827,1781,672,1622,1582,1910,1996,2263,1466,2259,1960,1595,1300,1835,1297,1775,1814,1835,1241,2046,1959,1486,1488,1662,2158,1585,363,2026,1568
"COG1014",1681,2386,1711,2159,1491,2198,2144,2063,2166,1868,1934,2078,2032,2296,1920,2389,1423,2185,1747,1971,2568,1856,1744,2046,2084,1958,2050,1857,2269,1822,866,950,952,312,703,725,925,823,955,761,1016,948,751,569,837,629,758,846,851,602,1050,996,730,750,953,1000,742,158,927,738
"COG1015",362,123,160,97,101,66,239,103,268,180,92,187,58,169,174,120,333,257,188,301,95,222,329,233,193,219,78,118,151,216,256,179,104,502,305,165,161,63,374,437,117,226,106,207,133,138,168,103,221,184,163,154,173,230,120,185,385,156,149,208
"COG1017",22,5,6,6,15,16,13,18,11,83,5,26,14,6,1,34,2,3,34,1,6,2,8,7,5,30,32,5,11,12,0,4,10,229,0,9,1,2,0,3,2,12,0,6,10,28,6,7,2,1,3,4,15,2,8,20,2,22,4,7
"COG1018",11,11,10,24,32,47,14,46,36,270,16,73,25,24,5,64,17,5,108,6,21,15,36,9,26,84,54,4,21,25,0,9,17,589,3,13,4,4,2,18,16,29,7,9,33,43,10,12,15,7,17,7,46,7,20,18,5,74,14,4
"COG1020",699,365,376,271,538,315,369,196,266,820,400,428,191,287,711,900,673,418,440,351,205,410,357,470,246,515,422,198,551,470,556,349,420,1077,511,744,348,166,235,272,335,223,410,371,260,700,315,114,279,259,281,360,671,528,407,308,493,972,455,423
"COG1021",35,1,27,16,9,50,7,23,3,173,34,49,5,11,124,27,8,8,37,4,13,3,14,2,5,41,35,2,13,3,7,21,15,268,17,38,0,2,0,2,10,14,3,0,11,20,0,4,5,3,14,9,24,4,6,3,5,76,5,1
"COG1022",914,1540,1277,1845,1754,2097,1698,1590,1207,1386,1763,1547,2267,1718,1298,1801,1061,1460,1491,1144,1940,1421,1227,1228,1262,1649,1769,1404,1624,1218,1180,1724,1963,93,1247,1319,1463,1801,1497,1669,1792,1486,1744,1171,1861,1439,1414,1863,1385,1387,1837,1824,1433,1603,1552,1686,1061,2204,1722,1515
"COG1023",4,2,0,1,0,5,0,0,0,0,3,3,1,1,0,0,4,0,6,38,1,0,0,0,7,0,0,0,0,0,0,0,0,1,2,7,12,0,0,5,0,2,1,0,1,1,0,1,0,0,0,2,0,0,0,0,0,46,0,10
"COG1024",64,70,88,31,36,42,87,55,110,128,45,122,36,81,64,48,76,71,122,96,53,74,125,103,72,82,59,33,49,67,188,151,143,1302,176,140,137,93,417,161,126,169,199,136,215,201,118,103,93,179,129,119,234,154,145,179,213,146,125,149
"COG1025",0,0,0,2,5,8,4,14,3,72,0,14,6,1,0,24,3,0,22,2,4,4,5,0,6,8,16,0,5,0,0,0,13,375,1,6,0,1,0,0,12,3,1,1,25,49,0,12,12,2,4,6,21,5,6,1,0,63,2,1
"COG1026",727,296,555,196,298,92,621,203,413,216,272,391,40,389,300,211,794,466,293,544,239,452,725,468,488,411,140,369,317,446,572,325,156,392,426,271,480,201,799,270,162,452,195,367,290,226,346,217,303,379,333,380,453,507,303,326,588,209,293,496
"COG1027",88,125,172,345,277,688,298,137,239,292,350,461,754,240,98,325,182,187,306,303,404,165,195,185,320,250,320,323,295,315,134,266,233,718,114,304,352,134,643,235,518,338,373,531,247,385,398,573,203,239,339,371,230,166,262,286,130,307,112,163
"COG1028",2102,2161,2153,2450,2527,1985,2384,2154,2231,3453,2197,2274,1922,2328,1758,2489,2157,2553,2723,2162,2313,2483,2482,2173,2257,2528,2456,2053,2603,1967,2176,2571,2403,3015,2143,2335,2285,2172,2044,2314,2190,2181,2177,1477,2282,2453,1814,1746,2499,2558,2816,2855,2644,2308,2562,2309,2242,2050,2231,2085
"COG1030",5,83,52,42,28,8,46,23,88,13,22,80,4,17,20,67,20,12,14,80,40,45,24,67,15,41,27,13,15,23,41,38,25,0,11,38,54,17,116,26,76,12,163,6,24,18,15,22,15,19,26,15,10,32,35,28,12,9,73,41
"COG1032",1311,1517,1357,1455,844,1552,1353,1047,1232,1122,1270,1459,770,1279,811,1486,1694,1465,1248,1296,1168,1508,1659,1350,1395,1250,1383,1393,1380,1238,1561,1367,947,965,1394,1406,1433,666,1589,1331,1477,1441,1329,1038,1122,1539,1387,1259,1554,1417,1362,1372,1319,1293,1395,1526,1398,651,962,1411
"COG1033",1128,469,678,374,227,37,546,252,551,244,476,354,70,485,425,122,873,489,324,549,248,626,821,399,721,433,176,542,435,634,755,525,341,164,752,504,708,331,246,453,281,566,330,458,387,86,516,207,369,535,434,266,430,411,381,293,651,227,474,683
"COG1034",406,283,257,251,238,101,212,140,381,229,255,290,41,223,118,262,174,352,144,211,286,253,214,189,199,283,199,212,233,364,227,289,141,477,387,310,257,21,227,177,242,173,325,120,256,358,108,143,239,223,151,286,248,131,226,284,189,244,182,239
"COG1035",380,291,730,420,774,281,233,548,335,135,482,368,676,457,91,240,506,257,235,255,522,202,271,608,338,211,599,236,249,336,206,402,489,53,298,508,337,253,254,326,344,273,309,374,255,785,689,293,270,463,192,454,339,453,278,392,403,362,346,326
"COG1038",167,316,143,227,229,96,224,154,263,225,216,383,42,280,120,268,193,185,281,309,237,172,270,254,181,245,191,121,196,179,134,241,255,25,168,273,198,66,520,249,290,211,244,74,257,249,88,101,193,184,204,212,311,141,296,259,161,95,153,183
"COG1039",43,21,7,12,0,17,9,8,26,14,1,22,4,6,9,3,40,12,17,9,8,5,15,54,3,15,4,32,8,35,13,25,11,4,13,18,12,2,5,165,29,8,23,30,12,28,16,9,14,22,9,13,4,8,14,10,30,12,31,36
"COG1040",406,308,405,287,265,408,366,401,411,314,398,355,470,322,509,318,428,325,368,400,329,331,338,373,342,336,330,359,298,380,330,343,336,210,327,407,426,554,379,310,360,391,381,372,310,346,407,304,291,269,337,327,362,348,342,344,399,423,454,428
"COG1041",57,39,54,47,4,0,1,22,19,9,17,8,6,33,88,0,122,50,33,22,15,24,17,32,93,17,26,26,18,17,32,22,0,1,23,11,21,31,34,6,15,63,14,67,20,9,23,53,29,23,12,15,56,13,9,37,30,1,22,29
"COG1042",70,407,162,459,361,73,286,116,215,262,246,181,31,353,36,490,93,308,253,75,349,265,199,120,135,434,467,100,372,135,154,516,391,288,91,238,175,27,1,217,374,384,441,42,279,345,111,134,196,286,403,272,472,307,426,253,171,56,182,79
"COG1043",96,436,319,536,483,863,418,392,296,403,337,384,611,475,326,535,146,337,420,188,633,282,230,294,333,364,472,470,416,301,322,413,531,174,220,323,372,490,140,226,440,349,479,256,385,432,467,525,394,361,448,526,415,346,462,487,247,66,426,316
"COG1044",126,293,264,389,288,577,376,483,259,345,285,358,450,330,452,372,144,279,323,281,443,227,204,303,239,235,351,360,383,250,228,304,358,138,156,268,302,422,155,205,379,327,330,287,445,361,310,360,266,237,373,432,246,249,318,361,171,59,377,261
"COG1045",149,177,173,218,195,171,207,212,235,141,176,196,301,238,175,224,189,173,194,127,194,143,189,211,208,180,217,229,250,196,401,420,560,204,520,568,434,464,366,495,485,535,485,767,369,461,596,467,473,496,548,582,538,505,576,429,374,163,578,455
"COG1047",160,122,138,158,128,161,108,216,147,150,129,136,139,132,133,117,142,171,178,108,199,132,90,144,177,163,123,187,163,106,148,166,141,92,86,128,184,137,85,100,174,148,165,116,161,116,143,127,159,118,123,163,153,151,172,139,170,48,158,119
"COG1048",1118,809,824,891,699,1123,763,813,853,662,894,748,1056,784,897,847,909,985,849,845,658,958,977,718,1027,948,724,995,889,732,842,681,676,1035,871,840,974,815,1179,485,968,1046,533,871,661,590,839,717,814,695,933,1001,819,855,821,719,844,1042,903,791
"COG1049",0,1,2,14,11,30,5,146,8,115,1,46,16,17,1,44,4,2,46,2,9,3,14,0,12,31,31,0,15,0,0,1,8,376,1,12,0,1,0,1,7,4,2,0,17,35,0,3,11,3,6,4,19,3,18,0,0,42,5,1
"COG1051",259,420,271,431,385,408,315,400,244,424,473,316,390,361,304,434,234,418,426,362,471,304,223,425,349,444,500,320,413,656,255,389,432,81,357,319,622,261,314,408,425,455,473,242,423,314,406,450,342,407,401,473,276,364,399,367,213,485,389,447
"COG1052",603,773,629,717,678,527,743,604,657,634,712,623,362,791,460,690,731,821,608,707,786,771,631,559,666,764,663,525,801,584,681,793,740,618,598,744,620,447,554,529,741,822,593,473,677,768,741,536,785,707,849,972,758,753,784,718,661,334,655,547
"COG1053",1408,1031,1014,884,851,1533,1879,1630,1624,1322,1119,967,1545,1598,1361,989,1053,1096,1001,1938,922,1444,1664,946,1460,1270,729,1022,1112,1175,961,1070,1679,614,839,1041,1024,1523,951,1007,1317,2069,697,1062,1420,1193,888,1237,686,767,1618,1302,1040,1115,1027,1594,1042,1331,1439,943
"COG1054",25,3,0,1,23,17,3,9,1,63,0,31,15,11,11,21,6,5,29,8,20,4,3,6,12,8,11,4,2,6,0,0,10,182,0,13,2,7,16,3,4,1,13,9,11,32,4,2,6,3,2,5,20,4,4,5,1,34,1,8
"COG1055",429,256,615,180,131,1349,323,606,566,200,186,456,932,240,662,114,280,242,193,604,188,357,185,438,283,335,135,770,194,546,486,173,135,254,229,206,530,1036,374,227,400,258,332,641,405,134,697,530,206,157,194,186,172,248,194,304,496,98,588,319
"COG1056",15,3,101,3,29,12,11,16,3,94,0,18,9,9,83,25,12,8,34,7,17,23,1,13,16,12,17,3,5,7,1,12,33,160,10,30,3,2,10,94,15,3,22,30,5,41,4,8,8,3,2,1,17,2,14,6,7,17,12,25
"COG1057",108,116,123,81,99,163,128,111,123,99,137,130,139,111,136,90,126,120,119,129,125,103,123,136,108,116,87,115,112,102,342,281,251,129,356,346,297,255,285,304,291,286,311,321,239,233,328,394,265,285,267,278,213,310,271,256,303,398,289,333
"COG1058",129,189,157,183,202,60,202,85,248,144,110,304,13,178,96,157,181,95,145,196,146,138,330,223,64,140,115,111,150,179,171,192,90,211,212,242,128,50,246,130,208,117,206,91,194,275,88,66,101,166,166,119,201,174,162,182,113,79,173,125
"COG1059",0,0,0,1,0,0,2,0,0,4,0,0,0,0,0,0,0,0,0,0,0,0,0,0,0,1,1,0,1,0,0,1,0,0,0,0,0,0,0,0,0,0,7,0,0,28,0,14,0,0,0,3,6,0,0,24,0,0,0,0
"COG1060",661,702,672,705,770,213,597,687,520,723,574,736,431,842,609,687,527,663,746,446,880,577,546,848,721,657,664,500,727,454,547,716,748,278,457,728,603,455,487,520,709,513,617,443,692,743,453,668,640,569,701,830,670,730,803,974,530,260,710,633
"COG1061",932,796,1302,644,537,1003,893,1750,731,663,799,976,1337,723,416,497,1376,562,767,1289,522,1074,960,1539,747,807,994,1805,783,980,744,829,932,372,1180,802,949,2101,814,1540,436,1282,654,2657,928,482,1130,714,779,1056,1048,685,757,801,1085,1268,1709,1302,806,999
"COG1062",0,0,0,3,5,3,0,13,1,44,0,6,1,1,0,13,2,0,18,9,6,4,1,0,2,7,6,1,2,1,0,0,10,203,0,6,0,3,23,0,6,3,3,0,6,44,3,5,10,1,1,4,14,1,8,0,1,19,1,0
"COG1063",1412,808,756,790,670,417,635,656,680,876,916,846,1422,672,746,700,827,767,870,1080,674,622,907,656,654,644,812,448,723,824,661,763,799,2103,715,832,728,647,1185,792,765,703,756,982,895,1074,592,963,892,649,715,792,801,749,837,707,623,1232,791,912
"COG1064",8,10,1,45,14,24,3,46,12,258,11,23,12,22,9,33,4,24,55,108,31,12,4,4,12,15,56,8,38,6,2,12,15,414,1,11,2,2,48,6,14,3,20,9,8,44,11,4,4,136,9,6,34,7,12,5,3,51,2,1
"COG1066",442,539,564,453,303,677,608,502,565,509,571,484,414,597,528,481,608,504,370,728,528,454,489,460,599,485,476,468,529,533,547,546,544,284,590,591,575,520,671,604,522,649,436,537,557,324,764,617,553,502,538,524,428,617,517,605,674,728,540,561
"COG1067",28,16,139,11,42,29,61,80,109,108,39,152,24,15,69,41,133,15,65,161,61,6,35,118,64,101,34,9,43,38,55,39,18,266,174,20,103,26,269,360,26,34,20,81,28,20,91,15,50,16,15,20,59,91,28,19,93,26,53,192
"COG1069",62,190,63,59,44,33,23,56,51,179,140,71,10,191,21,100,59,151,53,4,116,48,85,45,54,139,82,37,157,168,108,149,230,817,54,106,121,2,9,130,59,32,49,20,123,34,39,15,100,55,144,97,91,82,203,234,96,33,176,69
"COG1070",1701,1337,1420,1493,1521,1393,1611,1908,1451,1744,1366,1202,1913,1242,1494,1535,1040,1524,1440,1390,1208,1207,1080,1276,1247,1329,1653,1229,1533,1475,1133,1527,1310,2225,1265,1386,1523,1112,1511,994,1500,1170,988,1439,1531,1940,851,1486,1759,1341,1254,1428,1473,1295,1208,1329,917,2102,1635,1405
"COG1071",18,96,96,397,222,17,63,49,68,42,44,116,8,164,17,310,38,124,189,78,54,202,71,42,20,146,303,107,256,50,80,229,95,50,59,152,28,9,55,86,228,84,250,26,122,215,34,23,194,236,158,52,246,127,122,61,58,28,43,24
"COG1072",24,2,1,7,9,17,10,65,4,80,4,20,7,4,8,25,19,5,32,111,16,5,14,4,29,11,15,0,6,1,1,2,4,123,0,16,11,8,59,17,4,3,20,21,8,17,3,9,6,5,2,2,12,3,4,2,1,71,1,10
"COG1073",719,1262,958,1217,1249,2152,1321,1000,1022,1336,1079,1139,770,1461,997,1356,751,1085,1156,1104,1190,1238,1179,1053,1020,1021,1440,1256,1258,1012,1032,1171,1437,828,953,1255,1014,773,831,1125,1216,1241,1020,673,983,1105,1104,1240,1159,1277,1374,1412,892,1068,1222,1163,823,971,1112,985
"COG1074",461,415,395,307,224,530,371,369,545,270,324,412,349,333,491,243,464,421,328,533,252,363,439,392,380,501,175,455,288,509,1159,950,512,642,1222,1017,1390,986,979,1635,1084,914,876,1344,975,452,1275,1026,837,797,783,682,846,1107,767,820,1164,506,875,1337
"COG1075",25,73,105,15,82,1,1,10,105,6,125,91,10,33,5,19,30,74,0,0,34,131,117,62,11,62,12,80,34,97,25,17,16,23,25,10,24,3,2,12,26,32,18,15,6,39,38,0,11,1,13,3,25,32,19,17,35,2,28,54
"COG1076",61,182,97,138,127,459,207,291,97,274,198,96,211,211,244,252,78,145,193,132,194,101,135,98,182,147,194,203,208,103,67,97,316,246,89,84,170,183,25,97,150,184,142,166,216,55,212,180,145,84,200,249,81,156,228,192,106,43,237,119
"COG1077",814,647,817,501,437,605,793,701,773,552,643,633,754,702,823,494,902,697,572,906,627,661,739,782,728,669,469,781,679,776,791,634,668,330,895,693,809,737,600,910,644,716,514,704,663,413,722,648,748,619,655,699,690,778,658,676,906,373,821,746
"COG1078",77,145,76,250,270,26,257,60,76,180,164,110,9,202,14,341,77,254,147,177,364,165,112,114,120,176,299,70,249,72,91,227,213,6,84,193,144,12,58,139,161,234,171,36,175,250,108,152,233,216,278,250,211,199,188,112,67,117,83,160
"COG1079",287,224,198,105,158,53,230,85,388,87,189,174,47,203,118,119,230,222,133,140,113,159,391,260,175,168,99,173,200,328,274,199,148,330,409,247,170,67,221,178,209,197,155,186,130,207,186,80,250,177,151,220,167,176,219,155,196,187,160,250
"COG1080",1034,413,558,217,313,164,672,390,531,474,534,513,132,462,396,282,918,592,420,873,214,631,909,418,638,558,197,513,402,514,697,313,248,1252,592,556,656,251,856,322,323,580,199,464,343,359,557,280,525,442,440,328,529,359,360,513,655,944,407,540
"COG1082",667,493,573,645,710,154,1018,246,675,628,577,549,106,570,261,739,592,547,397,342,395,506,619,479,459,615,485,445,450,555,545,640,677,1133,630,617,540,156,395,522,587,336,841,286,496,1034,379,279,607,449,457,478,503,487,697,559,451,374,497,460
"COG1083",114,129,106,201,117,40,193,191,164,153,203,120,158,164,37,272,92,225,215,43,70,232,194,343,257,189,259,170,245,87,227,183,300,63,141,160,33,765,70,178,118,133,272,538,167,177,201,83,162,134,129,212,172,271,256,217,243,44,152,72
"COG1085",22,8,27,10,15,9,30,49,26,45,46,89,1,10,24,26,24,10,27,241,17,6,38,33,38,24,15,0,17,4,11,2,2,83,4,12,20,8,117,3,14,8,13,6,3,6,2,1,5,2,3,2,11,5,1,1,1,213,3,12
"COG1086",529,917,712,1247,1491,332,759,378,619,460,957,797,576,1159,288,1315,724,1036,1111,476,728,871,824,723,706,1001,1289,664,1520,781,842,1427,1412,442,987,891,505,1768,285,1095,905,670,985,353,958,1097,739,1332,914,1085,744,606,1899,836,1087,1015,910,311,685,647
"COG1087",640,498,586,365,371,602,489,499,614,447,541,488,613,467,633,340,577,492,439,587,445,525,523,544,531,432,383,628,401,664,578,414,461,464,581,533,618,717,553,610,502,490,420,539,466,358,683,495,458,482,506,418,489,398,488,534,576,627,579,685
"COG1088",535,600,579,668,1027,734,542,573,616,932,503,504,1092,688,429,747,471,531,702,635,580,570,500,643,633,583,893,655,656,641,574,685,818,363,545,598,609,527,626,637,561,518,623,501,618,642,609,887,718,778,596,679,913,770,588,780,674,568,708,612
"COG1089",197,416,301,400,326,423,298,381,224,467,347,321,497,401,447,414,119,630,351,317,493,530,349,342,349,280,455,346,545,309,403,624,507,43,312,325,373,371,34,229,476,436,460,322,433,447,223,445,313,443,480,532,401,552,285,403,208,32,450,230
"COG1090",6,87,27,195,168,16,47,63,30,70,24,41,6,90,5,101,15,24,64,21,38,60,27,25,20,66,117,22,85,28,33,114,59,127,16,87,9,10,0,28,94,11,136,8,54,152,10,24,49,75,42,29,123,37,58,55,19,28,29,11
"COG1091",607,511,376,571,678,336,516,357,431,445,411,461,381,589,316,477,512,500,596,459,462,548,549,475,579,542,527,508,527,561,215,211,275,77,226,198,237,212,255,152,201,213,171,198,215,197,199,301,158,207,207,196,376,253,188,295,218,119,204,206
"COG1092",695,612,630,497,430,651,659,640,721,557,497,579,587,631,541,416,712,675,495,552,516,571,698,618,649,635,400,549,505,591,608,594,431,600,706,630,644,509,380,735,612,577,570,577,547,423,638,494,548,513,609,585,444,591,481,672,704,211,619,619
"COG1098",24,43,55,17,14,6,53,14,87,21,71,71,5,27,28,24,87,43,19,136,23,57,94,62,27,34,17,18,22,68,55,44,27,2,93,47,60,36,118,101,33,48,24,31,24,17,66,11,31,22,44,9,32,28,24,23,55,37,77,82
"COG1099",1,4,0,0,0,0,0,0,2,0,0,0,0,0,0,0,0,0,0,0,0,0,0,0,0,0,0,0,0,0,0,0,0,0,1,0,2,0,0,0,3,0,0,1,0,0,0,0,1,0,2,0,1,0,0,0,0,0,22,0
"COG1101",391,197,238,122,77,60,297,100,343,139,180,176,71,235,241,47,384,283,182,299,128,208,466,228,316,195,129,140,152,327,329,218,147,126,387,316,183,136,212,137,174,343,142,250,163,166,220,129,343,185,175,159,259,227,171,242,333,140,194,213
"COG1102",1,2,16,0,1,0,4,20,1,0,0,0,4,0,0,0,0,1,1,0,0,0,6,0,1,0,0,2,1,1,3,0,1,0,12,0,1,0,2,4,3,1,2,2,0,0,11,0,0,3,0,0,0,0,0,0,6,0,0,6
"COG1104",947,546,749,276,283,117,646,355,797,333,579,469,129,594,407,156,961,686,402,717,315,632,894,676,840,564,258,560,387,680,885,556,323,433,1020,702,695,275,786,743,410,680,227,588,356,237,621,330,600,556,500,355,533,572,460,502,1022,512,436,742
"COG1105",484,118,255,115,101,59,223,102,230,219,178,203,68,149,181,104,430,298,216,318,113,285,412,239,273,227,97,218,185,213,257,160,106,428,262,289,302,106,393,114,123,226,89,242,127,208,208,110,195,162,149,122,217,200,159,204,360,254,169,312
"COG1106",713,809,919,465,948,492,1132,965,562,667,756,546,597,362,928,558,625,510,573,751,639,681,569,631,586,553,365,565,730,654,499,411,689,202,644,719,521,480,307,535,419,625,474,1490,831,462,764,1411,129,431,552,489,402,883,876,518,581,466,1131,838
"COG1108",319,365,343,308,265,416,442,449,345,387,354,348,498,279,415,465,378,259,325,536,346,339,228,332,320,348,356,340,335,323,368,296,332,909,282,368,287,455,401,323,393,345,328,441,396,357,187,352,429,301,297,340,305,320,390,299,296,422,406,339
"COG1109",817,706,764,487,477,667,608,560,757,492,643,639,674,612,762,459,763,616,592,657,546,593,798,692,677,559,532,619,588,734,1813,1569,1506,915,2002,1846,1803,1729,1432,1875,1591,1816,1337,1576,1506,1051,1886,1353,1512,1434,1563,1445,1399,1645,1557,1748,1844,970,1621,1868
"COG1112",1065,1222,1366,2461,1579,3191,1224,1444,1530,1048,1635,2045,2631,1440,1266,1736,912,1346,1934,1085,1312,1168,625,1386,1229,1610,2006,2408,1772,1178,1022,2110,1952,1117,893,1401,1833,1260,1407,907,2004,1411,1344,1493,1885,1575,2182,1720,1535,1690,1988,1895,1853,1287,1492,1175,779,1549,1433,1217
"COG1113",21,1,104,43,90,113,14,101,35,689,146,280,64,35,55,138,96,2,152,819,112,19,34,75,35,104,115,4,56,2,1,16,38,1267,7,67,156,12,852,4,93,50,54,27,46,134,13,27,38,9,17,27,103,19,35,13,1,1364,53,79
"COG1114",98,129,197,76,84,51,246,73,243,168,115,352,16,130,83,154,124,110,88,672,123,62,276,188,88,157,65,69,123,173,81,106,60,361,167,191,181,39,773,117,219,150,154,98,82,274,48,92,109,84,94,165,92,95,120,199,95,313,123,158
"COG1115",641,372,394,264,300,317,447,436,481,427,357,439,590,386,559,304,496,423,365,445,270,404,526,427,480,359,206,298,325,460,1016,708,631,801,1191,959,1106,1027,1149,772,833,1026,698,1540,1017,1127,690,972,967,847,670,918,1071,729,927,1122,1094,402,972,1097
"COG1116",379,207,255,207,219,110,295,149,276,276,213,317,55,185,113,149,334,259,247,185,134,233,340,318,294,336,96,243,199,272,96,48,64,185,133,104,87,43,260,88,59,78,86,93,102,110,87,72,105,90,67,93,99,97,113,119,114,71,84,110
"COG1117",384,426,295,258,347,105,323,207,354,358,326,282,53,359,490,263,375,347,357,481,346,325,425,307,347,396,315,207,292,271,389,357,290,330,374,360,405,124,437,282,305,387,317,244,291,301,241,219,456,278,287,297,392,367,380,359,378,562,298,340
"COG1118",412,104,252,50,60,31,230,84,158,151,132,198,23,127,195,64,290,131,105,284,58,173,258,164,240,166,52,132,120,103,217,112,36,213,138,174,197,90,336,66,68,185,80,195,104,49,150,106,119,109,116,80,135,122,95,104,224,146,126,205
"COG1119",66,234,163,312,147,530,174,388,154,274,250,171,480,162,326,297,86,211,265,186,290,178,137,114,227,233,285,277,304,128,95,254,322,145,104,201,208,251,125,85,368,256,257,245,290,195,97,377,178,230,422,332,144,167,192,269,123,289,286,149
"COG1120",662,805,564,662,660,621,620,584,570,849,474,620,360,699,482,668,451,610,538,564,595,557,588,638,636,721,622,511,711,574,470,578,432,560,529,651,572,584,292,482,846,605,589,642,727,835,548,588,640,596,716,639,509,629,708,774,563,294,594,415
"COG1121",316,370,364,292,225,345,445,333,351,405,394,334,386,374,404,321,387,319,340,449,408,351,252,328,369,406,298,332,335,298,353,337,460,588,294,374,286,355,403,330,401,360,347,349,399,305,211,298,389,281,361,426,330,365,393,353,323,475,362,313
"COG1122",1287,593,1008,380,417,216,790,380,1214,476,1135,869,190,624,832,344,1296,867,633,1481,384,779,1289,992,929,821,318,655,545,1008,1083,595,394,625,1188,1293,1090,358,2402,752,746,887,504,867,476,448,923,347,1030,602,577,470,830,626,693,645,965,2708,650,980
"COG1123",170,78,81,89,49,84,181,105,123,186,298,106,34,103,72,89,109,38,131,263,61,77,98,84,136,121,62,59,58,85,60,88,74,378,75,197,154,44,927,59,110,145,62,78,114,69,69,60,72,113,103,82,101,100,114,99,41,1666,48,101
"COG1124",20,11,6,9,10,14,26,15,12,69,9,19,2,19,3,15,11,15,27,8,17,4,21,16,14,26,13,11,18,7,19,18,35,317,17,20,9,8,44,18,19,22,31,22,30,87,17,35,22,28,24,95,63,12,33,34,11,59,14,12
"COG1125",25,33,75,43,14,18,20,17,29,57,16,39,3,32,16,50,18,32,35,54,47,33,49,72,7,65,21,32,37,32,16,24,34,159,31,62,12,3,183,29,49,11,128,20,44,139,26,30,30,68,31,37,39,17,80,99,22,89,13,27
"COG1126",1005,530,609,301,358,231,593,484,875,655,681,632,311,476,755,315,986,563,486,1230,359,649,735,606,729,521,274,501,478,762,743,444,325,843,909,684,809,558,1444,448,495,627,317,746,491,355,594,394,598,469,444,446,624,485,501,447,817,1620,558,627
"COG1127",119,258,227,274,254,396,305,371,251,280,232,364,414,285,317,344,125,226,175,237,290,214,194,302,189,236,341,367,290,245,156,273,312,179,121,266,200,494,127,226,280,264,318,250,302,252,242,363,216,224,372,362,201,258,323,318,164,64,336,171
"COG1129",1512,639,630,313,1022,354,808,704,830,1257,543,797,212,588,486,659,977,672,724,474,532,738,945,740,772,581,458,521,542,1156,954,443,563,3965,1607,790,506,253,1023,401,441,639,536,707,641,1793,503,508,648,537,471,672,1131,580,533,716,908,1482,371,539
"COG1131",3204,2312,2959,2039,2263,1179,1808,1048,2421,1830,2552,1997,1056,1768,1997,1958,3879,2381,2422,2207,1628,2979,2172,3056,2501,2481,1910,2895,2105,2303,2921,2259,1633,2500,2541,2576,2214,1362,2527,2603,1610,2177,2256,2541,1830,1560,2589,1787,2157,2382,1717,1430,2695,2878,2143,1812,3200,2201,2215,3134
"COG1132",7687,4543,5462,3972,3696,2492,4988,3778,5966,3652,5461,3700,2430,4386,4739,2962,8497,5690,4576,6673,2597,5848,7233,5049,7084,5304,2872,6162,4839,5153,6896,4595,3108,4172,7226,5797,5582,3893,6000,7031,3695,5265,3762,5792,3651,3538,6162,3295,5516,5223,4205,2915,5026,5055,4362,4574,7182,7830,4621,7043
"COG1133",2,0,0,9,9,16,2,10,2,73,2,23,12,5,0,16,3,1,39,2,9,4,5,0,4,22,13,0,3,0,0,2,6,179,0,5,0,1,0,2,5,1,0,0,4,22,0,3,5,1,3,1,17,2,5,0,0,29,1,0
"COG1134",577,215,320,269,293,83,398,151,362,209,403,373,63,316,189,217,588,371,528,212,145,390,333,354,446,301,272,300,277,265,424,220,221,375,421,292,311,170,593,476,162,327,160,389,165,288,366,242,418,316,214,288,323,420,233,223,527,888,173,404
"COG1135",347,219,182,102,94,94,231,260,268,361,222,269,58,167,139,85,274,163,107,437,130,177,348,233,179,146,71,138,107,274,214,188,99,194,335,147,215,80,574,137,179,221,126,196,136,126,203,102,142,183,167,154,149,191,190,231,224,550,156,197
"COG1136",2843,2332,2838,2190,2007,1911,2593,1965,2622,1815,2953,2178,2243,2330,2230,2102,3360,2529,2311,2615,2311,2788,2640,2598,2618,2636,2021,2823,2344,2804,2958,2440,2412,1074,2661,2548,2662,2052,3151,2730,2122,2634,2114,2976,2044,1615,2598,2471,2510,2261,2496,2258,2723,3076,2427,2004,3459,3941,2218,2921
"COG1137",93,195,200,239,299,459,248,303,207,285,221,331,428,244,310,336,99,176,276,218,214,179,135,236,187,217,291,281,255,224,79,81,111,73,32,97,120,191,50,80,123,68,148,90,108,98,73,127,67,80,120,141,96,107,82,103,35,19,99,52
"COG1138",27,16,8,31,41,55,60,57,46,90,9,57,7,33,12,59,33,6,99,18,21,60,32,19,153,75,56,26,30,31,2,17,47,553,10,11,6,21,11,20,51,66,8,32,54,45,19,6,10,4,52,29,53,15,38,46,7,67,16,12
"COG1139",109,198,266,313,330,830,239,302,181,296,149,305,513,289,309,255,126,118,308,303,300,175,125,232,233,181,203,321,168,182,109,184,225,118,109,173,303,311,256,135,317,135,188,315,333,291,303,301,228,201,176,247,131,151,183,256,121,46,222,216
"COG1140",4,1,2,12,24,32,32,38,17,107,17,36,15,32,5,35,29,2,64,13,18,9,28,7,13,35,27,7,19,11,1,8,20,306,0,9,32,4,14,8,7,19,4,9,14,24,8,11,8,3,4,14,41,12,16,1,7,44,1,6
"COG1141",15,13,12,6,2,0,22,8,13,8,5,5,4,14,3,1,19,11,8,11,3,17,40,9,8,4,5,10,2,8,28,18,16,1,6,13,14,11,7,5,4,6,4,7,6,0,12,4,12,23,25,1,9,6,8,3,14,3,12,14
"COG1142",19,28,30,58,59,79,49,66,64,201,17,161,48,58,22,149,30,33,170,101,64,48,39,33,50,116,116,44,42,18,46,23,66,1086,41,81,35,10,56,29,64,19,207,24,64,129,24,27,66,24,27,31,54,44,48,44,20,153,25,45
"COG1143",35,140,64,122,110,249,32,143,98,156,97,131,165,108,95,135,46,125,194,68,155,81,48,76,110,109,132,183,113,95,111,151,117,219,95,148,158,106,3,92,164,83,131,89,140,120,113,135,115,114,110,117,145,110,157,126,96,35,130,120
"COG1144",32,32,54,10,27,19,19,124,56,15,25,5,0,31,4,4,20,26,7,15,7,45,14,52,57,27,5,6,14,30,22,28,15,2,56,11,24,13,8,108,23,19,15,42,21,78,38,33,21,26,17,31,12,60,18,30,86,6,12,45
"COG1145",1365,1168,1059,1317,981,367,815,516,1175,878,951,1040,455,940,374,1057,886,1293,1017,1033,1025,947,974,871,1091,1056,1031,896,1028,1165,985,1124,813,797,1336,1165,1151,332,747,762,1088,846,1144,808,823,1528,690,905,1555,1277,1028,989,1090,798,1103,1186,851,514,746,1001
"COG1146",117,126,107,132,111,135,94,85,96,78,137,148,127,121,101,168,180,88,144,110,105,124,80,135,125,123,108,184,122,67,134,82,124,174,96,128,181,124,183,75,164,125,141,68,121,82,129,150,87,73,97,117,156,106,98,101,143,160,126,140
"COG1148",134,96,58,60,21,8,38,55,98,83,54,87,17,32,30,19,111,58,53,13,40,60,64,96,10,49,51,50,38,55,66,92,16,0,146,111,51,5,65,104,130,65,157,33,63,182,33,53,24,48,41,56,45,34,87,158,72,40,43,76
"COG1149",0,3,0,52,67,0,8,4,2,25,0,28,0,8,0,0,0,2,9,0,0,3,2,5,0,16,0,3,7,0,2,2,1,0,3,1,4,0,1,2,3,9,12,0,4,0,0,25,3,3,11,10,13,4,6,103,0,0,6,1
"COG1150",18,25,30,12,0,4,7,17,31,12,8,19,2,10,5,2,37,17,8,4,20,10,18,20,2,8,19,14,4,10,17,33,2,0,32,44,11,0,23,36,30,10,71,11,27,54,7,11,6,23,9,17,9,11,22,25,9,6,20,16
"COG1151",780,725,583,538,660,179,557,288,480,585,458,508,886,556,893,504,691,622,613,460,368,633,585,551,620,538,461,422,520,596,597,494,509,424,850,513,529,547,625,399,486,508,392,649,391,652,365,354,489,526,393,472,549,531,621,601,581,322,324,576
"COG1152",136,24,13,10,9,11,23,8,74,15,34,15,3,17,10,8,71,20,23,10,4,17,45,16,16,20,3,19,29,74,41,18,3,0,207,49,39,12,48,27,41,31,10,46,10,0,12,9,42,3,11,15,18,5,26,17,15,40,23,32
"COG1154",989,1118,1092,993,877,1650,1043,1171,966,776,1124,802,1253,1109,1376,984,1001,1171,1037,923,926,968,934,885,946,1186,961,1256,1150,1000,999,1085,1090,398,1033,1149,1065,1248,764,945,1182,1131,875,1377,1019,762,1019,1175,1177,811,1216,1098,1162,1194,1048,1102,1189,917,1228,1110
"COG1155",579,519,328,495,501,154,441,227,451,444,513,405,44,577,189,635,462,533,527,260,669,388,466,430,427,511,516,308,568,390,186,215,244,120,242,283,164,58,115,242,196,224,228,79,188,155,130,134,188,189,232,242,234,213,277,253,131,119,153,218
"COG1156",482,437,320,366,380,81,328,179,411,280,429,367,35,606,156,433,406,418,363,211,473,340,366,349,349,337,356,240,501,323,347,477,467,286,501,606,323,101,239,508,449,359,454,155,346,346,246,232,354,426,444,463,562,431,589,494,316,254,366,369
"COG1157",149,61,128,63,105,49,56,136,96,34,65,47,13,55,69,27,101,84,98,85,30,161,34,106,160,95,80,192,96,84,187,58,25,524,60,23,128,31,36,41,20,148,45,121,66,116,78,26,74,53,40,35,133,107,39,69,265,63,64,71
"COG1158",450,382,358,267,249,860,295,315,338,361,387,297,609,306,486,256,381,446,450,385,438,425,292,359,502,440,246,468,403,379,497,316,308,333,373,286,541,343,545,421,512,326,388,400,567,224,506,643,368,366,437,449,214,462,285,364,422,644,312,462
"COG1159",206,165,166,160,122,190,139,184,181,154,163,188,231,116,196,147,201,167,107,196,149,143,165,178,159,139,136,227,145,224,465,415,342,233,428,465,467,691,445,572,418,367,373,511,404,316,481,443,412,367,393,353,423,362,358,422,469,521,422,499
"COG1160",968,915,895,883,904,747,818,787,898,910,908,827,817,936,945,882,903,842,1021,897,784,903,819,1010,912,787,788,913,807,832,832,804,803,476,834,959,910,976,1037,1020,888,894,862,789,838,875,846,921,907,793,796,764,853,910,877,958,857,922,891,1065
"COG1161",314,164,248,92,62,40,163,59,254,107,156,150,33,138,147,64,364,201,131,420,67,186,231,263,205,190,79,168,128,258,256,200,90,94,335,175,184,114,273,516,109,185,121,239,136,152,271,119,171,172,120,122,200,174,113,221,348,158,164,316
"COG1162",426,436,472,466,450,528,422,473,512,435,370,418,540,486,546,351,455,462,431,463,367,466,437,461,424,368,421,470,408,504,439,523,324,309,461,400,436,551,302,638,488,317,392,461,449,492,524,447,437,442,346,371,510,469,400,457,519,206,469,468
"COG1164",621,405,363,151,173,60,366,131,463,179,346,209,63,266,303,65,691,398,186,338,132,332,517,398,393,314,115,307,225,390,460,311,174,207,775,236,367,160,388,803,213,323,250,464,201,266,432,201,312,353,269,163,234,328,268,274,405,215,287,473
"COG1165",187,310,291,486,644,770,204,908,404,338,407,263,1210,292,554,418,233,198,533,335,246,208,124,482,432,289,503,344,266,674,227,434,378,215,215,325,548,777,498,129,422,234,274,386,465,418,453,468,160,373,441,475,270,185,500,350,222,604,473,372
"COG1166",203,501,270,516,384,1036,288,674,343,442,326,397,882,402,656,471,161,364,530,227,574,287,182,288,324,333,505,575,517,361,329,422,583,306,242,276,410,705,25,241,537,417,469,313,582,348,488,581,468,416,498,412,425,359,505,404,297,68,623,302
"COG1167",975,541,787,488,515,210,636,373,960,1131,764,758,198,511,493,479,931,876,460,824,356,807,834,693,648,691,356,599,584,889,873,582,368,687,827,873,786,311,1617,473,562,685,481,556,450,978,702,298,697,542,420,465,592,528,480,507,881,862,471,805
"COG1168",582,912,658,745,853,963,831,817,625,1023,779,748,794,892,900,952,758,786,733,672,866,672,635,631,776,676,764,645,869,630,696,712,779,733,442,617,686,892,1000,703,646,681,676,717,777,1106,714,891,808,716,681,1218,860,636,812,762,612,1146,662,615
"COG1169",110,163,140,243,211,347,234,339,168,266,135,203,402,174,315,325,94,98,208,180,274,147,114,127,174,195,273,187,229,215,147,192,211,284,101,158,212,383,30,81,255,172,209,266,315,185,177,381,243,164,167,204,141,157,187,146,76,66,228,172
"COG1171",578,395,359,209,310,582,504,467,420,528,319,459,393,401,449,424,496,331,296,522,261,419,467,443,448,320,242,392,364,406,517,252,319,793,409,384,462,300,889,217,394,385,306,587,359,532,263,480,305,340,321,401,310,337,357,451,410,597,421,454
"COG1172",945,394,301,243,702,270,434,445,439,883,284,516,139,259,234,439,573,459,426,274,301,466,463,402,442,314,317,306,379,714,560,255,318,2538,951,460,266,155,880,226,264,398,344,361,312,1252,231,322,278,275,266,529,820,218,323,492,457,924,178,264
"COG1173",895,503,571,299,445,213,658,342,666,792,618,542,129,564,404,329,971,602,503,728,366,439,852,518,679,542,255,319,395,532,615,486,527,1273,733,596,580,276,1637,443,418,567,414,488,406,765,491,350,435,515,477,495,606,496,576,609,536,1604,473,561
"COG1174",8,43,60,71,26,38,29,26,35,110,15,74,10,52,16,49,50,28,56,76,54,29,57,81,16,76,45,25,50,28,12,23,37,288,27,39,21,4,269,36,59,13,132,22,43,220,23,21,37,46,30,65,83,24,76,86,32,108,11,40
"COG1175",2532,1337,2048,904,1190,376,1167,608,1251,967,1832,1372,402,1085,1335,665,2422,1692,1390,1320,569,1293,1844,1334,1876,1212,753,1180,1269,2515,2480,1182,1127,3043,3369,1545,1341,861,3550,1089,831,1951,1360,1583,1032,1365,1798,888,1236,1206,1036,1036,1916,1419,955,1155,1643,6000,1042,1717
"COG1176",460,301,392,321,302,117,326,411,412,479,243,397,332,350,446,301,356,328,338,483,341,346,349,353,418,383,301,222,313,456,408,321,400,460,492,469,338,119,275,224,334,346,261,332,401,330,231,314,359,335,356,366,342,310,344,320,332,200,380,321
"COG1177",496,365,363,287,234,141,321,366,361,551,337,347,347,352,494,297,403,381,414,480,408,279,426,317,496,364,268,220,361,426,397,335,385,565,473,448,369,137,400,191,387,417,262,404,365,306,272,324,329,310,400,412,425,297,455,430,360,337,373,387
"COG1178",151,205,239,77,337,106,459,137,261,376,101,321,52,152,98,209,95,124,113,113,150,155,155,207,260,135,72,131,197,332,222,170,249,789,491,280,144,66,267,110,248,209,216,210,212,879,164,123,166,173,189,356,211,141,187,292,147,61,118,143
"COG1179",168,116,135,107,104,133,155,118,134,125,106,137,158,121,145,70,142,117,137,136,126,136,151,139,144,122,76,135,84,129,364,317,260,154,375,283,345,349,288,538,352,267,265,346,318,199,337,333,382,268,207,280,235,368,314,350,383,112,332,436
"COG1180",722,365,583,495,707,690,473,616,483,413,395,583,1093,430,379,521,566,363,568,712,352,445,455,482,446,462,417,821,462,408,430,434,332,898,453,509,564,811,999,545,518,368,562,619,583,535,564,363,397,457,375,378,557,364,443,411,529,844,337,549
"COG1181",530,467,561,444,293,795,475,499,631,441,459,515,597,568,620,356,558,586,549,688,332,417,476,549,566,469,500,544,564,523,243,184,153,237,233,206,262,250,219,304,213,204,207,236,204,160,261,199,168,197,159,192,162,192,165,200,232,309,231,218
"COG1182",9,12,8,5,11,11,7,11,29,82,7,31,2,11,5,9,2,9,33,4,11,6,12,6,26,27,6,6,12,4,8,15,6,50,9,8,8,1,15,4,15,14,5,19,10,8,10,4,18,4,13,5,16,3,13,6,4,35,22,7
"COG1183",99,110,111,99,133,183,94,96,95,115,126,97,165,106,154,125,67,76,122,99,143,78,64,102,105,100,129,144,93,64,198,288,292,35,185,216,258,384,188,202,249,269,295,291,315,263,248,343,255,226,313,366,248,222,272,247,184,77,381,252
"COG1184",4,5,37,2,0,0,1,0,0,1,5,1,0,1,4,0,12,0,0,4,0,0,6,1,0,0,0,0,0,0,0,0,0,0,0,0,0,0,0,0,0,0,1,0,0,0,0,0,0,1,2,0,0,0,0,0,0,1,0,3
"COG1185",940,1029,913,797,658,1280,1088,1087,1055,887,873,857,955,1010,1063,780,999,784,739,872,991,777,979,968,1039,755,780,971,878,899,1081,968,947,558,1151,1022,994,1092,971,1422,886,1050,829,861,1016,691,956,886,943,813,986,888,890,902,988,1018,994,884,1143,1033
"COG1186",590,569,563,479,532,740,657,532,630,489,548,504,695,508,592,437,512,502,610,613,625,475,564,547,594,508,430,571,486,532,544,473,517,426,657,538,609,608,598,616,603,574,474,621,512,427,591,662,571,473,509,548,533,551,538,500,560,647,567,617
"COG1187",598,534,445,268,272,560,442,471,554,538,451,455,286,436,389,322,627,543,457,621,391,466,470,431,582,560,242,490,370,522,618,439,322,559,701,510,670,317,547,581,543,467,450,573,411,275,612,431,466,413,401,332,353,514,446,492,645,537,493,660
"COG1188",175,170,140,112,151,223,172,161,155,221,118,138,129,163,176,147,199,126,122,168,162,161,140,179,186,150,131,182,147,186,182,125,141,152,152,134,158,205,71,128,135,136,157,161,174,137,160,134,159,163,146,191,110,158,139,159,152,87,137,211
"COG1189",290,175,227,89,68,50,149,68,269,97,235,187,43,126,178,79,280,200,113,350,84,211,234,199,189,165,50,159,167,222,250,129,120,108,316,202,226,112,383,255,125,212,92,174,106,93,152,91,166,118,151,121,219,185,147,164,276,355,184,232
"COG1190",770,815,728,713,593,884,942,802,883,770,747,763,925,850,870,768,666,714,705,852,831,678,767,803,727,769,716,733,781,668,763,727,809,776,900,807,856,821,832,966,886,847,686,661,805,529,804,695,857,642,817,808,684,717,828,840,862,810,816,803
"COG1191",1044,599,852,235,323,113,611,264,822,291,631,480,163,488,468,165,1271,876,477,639,255,691,1061,808,768,714,275,685,473,803,1022,619,303,554,1105,780,760,372,638,1442,369,702,296,725,377,264,978,253,647,593,460,326,704,826,458,423,1286,343,473,1097
"COG1192",1814,1226,1392,791,2131,762,1421,1539,1277,1156,1260,1437,1978,1380,1731,928,1370,1318,1469,1571,857,1362,1899,1730,1337,1384,641,1401,826,1569,1379,1032,1167,1266,1568,1304,1272,1293,1443,1516,1120,877,795,1597,1279,721,1228,1048,1416,1113,1085,970,930,1697,1440,1230,1114,1721,1379,1520
"COG1193",1086,741,888,796,517,1059,553,814,1100,522,730,793,1113,685,1186,649,1068,1132,876,1323,788,994,957,815,949,704,655,1044,700,974,976,832,602,364,1073,889,1080,1180,608,916,1013,815,940,1224,908,658,991,949,821,793,768,559,858,908,735,874,924,485,915,964
"COG1194",419,349,269,321,252,461,353,303,385,303,330,415,365,304,318,325,363,371,377,307,274,308,388,330,330,349,264,300,241,308,243,324,249,238,281,394,307,319,393,293,345,285,368,379,395,196,190,376,335,279,296,313,278,348,338,315,282,499,346,282
"COG1195",710,567,700,425,551,678,568,496,666,578,720,667,607,523,622,548,731,608,527,649,582,442,614,606,584,599,567,697,627,732,540,521,489,435,520,602,626,796,760,735,523,584,607,652,553,427,839,729,614,468,615,611,529,550,569,526,599,848,651,725
"COG1196",883,577,813,297,215,143,688,234,954,300,615,537,130,505,507,207,1262,827,364,884,256,673,1008,857,636,567,202,600,458,725,277,239,93,126,424,280,271,129,536,588,224,252,93,280,130,137,315,105,278,191,183,118,214,315,178,240,458,322,180,425
"COG1197",1460,1329,1317,1169,661,1587,1056,1436,1494,992,1195,1147,1414,1093,1642,1045,1527,1155,1084,1593,1002,1144,1413,1187,1335,1203,924,1327,1206,1289,1383,1139,821,723,1437,1331,1570,1587,1491,1693,1442,1394,1118,1472,1293,705,1151,1254,1337,1103,1088,886,1080,1169,1187,1335,1347,1749,1547,1464
"COG1198",1018,927,929,821,669,1209,912,997,1095,857,832,823,1075,1032,1127,654,1072,927,909,1047,804,962,872,945,999,910,667,988,709,887,952,924,848,568,1036,909,997,1104,991,1324,1102,944,775,1040,972,645,944,1047,923,768,807,773,770,939,800,1053,995,1091,1014,987
"COG1199",640,266,414,167,181,101,424,254,294,371,354,308,56,284,339,160,644,403,335,571,177,451,494,410,456,398,188,294,232,525,522,262,172,900,653,426,386,212,325,256,178,368,202,358,208,264,347,200,310,251,271,204,262,336,262,281,394,344,298,416
"COG1200",839,843,836,648,506,1169,712,935,1019,632,851,709,971,690,996,578,916,850,664,956,799,722,789,739,798,792,609,922,648,777,763,819,599,586,875,768,949,958,962,1243,912,855,658,1052,870,577,877,908,850,701,690,713,734,890,764,783,977,1255,1003,862
"COG1201",16,36,14,18,55,38,6,158,60,10,234,79,13,7,10,63,8,2,84,178,2,23,23,7,5,57,23,3,6,7,18,12,39,672,91,94,201,4,746,6,53,73,47,5,39,126,25,1,8,8,21,24,37,5,10,16,17,1288,9,29
"COG1203",393,231,476,292,259,352,334,606,444,75,657,496,346,308,684,286,550,257,641,865,295,489,602,650,363,361,337,920,372,591,469,298,302,559,299,196,402,143,180,642,235,351,315,456,244,407,302,206,326,237,243,195,756,489,292,200,263,1239,229,522
"COG1204",106,102,313,269,382,15,249,118,129,169,96,303,299,102,27,166,136,22,171,176,373,149,98,381,106,301,252,233,180,181,47,30,30,14,33,81,20,29,47,61,83,32,187,123,26,17,146,108,35,57,25,83,50,50,49,49,53,27,81,105
"COG1205",291,68,305,227,426,20,33,128,450,68,142,175,932,88,70,75,147,134,35,58,221,31,74,97,166,195,258,26,238,976,128,121,265,15,105,385,509,80,11,187,73,84,47,1386,627,774,234,389,22,271,122,59,55,209,53,144,45,30,25,508
"COG1206",104,134,153,38,18,13,161,40,288,65,122,131,33,122,88,34,258,143,62,248,37,97,269,116,52,69,38,63,64,125,121,85,48,4,251,180,152,72,192,223,117,122,89,94,64,75,175,35,176,72,112,34,80,104,88,120,152,74,135,227
"COG1207",136,118,181,80,56,71,137,160,273,148,190,222,62,85,88,83,203,126,118,431,77,150,238,185,164,145,69,107,89,135,155,100,67,218,146,175,190,83,439,92,151,150,106,143,99,160,116,91,235,88,90,91,114,100,88,169,164,505,101,177
"COG1208",439,729,478,663,665,441,641,689,410,625,856,599,473,525,428,939,454,560,591,478,714,749,707,659,475,612,798,604,704,678,531,452,642,147,443,527,493,1426,355,358,510,573,574,286,969,521,666,715,562,791,639,758,627,444,707,654,371,55,415,523
"COG1209",393,420,456,456,942,267,362,454,518,616,451,476,904,481,430,638,379,422,466,304,401,389,449,465,434,481,531,409,559,382,441,500,476,248,446,446,461,517,501,330,379,424,487,278,490,507,463,545,370,585,481,496,551,486,431,535,529,292,429,473
"COG1210",157,59,165,55,161,339,125,345,257,211,95,236,326,97,410,109,149,92,142,562,40,68,176,158,83,111,61,175,64,210,74,69,114,429,51,136,225,520,270,78,131,116,70,214,169,111,75,238,105,54,87,40,142,59,55,141,84,163,235,113
"COG1211",533,500,513,381,467,749,409,600,683,365,605,496,971,514,792,376,543,461,571,749,320,484,398,535,557,550,420,608,402,546,567,464,473,203,473,496,497,789,486,357,499,425,565,707,573,404,564,911,577,562,413,405,502,651,571,399,659,541,903,540
"COG1212",79,245,213,267,288,255,230,314,225,228,230,268,281,216,260,354,139,194,264,207,351,176,148,245,151,229,354,227,295,262,168,234,345,139,200,207,246,369,140,186,263,233,255,172,299,247,90,331,197,192,253,311,287,207,252,289,155,75,294,164
"COG1213",3,98,32,145,56,2,10,21,40,41,26,54,3,46,4,54,16,32,22,3,24,47,118,19,83,58,50,126,40,47,85,69,18,14,26,55,67,13,1,38,37,46,246,10,14,231,99,46,31,83,78,160,62,86,33,53,38,4,67,51
"COG1214",420,350,382,299,333,409,370,391,398,328,349,326,507,365,406,347,415,355,321,426,342,358,355,375,381,324,270,388,323,364,390,370,297,163,419,350,361,484,309,523,364,332,286,391,381,267,438,409,331,282,320,340,369,341,347,351,399,313,422,428
"COG1215",251,652,578,902,569,317,545,665,473,680,808,471,441,658,457,891,342,688,484,760,708,561,444,551,484,756,913,366,787,418,384,818,790,847,410,656,485,355,555,737,690,517,738,361,722,677,387,456,650,640,857,834,779,677,827,600,571,1408,577,408
"COG1216",771,825,1180,1038,1958,1114,1411,987,857,868,1205,1057,1197,1041,814,1526,808,1048,969,643,1191,1163,1284,1284,1039,1158,1392,1096,1201,1028,1051,1077,1203,650,773,1129,872,2003,1027,677,974,1254,1297,979,1296,778,1255,1454,938,1431,1150,1275,774,1377,842,917,1189,1387,753,834
"COG1217",897,891,762,713,715,1149,986,986,976,771,831,836,977,974,1009,679,848,778,851,983,882,853,850,882,931,737,709,956,770,798,982,828,1025,524,1051,838,1036,894,950,1204,916,938,679,761,816,558,875,881,880,741,879,853,735,862,857,981,952,895,994,901
"COG1218",31,235,82,222,244,45,213,120,86,218,225,139,22,214,18,240,86,211,238,37,266,163,133,95,164,170,232,98,222,61,96,220,282,145,120,159,114,34,34,160,167,163,243,17,193,148,107,123,177,129,192,256,171,242,232,203,115,45,153,126
"COG1219",936,591,876,572,613,826,713,664,805,543,787,714,719,606,831,547,870,788,656,809,558,740,711,825,828,734,594,769,675,847,866,711,616,492,894,644,771,884,853,816,628,817,571,892,670,477,795,687,648,658,597,664,664,774,627,629,946,950,696,765
"COG1220",10,10,49,16,26,20,38,85,66,79,14,105,13,14,40,36,24,2,59,203,25,17,8,56,58,34,32,6,28,13,20,16,19,301,15,14,43,16,157,34,41,28,28,18,22,90,12,26,10,3,20,7,37,47,18,89,4,104,31,44
"COG1221",493,69,370,55,49,71,75,70,45,432,73,268,65,49,138,73,207,158,111,43,145,12,102,289,103,42,32,121,149,52,34,32,36,397,49,150,174,24,266,84,53,93,100,171,137,193,39,44,117,76,70,121,78,58,63,74,62,166,127,396
"COG1225",186,161,188,173,285,221,170,179,146,204,258,187,137,133,156,249,131,211,225,203,240,173,144,172,177,218,245,253,233,225,156,184,218,202,129,144,199,313,147,155,146,154,212,239,233,169,209,199,176,154,189,299,166,179,201,185,152,294,187,160
"COG1226",105,308,227,275,376,120,302,229,173,441,195,226,39,223,55,307,154,203,411,192,274,211,174,184,194,248,343,126,237,175,142,177,311,943,214,184,199,62,81,143,165,241,135,80,212,289,86,260,271,216,219,265,283,184,194,225,98,296,304,232
"COG1227",711,223,388,122,190,101,422,153,353,185,210,231,24,318,244,91,507,285,220,405,137,352,538,454,320,375,79,247,188,332,341,250,124,149,380,274,339,137,250,855,184,335,147,344,170,192,350,140,218,321,216,201,264,371,249,254,543,211,273,395
"COG1228",406,502,293,459,402,184,334,128,454,250,404,290,46,402,126,504,317,453,288,216,471,462,366,301,208,451,393,303,507,316,437,462,472,196,376,447,292,113,372,262,449,487,351,230,386,504,380,259,530,380,549,512,478,361,442,399,413,247,332,235
"COG1230",22,120,46,108,112,66,30,64,43,196,104,74,14,37,20,76,27,28,191,185,58,67,34,62,151,56,75,26,51,46,34,134,36,155,99,84,141,11,149,64,107,22,141,19,51,90,36,11,27,94,70,27,261,29,45,92,22,369,50,130
"COG1232",107,153,54,250,440,25,36,29,86,40,279,154,17,79,44,343,122,114,131,98,43,125,45,41,85,116,231,180,158,134,213,99,139,39,103,178,73,31,343,610,118,165,163,42,302,111,160,52,54,292,51,86,247,75,85,69,219,668,73,195
"COG1233",10,117,56,57,111,8,148,67,40,71,55,50,308,187,8,57,63,35,23,3,62,126,107,102,56,45,120,56,61,33,63,104,100,0,31,79,6,73,26,111,152,21,35,17,102,198,15,61,65,117,69,104,119,76,47,114,39,12,49,16
"COG1234",590,357,483,348,362,564,393,482,320,396,306,397,536,366,510,348,487,339,481,389,404,432,384,448,436,425,348,476,332,472,449,324,328,343,337,341,504,580,369,390,364,405,379,552,396,352,496,473,345,389,363,457,439,448,361,390,400,232,378,500
"COG1235",477,644,614,556,574,832,507,608,629,621,720,889,768,599,736,709,502,619,484,621,672,522,473,622,734,579,641,733,634,691,734,628,639,311,560,544,667,810,399,646,621,554,612,578,735,429,853,810,594,442,595,621,499,589,582,547,562,188,795,924
"COG1236",441,213,310,156,76,57,316,123,307,111,186,162,58,230,227,86,406,281,177,200,125,247,406,268,305,208,132,205,168,311,323,236,164,172,502,185,295,106,220,405,152,307,91,226,156,105,261,118,342,208,203,176,229,228,255,173,353,120,302,515
"COG1237",79,65,127,85,194,25,70,211,43,53,40,70,259,69,24,94,22,72,99,132,63,53,88,111,27,76,103,56,87,54,65,134,72,96,50,72,22,319,23,43,123,50,120,5,144,248,37,41,40,75,82,70,141,89,65,84,44,23,25,42
"COG1238",75,178,108,157,95,297,145,239,131,169,134,135,208,161,135,190,57,170,159,102,205,136,76,118,166,130,200,160,183,112,85,203,215,39,79,113,162,224,16,87,167,106,240,140,210,87,191,192,167,138,175,185,111,146,199,162,116,20,176,111
"COG1239",9,11,16,14,19,10,31,19,122,8,55,14,3,14,38,13,19,13,18,48,4,23,31,70,5,10,9,6,23,3,20,14,13,0,45,20,27,32,29,53,16,21,21,19,13,140,12,24,12,6,11,9,55,4,17,97,130,14,1,13
"COG1240",9,2,7,4,21,8,26,22,97,7,21,2,0,9,29,1,17,15,10,24,7,41,5,45,2,7,6,7,8,11,18,11,7,0,54,6,11,23,18,32,9,14,8,19,17,103,7,9,6,2,8,4,19,1,9,50,100,15,1,10
"COG1242",408,309,312,289,286,468,234,302,335,291,328,325,335,189,325,312,397,299,364,287,376,323,202,304,365,345,291,395,307,325,328,287,234,236,273,373,353,328,284,541,270,362,325,327,311,275,412,399,341,252,291,335,310,268,293,272,367,136,261,473
"COG1243",11,27,54,14,4,18,9,20,73,20,58,58,22,22,21,24,117,38,29,46,7,23,33,43,24,49,30,47,22,49,39,33,24,0,92,89,66,23,83,176,63,36,27,35,18,53,113,37,105,10,24,22,36,33,23,99,73,4,33,118
"COG1246",7,18,20,26,17,26,15,41,25,53,3,44,15,11,7,21,4,7,47,2,16,26,38,34,22,45,27,29,24,31,5,11,22,249,9,5,4,0,3,11,32,19,18,3,20,38,6,11,11,12,19,16,29,11,22,23,15,41,35,14
"COG1247",234,178,204,118,157,70,293,150,240,210,248,187,47,208,94,124,268,175,271,283,194,211,320,211,242,202,161,139,149,236,262,171,183,93,240,150,305,96,278,158,166,287,181,133,148,117,218,189,180,174,158,289,197,242,172,181,204,324,169,245
"COG1249",170,659,468,1190,1038,364,677,386,436,856,662,647,91,819,117,1235,337,704,877,563,922,718,499,409,472,835,1059,401,1003,315,450,916,948,1070,400,730,495,206,472,490,871,847,901,174,737,937,488,459,724,768,1072,883,1072,687,981,760,459,768,506,377
"COG1250",203,118,148,123,52,78,129,141,185,320,88,249,54,139,103,107,199,213,228,246,94,136,230,170,210,194,130,85,117,165,229,132,243,925,253,192,180,83,372,121,121,196,160,129,147,153,142,101,111,126,138,77,253,170,166,135,191,451,104,123
"COG1251",17,7,6,15,78,48,30,59,18,265,9,47,14,30,4,76,57,22,87,6,34,16,32,38,39,58,43,6,26,10,16,10,33,597,4,32,7,3,15,5,20,12,37,38,20,120,18,15,23,12,27,23,53,45,44,10,6,187,8,24
"COG1252",48,114,115,252,163,125,41,342,111,108,63,146,376,116,222,235,35,129,149,241,67,131,40,101,87,92,251,115,181,121,61,78,36,78,20,40,16,122,14,30,61,29,82,33,72,49,48,42,36,106,66,40,80,53,47,25,31,60,76,13
"COG1253",1045,1219,1292,1157,1004,1612,1146,1229,1228,1103,1268,1313,1392,1049,1335,1185,946,1182,1055,1334,1427,1104,1002,1265,1163,1366,1153,1425,1058,1187,1213,1178,1105,774,1119,1192,1144,1674,1260,1003,1392,1142,1391,1268,1375,1019,1285,1358,1112,958,1223,1261,1050,1154,1077,1129,1124,1485,1334,1175
"COG1254",123,21,37,9,9,17,71,11,26,30,33,28,7,30,57,14,91,40,25,81,19,39,35,38,34,31,14,46,16,30,36,39,13,52,51,39,47,12,120,24,24,49,12,62,21,26,37,16,37,48,19,11,21,33,25,12,48,126,18,60
"COG1256",446,203,342,162,207,31,115,209,229,78,199,103,27,114,200,39,255,255,209,211,69,415,49,286,590,329,91,415,224,267,445,159,47,276,212,36,321,124,119,104,34,297,48,343,152,102,251,129,172,251,95,73,264,401,79,139,646,30,142,183
"COG1257",7,0,1,4,0,4,3,0,3,1,1,3,0,9,4,18,11,0,9,173,1,2,5,0,2,6,0,4,0,0,1,3,1,1,4,3,7,0,67,0,12,0,23,9,7,6,0,3,0,2,4,0,8,0,5,2,0,64,0,3
"COG1259",7,87,47,147,117,224,72,22,59,30,96,53,22,108,4,126,26,126,137,13,166,89,46,41,70,97,139,193,115,32,127,146,163,2,47,71,52,2,22,67,119,75,115,9,99,98,47,68,127,143,89,77,140,86,101,103,84,13,92,42
"COG1260",148,307,209,260,192,635,192,474,196,275,247,266,670,283,568,232,97,221,133,288,330,178,139,195,176,204,301,375,305,270,75,100,133,0,55,80,84,303,17,59,119,79,65,103,179,82,148,154,98,87,90,147,44,112,120,95,73,126,167,55
"COG1261",0,0,0,3,2,3,3,32,0,1,1,11,2,1,0,8,3,1,9,3,2,0,3,0,1,5,7,0,1,9,0,2,3,78,0,1,1,0,0,1,0,0,1,0,6,9,0,1,1,1,2,6,6,2,0,1,0,22,1,0
"COG1262",117,378,316,904,334,1019,512,384,458,176,223,391,1269,550,381,325,148,117,359,295,207,801,227,201,163,429,429,625,392,432,351,290,393,5,187,255,183,632,72,279,488,370,549,1170,480,332,208,648,360,708,262,401,102,199,529,318,266,48,838,128
"COG1263",2217,328,546,360,463,400,808,417,528,1500,535,879,209,721,743,589,1161,784,707,2012,381,816,1964,596,894,887,283,312,415,585,721,534,829,3428,695,918,688,376,1967,399,336,843,532,997,393,1150,441,483,356,434,864,602,892,416,607,1047,654,1874,699,916
"COG1264",2169,293,557,335,371,358,761,378,488,1327,540,803,183,653,587,567,1104,835,631,1845,340,727,1697,574,791,843,275,306,365,528,673,501,708,3269,632,787,592,342,1852,364,294,721,513,888,442,1013,427,450,348,408,830,451,811,373,586,881,641,1789,562,824
"COG1266",562,397,480,382,493,1029,394,457,454,356,419,346,641,541,522,344,556,469,458,363,368,551,332,391,561,431,361,1021,351,360,449,428,480,261,433,343,439,597,278,297,369,504,394,530,421,308,616,658,419,452,419,415,546,439,336,293,449,213,486,470
"COG1267",25,144,121,97,37,206,74,161,90,92,124,78,123,93,183,93,45,117,99,106,106,48,62,49,62,125,114,86,108,85,67,99,138,105,42,74,46,229,10,63,78,100,70,150,101,98,74,70,64,39,113,127,79,90,100,103,66,25,149,33
"COG1268",287,134,210,77,122,50,148,63,247,82,173,176,32,111,135,83,296,160,144,206,96,168,205,200,182,168,47,159,111,153,224,98,56,148,192,197,216,90,365,131,104,231,75,139,89,81,161,73,174,131,90,150,144,148,121,113,226,296,109,197
"COG1269",553,515,386,449,515,169,448,280,469,473,669,531,53,615,166,568,617,483,583,259,618,446,539,451,427,571,580,234,537,457,159,222,249,155,227,326,197,72,156,245,191,219,245,75,195,204,149,144,157,182,239,259,244,220,299,258,141,143,186,220
"COG1270",239,210,211,244,147,53,209,150,234,228,249,142,28,184,116,234,228,299,176,224,286,284,267,182,191,305,287,149,306,172,246,194,161,78,181,143,222,66,197,139,158,313,231,120,192,239,165,183,312,239,316,283,189,194,262,214,271,85,202,223
"COG1271",115,385,259,375,194,211,235,391,233,470,286,306,392,282,425,421,164,298,326,370,475,262,190,251,245,275,410,199,458,238,226,285,382,212,190,286,341,370,51,203,423,363,379,247,401,196,344,353,319,270,454,333,291,263,438,373,196,123,400,242
"COG1272",293,107,288,229,246,285,242,143,198,199,286,261,247,223,178,237,264,167,192,214,257,243,182,283,187,269,176,243,220,247,185,169,223,150,213,279,187,259,352,349,199,217,182,288,213,262,329,249,204,237,151,230,280,193,252,217,226,609,196,222
"COG1273",0,2,0,1,3,19,0,0,0,0,0,0,0,2,0,2,7,1,5,0,0,0,1,0,0,2,1,3,2,0,8,0,1,61,1,0,0,0,0,5,1,0,5,0,1,12,0,12,0,3,0,0,11,1,2,1,0,5,1,48
"COG1274",4,144,48,9,4,0,1,6,154,8,63,56,31,22,33,3,20,58,26,3,23,24,65,32,40,23,19,102,22,76,85,55,28,2,106,115,32,13,4,41,65,26,21,17,22,0,15,2,133,16,37,1,19,11,28,30,52,2,95,75
"COG1275",27,7,33,23,17,16,16,6,15,87,2,39,3,19,28,10,23,3,43,3,23,22,25,41,32,53,19,14,22,22,6,11,16,131,8,19,18,8,49,5,24,9,27,14,17,127,7,28,8,12,17,13,25,13,26,95,23,35,14,10
"COG1276",1,0,0,3,8,5,0,14,3,49,0,11,1,2,1,6,4,0,21,3,8,1,1,0,0,8,5,0,4,0,0,0,5,102,0,5,0,0,0,0,3,1,4,0,2,10,2,1,3,1,2,0,19,1,3,0,0,18,0,0
"COG1277",238,179,146,165,149,29,138,50,125,122,185,140,22,145,88,158,225,195,116,164,121,184,277,133,108,186,157,128,136,113,182,248,183,239,197,261,100,39,126,306,141,137,201,98,138,212,178,69,140,251,172,122,190,241,258,167,202,161,168,278
"COG1278",85,31,77,33,66,32,36,32,49,71,59,123,21,29,31,68,68,53,91,110,35,38,29,101,66,51,57,43,40,82,62,37,17,329,53,40,78,29,145,89,41,38,79,53,50,131,59,67,35,44,30,48,65,29,36,55,81,241,28,58
"COG1279",3,12,43,17,14,16,2,45,24,54,36,69,13,8,9,26,22,12,31,42,21,16,26,36,21,21,21,7,12,18,5,8,6,51,2,9,14,0,77,2,13,4,16,4,4,22,3,4,1,4,6,4,9,5,15,13,9,11,8,14
"COG1280",24,166,63,96,96,70,100,73,65,304,153,402,23,127,26,206,57,132,136,41,195,104,97,66,101,203,160,44,170,44,39,132,176,373,36,92,41,29,23,112,115,181,156,19,121,130,57,64,77,67,219,209,168,107,186,138,73,44,103,26
"COG1281",322,181,264,93,100,63,194,134,264,158,196,211,46,200,164,91,324,188,195,327,99,202,241,255,262,200,91,194,164,283,277,154,93,312,332,256,246,112,269,292,140,229,125,222,129,120,256,99,241,163,134,131,259,239,143,179,309,160,157,328
"COG1282",7,0,0,14,11,19,9,74,8,43,53,28,10,4,7,10,14,1,28,39,7,5,3,0,26,25,12,1,8,11,10,1,1,150,3,26,30,6,187,2,25,7,2,10,7,12,4,3,13,0,5,3,19,4,4,0,1,437,3,3
"COG1283",1512,913,1212,901,914,1118,1284,1239,1088,800,1022,890,1772,1122,1523,925,1194,1132,1050,1001,886,1136,1289,1049,1105,1071,840,1145,1005,1310,1269,929,1016,634,1210,981,1075,1534,561,649,1058,1109,984,1699,1111,735,1042,1312,1154,1150,940,940,894,1081,979,968,1153,425,1317,1050
"COG1284",1356,980,1170,837,806,1065,1206,1093,1132,791,991,1068,1400,940,1403,867,1248,1093,1057,1106,1122,990,1290,1161,1007,916,756,933,938,1230,1042,968,1127,676,1189,953,1231,1376,808,1292,957,991,1041,1258,1031,847,1214,1409,1066,913,1032,1108,887,1066,1104,1011,1113,600,1084,1221
"COG1285",118,150,228,128,195,229,131,152,308,191,150,241,280,110,128,200,195,117,219,221,148,113,85,243,207,151,133,148,127,185,76,41,49,164,99,55,83,81,140,42,74,24,104,85,70,82,73,70,54,72,59,53,100,40,55,61,46,49,53,84
"COG1286",5,49,10,3,8,13,8,33,15,41,1,22,6,4,9,15,16,6,18,2,21,23,6,20,26,13,3,4,6,9,7,17,9,101,6,13,4,2,11,17,23,5,50,12,25,19,9,0,9,9,14,1,10,7,12,14,0,26,9,8
"COG1287",0,0,2,0,0,0,1,3,3,2,0,3,2,2,0,0,0,0,3,0,0,2,3,3,0,0,0,2,4,2,0,2,3,0,6,0,2,0,0,5,2,5,2,1,7,0,1,1,0,0,4,1,6,3,3,3,3,0,1,1
"COG1288",209,106,142,127,268,122,424,103,178,248,120,158,43,139,67,380,178,142,210,399,149,142,105,264,215,231,129,144,223,178,173,88,123,1230,86,195,112,47,368,147,123,121,273,154,177,474,111,149,135,205,128,555,290,88,214,300,119,122,94,121
"COG1289",16,0,3,42,70,104,38,90,28,541,5,134,50,33,8,154,70,9,206,22,62,20,40,13,69,124,117,3,47,4,2,25,48,1412,26,33,2,14,0,140,42,22,14,41,46,223,51,22,30,10,18,32,95,25,44,22,22,158,12,48
"COG1290",0,0,0,0,2,0,1,1,0,3,0,0,0,1,0,0,0,0,6,0,2,1,2,0,0,0,0,0,6,0,1,1,2,4,0,0,2,0,0,4,0,0,0,3,1,0,0,0,0,1,6,0,12,0,4,0,0,0,2,0
"COG1291",68,61,73,26,99,16,20,53,48,16,53,45,6,20,20,21,45,105,68,36,25,82,24,74,81,80,34,135,64,84,120,36,16,226,65,15,35,26,10,23,10,51,37,59,57,60,70,30,48,29,14,14,64,102,15,25,141,21,40,51
"COG1292",128,53,111,120,138,81,107,165,168,192,70,209,34,80,142,205,256,81,201,280,90,145,76,157,118,131,274,110,118,80,73,46,104,950,48,66,164,63,402,178,80,149,81,174,102,345,85,71,112,162,83,173,198,52,171,51,90,87,77,35
"COG1293",477,249,448,155,156,47,285,109,434,162,297,274,57,230,301,92,606,353,193,425,121,393,528,389,315,363,116,363,231,447,445,263,135,138,529,295,377,172,384,435,224,377,140,317,202,185,419,126,305,256,239,138,324,334,230,285,490,212,262,456
"COG1294",94,344,227,309,292,271,291,417,226,411,322,350,281,335,283,417,172,252,345,274,472,280,201,290,226,324,355,187,363,225,208,313,366,279,176,283,256,364,74,240,347,293,377,253,330,249,287,362,273,244,419,436,229,277,402,368,162,137,350,205
"COG1295",318,417,436,405,416,301,283,563,402,435,374,403,546,290,508,471,359,408,533,436,499,389,232,395,411,435,375,257,461,456,396,403,320,397,356,407,482,611,225,438,484,406,436,336,522,348,586,493,355,387,484,357,451,421,423,451,402,213,407,384
"COG1296",364,197,262,85,143,76,154,122,249,246,193,220,46,219,177,78,335,208,135,287,99,243,254,216,274,170,85,138,159,238,303,165,106,255,278,217,236,132,275,142,160,225,101,249,163,151,194,118,175,187,165,181,217,201,151,152,257,423,161,257
"COG1297",433,465,312,473,276,864,473,606,481,326,381,452,618,398,644,416,325,408,294,629,477,480,294,398,452,477,358,469,431,366,409,389,448,71,329,425,496,628,560,301,509,443,387,635,514,279,455,467,313,388,544,422,421,469,540,468,447,151,565,392
"COG1298",217,119,187,98,141,25,37,154,111,36,112,98,9,58,105,45,135,196,109,79,63,223,41,154,265,164,72,309,127,183,309,86,33,356,184,40,137,70,51,66,30,135,51,175,118,155,169,63,78,101,62,43,161,207,54,87,300,22,66,117
"COG1299",541,166,482,178,197,138,316,275,314,307,278,293,80,266,289,230,657,339,335,604,150,355,404,337,497,381,195,288,265,322,423,171,192,1224,500,437,370,150,653,207,181,367,173,301,230,439,392,191,381,276,224,231,404,252,239,456,440,381,242,434
"COG1300",0,46,49,125,122,2,18,9,32,37,26,43,106,67,8,83,51,50,73,3,48,51,44,39,11,81,97,43,89,26,14,124,45,2,34,86,9,1,0,174,75,10,34,87,48,120,59,45,44,88,69,40,149,70,44,47,56,10,31,83
"COG1301",907,422,746,555,420,452,648,829,626,806,317,867,696,610,989,746,688,431,417,858,566,506,718,714,581,616,414,443,643,614,173,169,190,466,160,252,245,387,343,254,222,213,268,323,297,354,188,253,225,211,193,236,199,140,258,361,190,124,288,208
"COG1302",272,158,256,72,103,24,125,66,253,109,181,171,55,158,113,46,294,221,145,267,101,185,270,239,211,188,65,182,114,258,276,154,95,87,322,175,201,86,254,199,119,197,86,189,85,95,195,109,153,147,141,99,197,215,148,114,304,155,139,258
"COG1304",118,66,82,73,21,64,85,69,113,187,55,144,17,117,74,103,123,76,106,390,65,70,262,119,92,103,57,65,48,109,71,106,63,251,143,78,104,29,198,73,104,132,71,63,56,139,65,45,53,49,81,65,91,61,105,108,101,227,72,67
"COG1305",495,424,488,357,304,529,374,142,443,269,715,412,296,524,811,348,471,432,253,265,337,595,400,334,409,569,354,471,410,524,618,519,421,166,609,516,468,152,814,305,429,544,436,515,292,193,368,159,284,458,506,479,366,558,447,405,511,1161,364,416
"COG1306",64,13,27,2,19,3,11,4,36,27,7,7,3,11,11,13,9,32,7,4,6,3,27,58,8,12,7,12,35,49,37,21,13,61,65,10,17,3,0,11,12,8,49,39,15,101,33,19,14,10,6,18,12,11,27,78,18,1,7,15
"COG1307",1336,652,930,302,337,100,729,311,924,428,669,575,168,607,625,162,1282,971,482,883,254,831,1097,757,881,767,274,760,570,910,1115,604,382,405,1085,788,710,376,517,485,493,784,399,855,506,300,715,362,694,736,546,317,594,882,658,605,1075,496,553,944
"COG1309",1022,728,999,627,884,243,494,414,1035,1234,1098,1002,336,454,433,603,1219,784,799,790,649,687,851,1050,772,785,655,665,703,1171,1090,715,602,2162,1034,1089,720,297,1172,1138,604,732,941,697,529,1104,938,347,776,640,540,368,845,730,692,535,1009,1406,640,1055
"COG1310",48,11,59,20,19,10,15,18,28,6,40,8,4,9,167,14,47,20,28,21,8,50,7,36,53,161,16,26,32,16,41,20,6,41,16,52,65,25,38,10,25,53,4,33,7,11,38,20,23,11,4,29,44,34,10,23,103,19,19,45
"COG1312",442,474,377,608,533,629,578,476,321,637,378,335,518,500,395,492,340,598,376,367,570,452,606,339,399,443,551,402,532,398,427,505,523,471,347,408,415,355,269,239,492,546,398,451,441,484,221,575,662,640,747,688,410,512,462,551,222,156,410,373
"COG1313",212,127,225,47,50,29,154,57,276,68,123,132,37,119,100,39,259,180,92,165,70,141,205,199,189,141,52,158,106,237,234,170,63,53,239,164,211,114,194,399,105,171,47,151,95,53,219,39,190,112,105,101,132,174,95,75,255,39,155,228
"COG1314",20,3,5,5,10,11,14,26,21,52,5,30,19,12,6,6,10,7,33,16,5,12,2,8,14,26,8,1,5,9,8,5,6,90,4,19,9,5,13,6,8,6,15,22,19,24,14,7,19,4,8,8,7,11,3,14,21,21,6,6
"COG1315",261,86,191,73,146,10,71,60,97,53,111,54,8,48,81,21,106,213,91,107,34,230,18,150,274,219,34,283,128,107,251,77,23,126,107,32,227,52,22,74,13,85,35,196,80,46,184,63,117,150,55,37,110,208,58,79,365,3,77,138
"COG1316",837,397,832,182,332,126,351,184,657,236,576,431,129,346,354,227,1024,492,435,721,257,447,358,697,649,601,182,404,359,595,621,406,174,713,845,529,617,252,1195,1060,299,524,360,600,216,352,646,232,707,418,270,348,543,482,363,430,737,1035,417,813
"COG1317",9,14,9,8,3,12,5,7,5,5,7,15,0,9,4,12,3,11,24,2,7,11,10,8,9,16,15,59,13,7,33,12,3,91,2,4,3,7,0,17,3,8,4,17,12,9,23,7,6,24,7,2,24,28,12,12,19,8,7,14
"COG1319",336,92,191,46,237,45,172,84,179,108,91,169,30,124,116,139,247,146,155,291,65,165,192,141,184,142,65,99,105,98,143,96,106,661,177,125,167,77,328,96,79,194,100,143,105,305,74,88,97,98,113,167,208,142,127,161,226,149,80,99
"COG1320",4,6,3,6,0,4,1,5,1,4,1,0,7,2,1,0,0,5,0,0,5,5,8,8,1,5,3,2,3,8,2,1,3,0,4,4,2,0,0,4,11,2,16,4,8,6,3,11,6,3,5,4,1,3,8,8,8,0,0,1
"COG1321",279,142,188,64,114,31,125,99,255,118,185,125,56,104,129,51,238,179,144,109,54,178,196,171,163,138,68,136,86,176,204,109,67,219,226,210,136,86,166,216,95,138,115,173,99,82,173,69,167,106,106,84,142,125,107,105,219,106,145,281
"COG1322",176,325,282,351,254,627,394,517,427,362,316,389,520,355,448,347,280,345,352,364,377,297,406,339,298,293,325,455,317,311,363,429,356,265,285,425,434,570,379,367,530,337,363,320,470,229,417,371,403,282,393,332,281,357,374,357,305,457,515,287
"COG1323",307,154,266,91,88,51,233,91,264,92,207,170,36,149,135,89,392,233,139,334,89,228,388,271,200,230,80,219,142,282,284,163,74,99,415,226,221,88,319,406,143,246,111,242,117,134,288,93,226,161,155,121,174,205,150,172,282,169,163,347
"COG1324",1,2,0,2,1,7,1,11,3,31,0,10,6,1,1,8,0,0,8,0,2,3,4,4,4,8,7,1,7,0,2,0,4,104,7,5,4,0,0,34,2,6,2,0,5,17,16,3,3,2,3,5,10,3,3,2,3,8,3,4
"COG1327",154,115,178,44,60,40,122,68,174,92,168,160,40,103,75,50,195,182,117,199,67,128,110,182,161,107,51,112,90,176,177,86,94,155,158,155,145,76,328,72,107,134,61,107,71,98,145,57,100,112,79,73,125,136,103,112,195,348,105,160
"COG1328",1573,1472,1595,1082,846,1273,1467,1215,1470,1038,1114,1159,1111,1293,1276,973,1417,1150,901,1327,1230,1188,1301,1570,1325,1127,981,1325,1196,1964,1599,1281,1215,1034,1597,1313,1172,1061,1424,1718,1170,1189,1015,1142,1316,997,1387,1131,1213,1080,1084,1200,867,1156,1221,1417,2812,1405,1249,1438
"COG1329",0,28,43,8,1,9,2,10,26,7,44,44,9,3,9,11,26,26,6,16,10,8,12,34,4,17,6,7,3,27,12,22,11,0,47,17,45,0,128,121,17,7,29,9,4,9,21,18,10,3,7,20,7,16,25,9,48,228,18,57
"COG1330",7,1,0,11,16,26,30,86,13,120,0,46,6,11,5,41,13,3,58,8,18,5,4,0,56,54,29,1,7,0,0,2,12,308,2,5,1,10,1,0,5,7,6,25,20,35,16,8,14,2,1,4,20,5,8,1,1,30,10,0
"COG1331",1,4,2,0,32,2,0,0,6,0,4,7,0,2,0,20,0,10,1,0,1,10,9,8,1,1,2,7,5,1,3,1,19,121,3,6,1,0,0,6,4,1,107,2,12,57,2,0,3,1,3,4,11,1,8,5,2,1,2,3
"COG1332",63,6,13,13,0,5,0,20,37,3,24,35,1,2,13,0,48,2,64,65,6,14,3,51,21,25,3,22,24,16,22,26,1,0,30,3,57,7,133,13,11,1,7,31,2,0,32,37,0,0,15,9,31,33,16,9,39,1,7,39
"COG1333",6,17,77,201,44,11,79,36,46,30,17,79,8,78,8,99,7,28,34,26,38,122,38,18,13,112,125,42,24,42,45,75,50,0,19,133,14,8,2,40,119,23,154,4,62,320,9,29,48,196,67,51,20,42,54,58,30,6,32,17
"COG1335",203,116,248,128,242,89,161,359,183,316,168,226,43,159,113,128,268,200,179,255,192,146,206,234,179,185,111,160,113,211,224,103,118,486,239,145,160,413,359,213,141,157,196,156,100,294,192,127,111,160,133,262,185,121,138,219,192,405,101,181
"COG1336",0,6,0,0,67,0,4,0,0,3,0,0,0,2,0,0,0,1,0,15,0,0,0,1,0,1,11,1,0,0,2,0,7,0,1,0,0,0,0,5,0,0,6,0,1,15,3,0,0,12,1,0,0,0,0,0,1,0,0,3
"COG1337",50,4,10,7,0,4,1,12,29,2,10,17,3,2,10,7,39,2,28,26,6,13,3,14,26,8,2,21,18,10,12,10,1,21,17,7,47,14,104,14,7,0,13,32,8,7,22,60,1,2,23,12,19,38,11,53,19,0,4,24
"COG1338",98,50,93,44,64,8,15,73,38,16,49,28,9,36,44,24,68,74,55,51,34,92,19,80,106,66,32,121,57,37,100,37,22,167,41,12,64,31,20,36,16,56,27,86,26,84,57,35,32,44,26,16,73,84,28,40,165,18,31,60
"COG1342",117,171,109,65,49,15,46,55,104,33,39,84,24,50,64,16,114,91,105,104,145,66,67,86,109,67,116,44,39,90,93,88,143,13,155,82,45,29,158,47,96,83,53,66,108,88,27,110,122,115,55,102,183,36,58,109,46,30,92,70
"COG1343",78,53,81,48,31,60,61,96,39,12,103,124,65,56,104,67,82,53,159,101,74,85,104,116,70,53,74,204,81,120,72,63,64,68,50,38,82,10,106,107,18,55,89,101,43,76,61,59,53,43,30,72,164,102,58,45,53,17,24,74
"COG1344",766,284,511,296,255,19,171,465,268,111,241,225,46,188,414,47,445,500,378,366,156,541,48,360,980,457,139,658,405,379,793,173,57,468,440,45,488,197,160,139,37,314,85,567,212,145,442,247,302,421,142,133,380,527,110,274,863,34,229,298
"COG1345",129,109,126,81,71,9,74,149,108,28,70,49,24,49,100,25,104,125,115,87,44,244,24,126,205,123,40,148,97,110,210,65,26,190,100,21,87,65,28,71,17,86,42,144,72,64,121,92,95,118,39,21,110,193,40,90,205,18,62,68
"COG1346",316,283,302,246,240,325,314,342,269,283,198,236,331,287,399,222,305,332,265,313,258,281,280,251,347,324,251,300,246,291,292,302,250,132,297,235,254,322,126,177,268,252,286,246,301,211,283,365,295,274,291,270,317,270,277,245,285,100,296,256
"COG1347",35,188,100,188,168,353,150,241,148,175,197,166,158,175,117,190,66,125,143,57,259,140,110,143,132,136,193,174,185,113,129,191,223,2,120,139,163,181,24,118,187,165,226,75,180,133,181,200,160,144,196,279,126,183,231,194,86,17,132,124
"COG1348",149,32,48,40,42,31,23,21,35,46,75,126,8,27,46,33,88,42,56,182,37,62,98,106,16,49,32,59,43,93,34,46,41,72,50,74,53,9,200,41,66,144,28,48,46,113,46,17,64,41,43,26,117,29,55,58,62,17,23,55
"COG1349",760,344,611,285,524,219,471,277,343,856,426,669,141,453,310,520,641,485,704,476,520,409,436,529,428,493,464,318,479,344,359,270,441,1975,390,674,586,185,942,345,332,501,384,434,362,822,325,292,353,367,424,571,456,346,393,381,384,919,322,539
"COG1350",139,358,240,374,302,422,373,484,290,262,295,286,431,319,438,370,162,304,347,256,399,245,212,261,272,316,310,287,359,281,254,301,393,21,179,289,260,572,66,230,395,267,381,278,419,294,209,537,327,254,361,470,230,273,366,357,159,69,400,243
"COG1351",139,67,146,38,11,344,138,108,178,44,377,84,379,116,232,22,176,74,52,92,48,105,194,113,97,53,33,241,49,581,188,74,99,0,137,85,101,203,106,75,162,83,42,217,65,12,140,169,62,54,89,34,102,133,136,45,706,44,143,132
"COG1352",79,41,83,36,121,19,46,46,53,18,65,49,12,18,45,41,62,73,62,33,22,95,24,79,101,69,39,137,73,89,132,44,25,127,85,21,48,20,35,27,8,77,34,70,45,140,80,33,70,41,23,31,80,72,18,30,140,17,37,91
"COG1353",135,47,37,7,185,12,12,22,99,26,44,57,1,14,21,2,103,11,69,143,10,25,6,95,62,21,29,51,47,31,53,44,25,0,55,12,89,24,262,47,31,8,39,108,17,30,60,72,3,19,44,34,68,60,32,78,56,8,21,120
"COG1354",261,143,214,53,100,43,182,68,215,91,198,149,37,137,113,51,310,196,112,287,71,184,186,244,182,151,53,180,119,238,249,151,56,94,311,205,228,86,353,346,128,155,89,171,108,90,210,60,144,121,110,86,134,204,123,139,299,229,151,313
"COG1355",110,1,140,0,0,4,0,420,8,2,12,10,435,0,3,0,3,0,1,268,0,1,0,2,0,6,0,2,1,32,0,0,0,0,6,8,130,666,282,0,62,2,0,1,256,0,6,0,3,0,0,2,4,0,0,4,0,162,0,1
"COG1357",38,75,64,91,42,28,41,36,33,27,81,143,33,67,19,71,58,56,75,32,86,45,107,41,48,98,159,68,63,59,136,234,227,620,183,185,97,69,26,323,129,227,168,67,178,368,143,96,141,110,260,239,229,154,238,153,182,162,117,188
"COG1358",121,63,132,47,48,18,43,36,88,39,80,68,15,52,50,30,162,72,57,106,42,60,56,83,99,80,23,41,48,128,114,54,24,36,104,97,104,59,115,45,49,64,49,86,32,54,89,38,95,63,38,63,79,74,64,104,93,62,62,88
"COG1359",23,52,35,99,79,21,51,35,63,63,95,37,18,40,7,129,36,41,115,89,76,40,56,49,45,75,134,18,82,66,39,67,83,141,38,50,7,3,14,64,54,55,124,2,44,78,56,109,50,54,90,90,84,30,92,43,41,84,47,26
"COG1360",168,116,213,242,244,533,99,299,138,143,69,140,503,100,396,73,58,137,125,260,70,173,51,152,109,121,147,414,90,222,242,122,92,231,123,87,215,542,120,86,157,89,204,294,203,296,281,274,72,126,86,58,168,106,82,126,163,41,205,142
"COG1361",17,10,22,1,4,7,5,5,95,13,16,2,25,19,18,5,28,66,37,10,11,4,10,4,39,32,1,2,11,15,24,10,7,40,95,17,29,1,7,15,38,13,8,17,10,9,25,2,139,2,9,10,14,40,34,13,14,75,3,5
"COG1362",1043,476,814,227,210,680,626,521,844,302,425,481,526,417,975,239,831,560,339,768,384,560,753,677,627,467,130,602,365,607,829,376,194,353,827,513,596,823,757,595,416,642,314,821,505,192,660,610,557,430,334,347,509,494,359,399,833,343,595,678
"COG1363",333,208,129,135,123,347,88,69,244,96,205,201,83,142,134,78,278,210,189,132,101,153,198,144,174,168,123,214,205,190,259,121,129,483,387,269,171,94,188,117,203,212,128,197,150,346,213,115,239,130,120,238,214,161,157,299,127,165,218,227
"COG1364",426,247,359,79,102,52,194,90,339,104,266,173,46,281,207,50,409,253,165,203,110,311,414,245,341,228,89,227,169,319,386,202,112,127,429,342,336,140,426,159,174,345,98,244,131,70,236,104,232,192,167,151,284,246,184,187,363,306,285,298
"COG1366",153,100,122,80,64,18,86,25,117,56,72,91,29,75,73,31,206,128,88,56,52,114,159,105,114,114,65,76,75,138,152,72,42,64,174,147,127,76,100,89,76,130,46,95,47,65,100,81,99,88,77,79,113,114,76,82,136,101,76,185
"COG1368",1474,1170,1422,859,798,1833,630,1412,1140,1105,1281,1283,1539,989,1452,680,1523,1217,1210,1981,851,1074,837,1439,1276,903,877,1056,750,1204,1173,1083,677,665,1322,1157,1395,1776,2143,1417,1219,898,1204,1341,1309,693,768,1253,837,1337,794,917,978,1011,1177,1133,1154,1826,1113,1363
"COG1372",0,232,0,0,0,3,0,0,53,0,2,0,1,131,4,0,0,0,2,0,17,17,0,23,0,0,139,16,0,0,11,50,11,0,4,5,1,0,0,0,0,7,9300,6,4,0,2,0,0,5,0,0,1,1,24,0,6,0,4,92
"COG1373",3921,2093,4698,2723,2266,7253,1250,4489,3147,1960,2554,4004,11893,2429,11595,1973,2506,2137,2552,5339,2792,2237,1814,3726,2059,1672,2847,6252,1673,6901,2520,2352,1926,179,2538,2298,2251,11990,3972,2573,2574,1674,2089,8451,5618,2004,5075,11031,1682,3155,1954,1490,2226,2525,2105,2264,2890,3087,3152,2114
"COG1376",874,267,407,110,156,128,299,178,246,385,337,326,55,247,328,126,625,314,381,674,207,324,285,380,367,424,178,192,261,406,458,218,84,679,400,411,370,106,809,327,204,463,173,363,226,155,387,127,204,299,134,240,400,279,237,211,325,874,319,375
"COG1377",112,72,111,62,92,28,42,87,81,22,51,73,22,31,62,27,86,141,89,68,39,126,27,100,148,106,70,162,85,121,165,43,18,412,74,16,83,43,28,42,14,68,32,104,64,100,95,49,61,35,34,33,90,125,22,59,209,51,41,83
"COG1378",58,28,44,23,3,21,11,22,12,19,13,33,3,44,28,1,51,14,53,35,15,20,41,47,30,20,14,35,34,100,56,24,14,19,51,30,17,5,45,6,30,41,24,39,29,26,51,21,13,22,26,14,38,11,38,18,47,33,18,37
"COG1379",47,16,38,10,50,14,35,9,28,13,17,20,3,32,6,36,68,33,28,13,11,17,45,49,2,35,13,14,26,12,5,26,24,124,49,61,12,4,45,244,10,28,64,25,28,43,58,7,16,16,24,66,58,42,36,67,52,84,19,99
"COG1380",202,134,204,151,159,142,152,215,164,195,146,207,234,147,233,137,171,221,250,191,158,159,158,181,197,203,126,178,144,201,182,188,155,147,137,137,199,254,82,141,123,121,202,156,191,145,234,244,202,165,129,126,177,149,165,129,169,88,188,188
"COG1381",229,140,223,64,50,46,115,87,221,146,190,143,53,118,141,74,246,163,114,240,73,144,244,206,217,132,71,129,104,213,184,127,80,144,246,191,215,71,297,379,123,191,101,175,94,107,246,68,169,131,105,99,174,149,111,115,259,370,136,265
"COG1384",11,5,3,0,0,0,0,0,3,0,8,0,0,2,1,2,1,0,7,1,0,2,22,1,0,6,0,1,2,2,0,2,0,0,6,2,1,0,0,7,1,1,8,4,0,0,0,0,0,1,0,1,0,0,3,1,1,0,0,6
"COG1385",354,234,300,260,267,364,265,355,278,232,197,277,179,251,380,213,326,216,251,372,220,288,312,304,282,222,178,356,217,287,310,200,175,168,350,260,269,421,327,279,254,228,258,253,268,273,426,158,289,243,194,201,254,197,239,282,294,410,327,311
"COG1386",212,126,183,51,50,41,121,51,184,61,121,126,29,122,81,35,248,145,109,233,69,162,144,189,153,131,56,126,110,160,175,129,35,47,253,157,195,74,266,267,98,132,69,136,86,71,170,49,116,118,97,99,122,140,94,110,215,157,121,233
"COG1387",637,571,641,499,421,123,534,415,545,456,504,460,224,497,668,476,615,590,541,380,612,494,521,576,584,590,528,410,599,461,188,191,216,147,217,251,182,162,189,148,190,242,255,275,221,195,174,188,222,240,261,266,232,191,213,225,191,104,216,367
"COG1388",684,459,463,230,261,117,321,250,432,282,439,273,49,370,252,210,709,384,376,428,268,477,520,507,613,303,231,371,378,451,619,293,224,180,723,415,509,205,383,608,272,464,171,366,300,121,514,238,327,355,261,307,336,400,359,349,602,195,333,712
"COG1390",37,20,53,11,11,2,2,1,26,19,18,4,8,9,6,20,5,7,1,46,7,1,7,18,8,2,16,5,2,32,7,18,14,26,23,17,6,3,5,2,2,6,6,14,11,22,13,3,3,1,5,6,13,1,5,4,4,3,2,8
"COG1391",23,20,15,28,49,54,57,145,47,151,73,79,4,39,12,39,37,2,69,90,19,48,33,7,112,84,30,5,13,18,0,15,23,492,5,57,75,24,317,20,61,63,5,36,36,35,8,10,14,4,43,22,35,12,22,21,7,779,5,12
"COG1392",17,104,101,88,185,42,96,35,71,125,91,184,3,110,30,146,72,40,63,161,63,94,72,117,104,55,139,64,114,69,40,81,110,87,60,92,106,13,298,94,77,59,80,12,77,214,29,43,77,59,92,112,57,47,93,122,37,138,63,134
"COG1393",223,84,138,98,185,54,122,83,182,153,80,184,48,96,69,95,217,151,164,183,76,122,195,171,157,134,128,98,98,180,136,114,90,341,136,111,118,58,185,126,111,127,141,163,96,186,97,76,95,103,91,86,184,163,112,118,168,165,111,128
"COG1394",88,75,70,55,51,18,48,27,58,66,93,64,12,63,32,74,93,81,89,45,70,37,70,69,52,68,51,46,69,68,178,185,179,161,243,249,182,76,108,247,186,160,246,76,146,181,128,104,121,139,188,186,236,153,244,159,111,146,138,224
"COG1396",1096,788,1062,572,725,514,824,575,1212,918,896,1012,657,634,755,571,1414,1074,859,705,662,921,954,1169,992,851,556,927,716,1278,1176,870,585,1198,1203,1078,769,815,1009,1213,784,760,831,1176,725,647,1230,830,1067,835,707,721,847,944,885,795,1169,928,748,1251
"COG1397",182,148,196,152,121,689,174,243,439,107,218,357,700,249,498,204,98,152,265,296,259,194,106,394,197,172,53,171,75,312,215,184,213,221,203,61,641,686,260,295,353,172,594,967,226,179,154,484,67,167,113,138,78,329,124,74,215,240,252,335
"COG1399",183,103,182,47,69,41,100,79,153,89,180,169,46,85,107,51,215,163,122,229,76,128,174,151,160,121,55,100,92,188,65,34,18,64,68,64,85,37,129,24,37,61,30,56,25,19,44,19,45,30,25,29,52,29,51,50,43,171,33,63
"COG1401",463,200,395,288,90,19,254,677,411,316,565,659,375,74,1282,362,335,328,220,637,340,217,179,262,357,297,243,477,216,420,369,179,385,50,299,486,255,744,436,162,387,320,270,462,290,112,723,564,141,307,465,231,164,103,159,94,117,174,444,365
"COG1402",48,145,82,119,159,27,121,285,49,127,123,114,4,182,27,166,76,120,101,47,79,106,83,121,81,121,111,65,113,38,62,145,160,144,45,130,52,11,195,111,140,52,95,26,84,127,22,326,98,101,94,102,141,168,134,162,74,408,212,67
"COG1403",110,16,133,27,72,10,22,251,36,29,59,97,9,11,73,20,94,55,68,244,18,80,55,206,45,97,139,27,28,44,64,22,55,94,42,99,20,480,3,80,44,102,94,215,183,9,69,26,5,50,23,87,11,37,81,72,105,66,66,98
"COG1404",1376,1236,1103,1351,844,5246,1341,1125,1184,1004,1128,981,2104,1132,2009,1120,1280,1094,860,1391,1376,1208,952,1264,1393,1445,1305,1956,1467,1103,1416,1367,1098,617,1329,1237,1040,1704,1177,893,1510,1555,2294,1760,1268,1013,1326,1128,1214,1369,1417,1572,1257,1226,1286,1142,1014,710,1050,1050
"COG1406",12,0,13,4,15,0,9,5,2,4,9,2,0,2,1,0,14,15,2,13,1,18,0,6,10,16,0,30,7,3,40,10,0,0,2,1,32,7,0,7,0,13,1,19,6,0,22,5,20,18,7,6,17,23,4,9,39,0,16,19
"COG1408",711,657,710,695,605,585,511,1131,727,386,642,574,947,592,668,797,490,559,780,659,712,552,571,679,534,621,819,569,810,606,602,735,672,266,596,534,591,1411,388,602,695,687,647,760,804,602,576,928,663,679,716,715,642,587,585,556,417,186,1021,672
"COG1409",169,537,373,400,393,307,408,302,541,380,489,458,221,463,171,541,312,494,443,291,672,258,399,347,383,639,443,345,506,339,621,1170,1432,486,705,1322,1016,864,1048,745,844,1222,961,429,728,735,993,808,1302,783,1331,1462,1092,1121,1220,1147,927,814,1292,1054
"COG1410",938,1163,928,1085,933,1764,1241,1138,962,1167,1152,856,1168,1293,1163,1144,936,1110,1096,853,1259,1072,1128,875,1151,1229,1093,1036,1195,851,981,1025,1111,827,964,1038,982,1246,637,654,1103,1193,868,905,1196,792,1017,1282,1184,893,1326,1168,1085,1144,1149,1017,1006,351,1206,884
"COG1413",0,0,0,9,13,14,5,6,5,0,4,38,9,20,1,0,3,2,49,2,5,3,0,1,0,29,26,0,4,0,6,0,11,277,7,3,0,2,0,0,0,0,9,1,11,21,2,5,0,28,1,0,16,1,0,0,5,21,0,7
"COG1414",106,132,112,97,205,128,181,155,197,458,145,375,60,106,75,197,117,131,203,223,136,121,114,128,130,205,123,86,165,169,81,105,114,991,173,249,211,49,510,170,217,129,155,59,151,378,105,105,104,110,110,164,191,91,167,185,113,850,74,72
"COG1415",0,2,0,0,0,0,0,0,1,0,2,0,0,0,0,0,0,0,1,0,1,0,1,0,0,0,3,1,0,1,0,21,0,0,2,2,1,0,0,3,0,0,0,0,1,2,0,0,0,0,0,0,0,1,0,0,0,0,0,3
"COG1416",0,0,0,1,2,0,1,0,3,5,0,0,0,2,0,1,0,0,0,0,1,1,0,2,0,3,0,0,1,0,0,4,2,5,0,0,0,0,0,0,1,3,8,0,0,5,0,1,0,0,1,0,5,0,3,0,1,5,0,0
"COG1418",987,903,982,723,696,1149,868,835,1071,727,896,948,1018,931,1011,743,973,965,637,1195,883,906,1009,1014,754,824,663,1116,804,1057,1107,820,757,291,1107,953,983,1121,955,1325,910,883,739,962,926,625,1141,957,877,758,874,812,705,998,821,835,1100,901,1058,1062
"COG1419",108,52,125,46,51,0,35,90,80,21,60,33,12,23,32,6,59,103,44,49,21,132,7,103,151,94,34,128,76,114,123,68,5,0,69,9,90,39,30,31,6,65,10,89,57,0,77,27,54,42,38,16,69,145,23,34,204,0,37,58
"COG1420",409,203,311,82,107,52,244,76,342,127,251,231,48,201,186,65,441,255,152,411,109,283,408,322,249,199,73,235,173,326,373,218,91,92,490,270,309,109,334,471,196,282,136,252,141,135,309,83,261,223,152,125,188,293,185,172,422,449,210,387
"COG1424",49,7,27,5,6,6,5,36,33,24,8,13,0,4,19,5,6,0,4,63,9,2,10,23,3,5,1,10,16,9,1,7,6,0,18,3,22,7,9,6,12,8,11,7,15,13,1,21,8,1,11,4,8,6,23,9,10,5,6,6
"COG1426",9,8,16,7,11,23,8,107,22,41,4,47,5,9,13,16,22,4,35,154,26,5,8,49,20,19,15,12,14,23,6,7,12,102,17,7,10,7,77,7,14,8,29,21,0,24,5,4,4,11,3,14,23,6,14,8,12,86,7,32
"COG1427",0,9,43,0,0,1,0,23,44,2,12,96,1,21,6,4,14,7,0,0,34,10,6,87,0,11,0,0,3,25,4,11,2,0,12,41,12,0,6,34,45,13,44,1,21,0,6,12,1,0,26,2,0,27,29,44,18,0,26,47
"COG1428",100,10,160,1,3,453,5,300,117,6,9,143,547,18,475,2,13,10,7,384,11,12,3,137,11,21,0,209,3,193,5,19,3,5,7,31,44,648,24,29,109,1,66,354,189,4,204,284,9,4,22,0,1,15,22,29,57,87,212,7
"COG1429",162,384,283,700,510,166,485,811,587,324,425,504,818,833,1098,564,231,196,399,252,523,389,358,678,328,616,583,401,688,536,149,509,794,5,191,304,74,649,91,219,569,564,458,493,531,793,309,764,389,464,584,449,591,428,502,591,554,68,485,118
"COG1430",4,28,5,1,4,0,7,2,38,4,12,6,9,17,7,3,5,22,8,8,82,15,6,22,14,0,3,7,5,19,62,4,6,15,13,0,4,13,4,12,14,10,23,2,1,3,9,1,27,66,3,7,1,3,15,2,3,0,0,8
"COG1431",0,0,0,0,0,0,0,1,0,3,3,3,0,0,2,0,0,0,0,1,1,0,0,0,0,0,0,0,0,0,3,1,0,0,2,7,7,2,0,0,0,10,0,0,7,0,1,8,1,0,0,0,2,4,16,0,4,2,0,9
"COG1432",213,86,147,64,72,24,70,28,146,49,58,122,13,230,200,39,132,81,67,227,53,169,63,155,180,156,108,107,241,77,83,96,86,81,203,77,136,40,186,126,56,222,36,91,143,57,60,39,167,78,40,80,58,135,104,45,215,88,53,133
"COG1433",114,143,52,91,21,31,31,47,58,77,30,45,11,41,23,7,110,51,45,61,116,57,24,37,64,72,82,35,30,49,67,55,103,8,35,31,63,14,29,31,72,45,57,41,70,127,22,128,87,84,26,71,157,28,74,132,69,21,79,52
"COG1434",229,147,208,71,80,50,104,66,186,107,146,130,50,81,87,118,235,161,201,276,85,107,101,190,210,162,73,139,144,155,171,86,40,293,187,153,150,69,199,109,110,138,116,132,74,189,155,73,213,101,87,120,167,118,100,168,142,331,119,235
"COG1435",100,197,132,199,147,225,233,104,182,125,193,155,155,180,48,207,204,235,119,162,303,152,251,140,135,221,226,216,194,127,58,118,85,59,100,73,59,29,17,85,84,91,103,51,64,65,69,142,98,80,129,91,67,60,84,60,65,39,67,39
"COG1436",28,25,30,3,14,1,9,3,29,13,28,32,6,18,9,22,36,20,17,25,11,3,19,22,9,15,11,7,13,27,20,23,14,40,36,61,42,16,13,15,20,9,18,25,20,17,18,10,19,13,10,6,12,22,32,10,9,27,37,26
"COG1437",21,3,1,0,0,0,1,0,2,3,10,3,0,1,7,1,6,6,9,3,3,2,2,6,1,9,1,1,3,9,2,2,0,0,6,7,7,0,2,1,0,5,0,6,1,0,5,3,4,1,1,1,2,5,2,2,0,6,0,7
"COG1438",267,282,247,214,270,323,272,261,290,241,338,264,394,291,383,231,257,252,265,347,238,210,241,262,284,258,234,341,225,300,218,282,348,343,237,228,312,510,328,178,238,237,238,290,241,169,339,369,217,237,247,277,322,253,269,237,300,300,297,283
"COG1440",104,21,31,20,40,32,17,23,23,178,23,27,16,34,25,26,63,91,47,63,29,18,123,32,48,30,24,23,21,17,45,24,49,96,39,39,44,7,63,14,16,32,85,91,26,158,23,28,25,47,26,34,52,28,49,58,27,122,23,57
"COG1441",3,0,0,5,2,11,6,10,2,45,1,10,0,6,3,6,6,0,8,3,4,4,3,0,16,15,1,2,4,0,0,3,2,111,0,0,0,2,0,0,2,4,0,9,4,6,4,2,2,0,2,0,9,1,2,1,2,9,1,0
"COG1442",383,333,462,410,573,189,248,391,368,720,346,644,758,253,242,342,440,534,416,688,621,328,168,635,428,400,283,456,302,367,461,379,243,730,370,212,554,728,495,232,385,689,423,404,383,351,543,450,420,554,247,463,703,343,283,366,551,1214,486,858
"COG1443",37,75,83,104,93,10,31,135,72,89,79,111,211,80,171,101,21,92,92,86,76,52,53,41,55,75,134,65,99,73,57,137,85,60,34,91,38,233,0,49,118,39,61,103,117,136,16,105,49,79,105,101,108,105,85,88,46,21,98,23
"COG1444",2,0,0,10,8,15,12,18,3,71,0,38,5,5,3,24,7,0,24,6,14,2,7,0,22,19,14,0,4,1,0,0,14,231,0,1,0,8,0,1,6,1,1,0,4,25,8,4,7,0,5,2,16,3,1,1,0,33,5,0
"COG1445",442,182,467,150,145,98,305,284,343,238,251,278,85,258,245,185,678,320,295,555,131,402,377,294,438,320,144,293,246,318,412,201,175,878,421,344,378,155,603,209,179,349,133,313,212,286,326,145,412,288,240,189,367,288,200,346,461,328,278,396
"COG1446",77,44,20,90,130,37,155,52,35,104,55,61,7,100,15,107,70,27,70,50,49,103,51,42,41,78,85,37,82,22,38,35,98,335,24,49,46,12,34,45,51,34,59,31,56,165,11,56,53,63,39,125,28,75,61,118,14,308,36,10
"COG1447",97,27,37,20,21,31,12,21,23,149,22,48,21,40,34,33,64,93,26,60,43,18,130,48,26,44,35,14,24,15,31,41,62,221,39,39,50,22,73,16,23,34,33,71,25,107,18,45,17,41,27,33,57,41,43,71,33,86,28,63
"COG1448",70,13,44,46,56,48,72,115,117,206,40,179,36,34,61,99,57,20,71,178,45,34,41,85,52,64,39,30,36,42,6,16,32,382,13,22,103,42,255,63,69,43,56,61,36,130,33,22,20,14,33,45,44,21,48,55,22,56,25,33
"COG1449",56,327,185,284,244,550,130,309,195,136,254,211,384,196,241,290,84,277,307,117,409,194,134,204,180,211,301,315,276,245,363,343,303,2,191,219,303,434,13,164,339,227,405,325,262,177,408,228,214,265,271,187,255,263,330,257,204,19,383,219
"COG1450",4,16,3,27,35,42,10,29,27,119,1,26,21,23,6,45,8,4,88,4,12,9,9,9,10,57,58,6,35,0,6,7,17,546,1,14,6,1,0,6,24,17,17,4,17,141,2,45,7,2,22,21,53,3,25,64,7,65,51,0
"COG1451",324,282,246,229,278,117,259,139,237,276,366,278,69,289,102,200,320,389,288,176,275,258,346,349,251,251,171,183,237,243,278,326,206,185,308,247,327,96,302,332,316,263,234,161,233,225,240,188,254,254,201,194,244,233,289,233,256,480,226,354
"COG1452",24,6,9,15,24,40,42,166,53,175,13,45,24,49,5,41,22,2,57,21,31,32,22,16,97,52,35,9,33,42,5,10,27,343,4,13,14,16,0,29,35,36,9,32,39,38,12,17,17,1,31,25,26,6,19,22,4,45,7,6
"COG1453",337,633,315,518,222,124,314,171,374,304,393,289,46,421,130,414,371,470,385,294,314,381,453,291,384,358,527,283,544,355,436,441,437,150,412,398,419,99,275,394,423,274,406,217,287,320,237,159,458,527,503,342,426,314,596,473,391,103,364,356
"COG1454",1954,1215,1370,769,1011,667,1432,727,1471,1459,1373,1349,479,1181,831,834,1688,1477,1336,1808,987,1420,1398,1352,1467,1319,796,1143,1052,1278,581,390,455,644,543,666,658,216,1026,651,405,544,386,430,373,393,531,358,731,386,385,496,535,539,484,554,605,1012,453,665
"COG1455",400,79,114,91,129,102,45,94,169,623,81,135,81,137,143,98,509,255,196,837,81,122,389,207,171,190,102,65,129,111,251,100,207,649,123,227,132,77,289,116,60,265,312,333,160,550,65,122,85,188,79,137,291,309,135,253,385,551,83,245
"COG1456",94,9,6,9,12,4,21,4,28,11,21,14,4,11,10,2,80,14,15,8,12,10,40,17,16,27,5,10,18,44,25,20,5,0,106,42,9,6,54,28,28,16,4,29,3,1,9,6,13,9,6,16,21,4,20,7,14,33,15,22
"COG1457",316,138,108,75,47,63,79,64,177,146,117,185,16,47,127,99,300,183,136,361,114,62,81,198,179,78,63,43,108,77,63,85,32,298,141,173,171,91,304,88,74,148,64,147,59,130,81,79,86,76,76,126,187,66,115,73,92,997,111,98
"COG1459",211,193,290,73,80,92,115,104,219,188,123,269,53,119,177,124,275,157,198,268,144,280,92,313,193,203,91,284,126,308,274,184,51,583,386,104,131,51,232,371,147,169,197,235,125,218,294,97,70,107,77,165,174,199,146,196,331,125,168,358
"COG1461",555,279,405,149,125,63,298,137,483,205,292,196,92,275,244,61,529,322,223,440,133,378,513,366,382,283,84,260,224,355,412,234,127,147,499,358,338,140,312,240,248,346,162,323,200,205,346,118,377,284,255,185,296,338,259,339,467,258,273,379
"COG1462",15,23,0,2,2,34,2,1,0,120,1,8,1,1,0,5,10,1,8,0,0,0,1,14,2,5,7,57,0,0,0,8,0,40,0,3,93,0,0,2,1,1,5,0,2,29,1,6,0,0,3,1,4,0,1,14,0,6,2,45
"COG1463",14,30,42,29,35,15,38,43,90,60,18,92,17,25,32,54,34,5,39,91,34,22,31,69,50,42,23,20,27,37,22,21,25,123,7,17,45,23,158,34,43,26,20,24,21,58,26,20,19,13,31,30,23,15,41,35,20,24,63,23
"COG1464",267,159,198,67,139,143,197,361,272,462,205,325,51,185,137,197,232,169,121,491,123,175,162,188,216,155,81,121,100,219,190,149,108,302,169,161,278,111,785,163,167,240,96,187,127,180,179,130,115,129,156,159,185,150,154,184,254,667,156,176
"COG1465",0,2,0,0,0,0,0,2,3,2,0,2,1,4,0,0,0,0,2,0,1,3,1,5,0,1,2,2,0,1,0,1,0,0,1,0,0,0,0,1,1,1,0,0,2,0,2,0,0,0,5,2,2,0,1,1,1,0,1,1
"COG1466",378,443,480,331,505,448,366,281,440,384,463,370,438,388,362,400,520,486,408,365,409,408,456,465,402,372,374,480,365,419,462,455,396,252,477,414,405,387,416,642,466,339,404,437,340,269,653,452,442,367,350,342,432,495,456,377,544,477,382,564
"COG1468",98,72,121,38,66,38,75,194,61,16,123,166,34,54,135,59,107,75,149,120,131,105,107,85,85,85,44,275,73,105,116,75,63,98,111,49,100,16,49,141,41,72,83,165,81,66,86,46,43,94,63,40,231,106,68,42,60,46,55,83
"COG1469",11,31,32,25,8,23,19,13,36,108,12,31,8,29,11,25,7,6,3,11,24,10,22,36,16,24,8,11,22,25,6,16,11,0,12,7,24,6,7,14,36,18,11,9,16,33,16,12,10,10,24,22,4,12,30,24,14,0,42,19
"COG1470",2,30,50,116,101,1,20,16,31,27,43,58,2,66,6,54,12,51,24,5,50,55,40,19,11,59,116,16,48,31,16,113,58,45,16,61,18,5,0,39,48,9,52,3,48,163,10,11,44,95,56,28,95,41,85,40,59,1,17,9
"COG1472",4244,7101,4244,6850,5517,3776,3672,5638,3895,3368,5198,3621,5538,5397,5696,4510,4803,6482,7213,4273,5124,5158,4198,3649,4812,4232,6660,4009,5275,5090,5516,6449,6446,1493,6058,5191,4856,4983,3365,4051,6485,4318,4130,4924,6618,6151,2535,4773,5494,6855,5225,4715,6075,7101,6489,5855,4488,4423,6008,5327
"COG1473",353,191,193,91,201,155,300,143,287,293,220,349,26,197,148,264,214,168,176,377,162,169,251,220,206,232,69,153,184,254,399,281,405,1358,257,528,597,224,1639,510,605,548,466,463,499,1753,287,339,344,469,480,961,618,338,549,973,455,797,290,349
"COG1475",1496,1604,1495,1198,935,692,1544,996,1845,1515,1555,1483,966,1322,1244,1136,1822,1522,1020,1327,1373,1464,2430,1772,1300,1399,1027,1350,1302,1632,1760,1526,1123,1039,2100,1862,1433,914,1182,1367,1231,1455,922,1106,1370,989,1545,799,1631,1340,1227,1208,1111,1317,1603,1362,1443,1404,1553,1902
"COG1476",171,87,149,39,79,19,68,19,122,59,113,100,27,40,135,45,215,115,109,97,65,88,79,145,134,107,48,110,66,120,136,103,32,62,126,107,110,49,68,64,48,72,86,116,62,44,135,63,97,67,74,58,109,60,79,72,137,126,47,151
"COG1477",584,427,532,566,508,615,459,510,600,417,456,580,509,456,523,398,435,465,416,652,437,551,485,549,484,516,515,583,418,521,458,620,450,199,470,448,416,704,362,403,462,458,429,552,506,601,479,546,536,484,402,558,443,466,443,425,489,227,512,485
"COG1479",1077,402,843,689,969,910,839,534,899,766,809,1096,1074,346,743,726,857,502,1242,1492,431,559,390,1096,662,852,986,1362,668,1228,836,364,691,120,537,1042,1260,691,509,820,746,830,758,1617,1512,300,2331,1165,394,347,881,1044,679,832,651,553,837,1680,836,1091
"COG1480",325,497,453,588,601,928,587,901,426,560,456,443,998,577,980,488,249,425,564,420,599,430,288,464,485,360,614,620,559,487,176,218,273,4,130,143,191,491,56,108,189,161,192,209,275,235,222,213,181,199,217,204,125,221,161,220,106,33,269,155
"COG1481",339,161,233,47,105,40,162,75,264,108,255,241,53,156,179,80,409,246,124,382,106,185,259,281,231,187,74,215,163,294,257,177,60,82,384,277,256,95,452,419,152,171,118,225,110,119,240,104,185,186,90,137,180,229,158,157,326,466,130,286
"COG1482",582,610,619,632,574,531,349,526,460,428,677,473,507,517,490,521,485,691,624,501,651,585,720,448,712,691,626,602,634,503,569,652,465,354,633,548,682,482,194,458,644,412,771,489,615,525,502,455,602,487,509,524,525,673,674,600,419,213,635,598
"COG1483",370,273,2,61,0,173,0,44,19,508,184,23,8,0,11,0,111,7,10,1,3,0,125,77,44,75,1,32,53,2,42,71,1,0,27,12,82,0,0,151,7,4,35,8,556,0,0,3,0,15,0,0,236,4,52,164,4,0,46,146
"COG1484",1743,1080,1222,552,626,214,1867,564,1040,768,1108,1575,205,1215,482,1076,1073,1593,575,1258,2455,1036,1131,740,1388,1450,770,630,459,778,1177,664,1265,1283,1683,1029,880,300,2654,1181,866,975,977,1047,1651,741,1169,1836,1310,902,699,549,751,1537,744,909,1093,984,878,985
"COG1485",0,0,0,7,9,14,2,21,4,110,0,18,5,4,2,21,4,1,47,3,9,3,5,0,4,16,20,0,3,0,0,0,4,196,0,6,0,0,0,0,4,3,0,1,6,16,2,1,7,2,5,7,6,5,9,0,0,19,1,2
"COG1486",370,136,125,101,144,123,137,138,123,711,109,199,65,83,81,153,189,115,241,191,136,55,230,131,168,197,103,76,151,152,117,108,117,794,123,216,96,55,297,129,97,185,203,183,136,369,64,142,94,110,163,244,233,139,113,371,122,306,169,282
"COG1487",19,55,37,67,32,10,4,7,18,64,94,55,175,56,185,88,38,73,4,26,49,26,2,11,24,6,48,46,35,93,9,68,54,148,19,22,29,277,120,63,60,33,78,39,42,9,12,6,72,38,70,61,56,57,85,36,42,115,50,23
"COG1488",630,385,584,318,342,160,412,198,458,424,495,412,69,395,311,277,559,480,508,864,382,424,523,412,545,375,283,344,416,426,617,445,381,332,551,436,586,177,737,538,346,403,329,341,275,360,371,217,269,376,304,254,537,454,470,513,583,810,390,590
"COG1489",65,41,69,18,40,25,61,31,47,70,42,129,22,47,32,73,91,66,55,97,28,65,117,76,40,64,37,53,54,108,95,39,35,240,117,72,62,21,114,55,57,38,47,72,51,87,60,18,36,52,42,48,51,36,68,65,71,31,20,64
"COG1490",250,272,259,199,265,269,349,314,286,209,290,282,314,293,300,206,281,268,314,297,267,221,257,273,303,247,214,277,215,301,275,262,281,169,259,249,277,455,317,378,257,235,231,326,288,214,259,266,243,220,256,315,233,284,227,214,254,366,323,278
"COG1492",388,468,291,425,277,108,564,248,393,435,416,280,38,455,183,475,386,498,261,293,519,399,530,346,339,530,448,159,502,266,349,357,425,89,332,274,354,88,339,257,336,590,426,209,367,398,238,340,444,361,584,604,357,526,515,580,475,135,394,324
"COG1493",376,196,230,78,48,36,222,83,268,99,184,105,50,171,137,57,328,232,146,277,65,209,303,205,269,189,67,189,185,234,299,171,97,81,297,236,237,103,179,128,123,201,96,193,141,114,226,116,225,189,115,137,173,220,169,203,279,129,180,256
"COG1494",16,8,18,37,23,54,30,77,52,81,13,65,13,25,25,42,21,4,50,82,17,14,42,30,30,45,32,14,19,19,6,13,34,314,11,16,25,12,107,32,49,23,18,23,26,90,12,37,27,12,17,43,56,10,30,71,18,40,11,5
"COG1495",8,16,9,14,21,31,27,38,17,48,4,29,8,8,0,20,10,1,24,8,6,31,23,4,67,21,23,6,8,21,1,4,16,107,2,9,4,2,0,7,44,42,3,15,22,31,8,4,0,1,35,17,9,4,11,24,7,30,6,2
"COG1496",332,255,342,245,227,482,299,386,281,334,303,283,437,223,419,264,317,254,256,352,334,204,223,292,321,262,227,349,248,346,274,247,257,179,351,300,313,409,461,315,388,293,334,328,306,241,361,481,244,250,262,340,155,291,248,293,243,438,309,328
"COG1501",1733,2639,1932,2877,1995,2341,1727,2119,1708,2215,2053,1544,1988,2326,2102,2395,1697,2403,1840,2151,1991,2235,1676,1569,1710,1939,3040,1857,2648,1928,2262,2701,2757,1271,1763,2393,1876,2924,894,1945,2199,1994,1613,2363,2387,2541,1442,1576,2560,2373,2460,2044,3092,2044,2346,2121,2295,2560,2294,1967
"COG1502",1819,1169,1173,1011,1175,1312,1169,1063,1432,1248,987,1103,1247,1272,1219,883,1443,1303,1266,1250,1125,1461,1292,1463,1412,1265,1050,1173,1055,1553,1321,1196,1112,1080,1151,1001,1331,1198,672,1160,1020,1194,956,1449,1193,937,1272,1223,1109,1237,1027,1043,1099,1377,1214,1037,1708,718,1080,1251
"COG1505",5,48,81,115,98,135,11,27,63,34,52,122,8,91,4,74,27,30,47,2,102,73,55,68,13,27,109,90,101,41,169,118,21,0,100,125,19,79,2,103,122,11,124,3,106,255,238,62,40,134,52,26,11,77,88,72,101,0,33,9
"COG1506",1107,2276,1731,3170,2424,3372,2593,3628,1918,2780,1882,2200,3371,2616,3421,2850,869,1748,2143,1770,2993,2371,1323,1948,1684,2238,2648,2083,2391,1752,1508,2172,2779,26,1233,1909,2105,3312,878,1416,2853,1892,2863,2259,3234,2181,1590,3184,2571,2778,2574,2691,1159,2103,2640,2571,1040,1055,2634,1725
"COG1507",2,0,2,6,0,2,0,0,0,3,24,15,0,0,3,0,1,0,1,20,0,0,0,0,1,3,0,1,0,0,0,0,0,0,1,17,29,1,92,0,9,5,0,2,0,1,0,0,0,0,1,2,3,0,0,0,0,233,0,0
"COG1508",318,505,359,510,423,963,483,784,373,505,441,595,998,533,772,655,229,375,548,430,641,391,313,431,386,417,558,553,508,397,320,416,604,372,257,343,439,663,273,372,542,466,620,663,606,453,337,767,480,349,495,609,306,410,517,574,195,87,577,344
"COG1509",32,292,155,474,457,40,231,112,220,168,156,246,30,274,27,416,103,158,217,26,443,294,193,163,120,284,508,129,331,136,165,289,238,250,100,311,40,13,16,202,314,200,373,20,323,381,75,183,327,316,335,344,350,244,357,292,114,62,147,52
"COG1511",1509,448,824,330,249,124,379,224,530,303,913,402,89,453,685,161,1092,799,392,1050,145,693,734,542,855,643,151,827,420,546,849,452,148,297,826,853,989,290,2350,677,398,760,220,719,426,82,664,256,588,424,445,216,610,531,459,388,954,3559,440,998
"COG1512",311,375,234,298,226,367,382,287,236,293,313,237,219,310,157,288,304,250,284,191,237,262,394,196,308,265,245,313,272,229,315,240,260,93,340,322,315,161,115,281,323,254,207,226,254,223,280,185,187,233,290,373,161,280,311,301,268,62,241,212
"COG1513",2,0,0,1,3,4,1,2,2,0,0,3,3,2,0,0,1,0,8,2,1,0,0,0,0,5,5,0,1,2,1,2,2,88,4,2,1,0,15,0,0,0,0,4,6,7,1,1,1,1,1,1,6,2,0,0,4,4,0,0
"COG1514",1,2,0,4,3,5,5,9,2,19,4,18,6,3,0,9,4,3,8,3,4,1,8,7,6,29,7,3,4,7,2,3,9,103,6,6,35,2,0,2,6,5,3,1,1,7,4,23,1,4,3,3,6,2,4,1,2,12,1,19
"COG1515",0,0,0,3,4,3,1,8,0,47,0,2,0,1,1,12,0,0,9,2,4,0,5,0,0,5,2,0,2,0,0,0,2,76,0,0,0,0,0,0,1,0,0,0,0,41,3,2,4,0,0,2,2,1,1,5,0,7,0,0
"COG1516",75,25,57,21,47,8,16,50,30,19,27,30,5,11,48,16,34,53,56,28,23,55,12,48,91,54,16,75,43,37,74,26,12,128,39,11,28,35,3,19,10,17,26,36,27,45,63,26,18,30,10,26,34,66,20,34,92,6,23,50
"COG1518",339,277,400,191,222,315,189,575,327,200,424,442,412,304,609,300,417,390,486,462,376,327,407,428,343,304,232,595,282,382,353,378,350,270,307,197,428,739,312,497,263,192,280,522,220,364,332,476,361,293,126,202,675,391,307,215,265,355,287,373
"COG1519",137,351,317,396,424,432,457,413,322,432,406,428,486,425,476,473,169,361,449,249,493,261,252,345,350,418,437,275,370,256,223,397,519,257,215,286,328,384,238,267,416,334,378,329,454,397,168,404,385,316,377,434,388,355,440,412,210,69,440,255
"COG1520",212,449,311,826,615,46,477,637,540,302,338,330,312,696,48,672,298,525,457,90,582,548,312,290,276,461,810,305,648,240,362,996,675,84,465,461,117,63,157,370,641,425,411,42,419,810,146,285,853,543,539,592,557,601,539,400,433,66,541,177
"COG1521",414,328,330,242,157,79,378,153,377,253,355,328,57,289,173,262,444,362,266,285,317,376,494,319,333,372,226,293,279,325,408,275,197,107,388,398,400,164,440,250,296,399,305,232,266,189,313,233,389,284,343,294,271,282,318,324,333,443,251,395
"COG1522",508,446,615,474,536,668,463,511,479,711,439,616,827,443,582,519,470,419,469,481,586,552,414,639,517,492,522,714,403,503,493,429,468,558,372,490,507,740,404,314,484,465,511,606,548,490,800,828,543,499,421,551,525,532,450,444,554,395,579,498
"COG1523",1045,653,663,761,707,818,798,884,440,763,877,584,859,713,1048,775,932,688,723,888,744,629,770,602,913,641,703,618,739,541,668,669,637,689,581,727,845,921,1991,404,643,1020,584,890,787,703,762,1075,653,847,706,710,1125,595,662,754,511,2665,733,555
"COG1524",292,629,425,795,722,1551,660,1166,532,600,728,552,940,687,382,1012,282,468,569,623,695,465,393,552,426,727,843,664,769,461,321,546,946,84,318,530,652,965,327,512,687,532,654,638,811,467,833,920,458,583,805,753,828,597,709,649,421,434,1057,453
"COG1525",6,9,2,0,10,23,14,4,30,82,18,50,10,18,2,3,9,10,3,9,2,6,8,33,12,22,40,6,10,40,34,27,12,16,2,8,6,9,0,14,10,16,5,10,6,20,9,17,0,2,8,29,10,45,8,35,7,54,27,27
"COG1526",74,11,24,10,29,26,85,25,36,76,7,65,4,35,9,45,60,20,41,105,10,29,89,17,26,51,18,23,29,50,48,13,24,176,42,25,36,7,79,15,21,30,9,17,36,45,43,7,29,26,16,11,29,13,16,16,10,47,20,11
"COG1527",295,94,103,24,70,31,91,19,85,69,95,96,15,112,72,99,177,113,91,130,68,58,140,107,89,90,25,105,85,114,132,74,39,224,152,180,110,48,157,199,52,85,74,109,83,91,54,86,85,133,67,127,92,84,152,92,89,164,73,141
"COG1528",79,298,148,364,435,276,319,147,238,296,289,514,146,346,44,299,162,184,272,137,579,183,224,314,234,395,355,309,200,164,96,101,183,71,56,91,92,59,68,95,103,119,146,19,99,102,148,74,115,73,111,221,69,73,134,94,41,34,90,90
"COG1529",1349,316,489,214,583,196,613,252,509,309,264,548,95,404,318,466,713,514,456,866,284,415,726,429,526,425,162,265,432,342,416,313,400,2183,496,482,476,145,974,319,310,570,350,566,323,912,232,235,327,248,407,526,602,309,442,567,587,623,251,421
"COG1530",351,429,457,454,380,763,397,759,454,605,398,493,714,363,635,498,395,434,429,571,550,402,283,495,499,542,400,579,406,488,375,466,394,563,352,378,482,691,451,475,549,464,485,531,595,364,592,627,386,307,445,441,405,413,432,495,466,614,545,465
"COG1533",448,476,484,511,600,717,563,396,422,301,419,526,517,752,270,704,567,580,286,221,910,504,432,602,452,519,281,696,507,630,656,522,440,184,646,547,397,296,223,549,395,469,401,346,344,448,718,525,457,622,348,525,384,798,357,554,762,174,512,704
"COG1534",144,63,105,30,53,4,53,39,130,58,111,79,21,64,56,24,140,83,71,109,46,92,102,79,113,79,44,94,51,83,92,67,47,131,123,124,101,67,155,97,47,77,41,81,44,61,89,52,107,69,64,63,88,92,47,70,136,72,66,121
"COG1535",0,0,0,2,3,6,3,11,1,45,2,10,3,2,0,15,4,0,8,0,4,2,3,0,7,7,10,0,0,0,0,2,4,148,0,3,0,0,0,0,5,1,1,0,2,15,0,1,1,0,0,3,12,2,0,0,0,16,2,1
"COG1536",110,57,84,64,50,25,17,94,61,23,59,37,9,36,45,25,74,118,71,57,37,118,22,85,131,89,50,134,76,96,119,31,32,198,89,8,90,44,20,28,13,78,32,77,44,87,86,33,45,48,29,34,76,137,32,38,199,22,43,65
"COG1538",885,3566,2309,4940,3628,4169,3592,3567,2500,3921,3317,2937,2707,3874,2410,4899,1423,2949,3509,1711,4685,3008,2305,2635,2839,3576,4962,2989,4495,2291,2099,3810,4390,854,1748,2694,2881,2614,741,2242,3827,3411,4397,1633,3964,3170,2828,3250,3544,3546,4383,4032,3025,2927,4134,4155,1867,617,3160,2233
"COG1539",168,200,208,181,216,244,175,241,201,218,245,251,262,181,239,183,146,181,167,185,213,137,140,222,193,177,213,154,206,214,226,200,235,179,196,195,184,366,311,136,199,133,219,224,212,233,256,266,185,165,183,231,144,219,204,208,215,368,234,198
"COG1540",45,28,26,7,13,20,35,22,37,49,34,28,6,21,24,28,62,18,56,18,22,20,27,24,66,47,34,13,21,27,30,30,18,112,52,73,39,8,35,22,10,35,14,33,15,18,18,13,98,23,20,20,46,32,36,29,33,134,36,29
"COG1541",355,733,405,891,777,132,565,386,407,514,646,465,230,812,113,994,308,585,409,90,823,658,444,416,420,709,899,572,815,354,411,698,956,419,407,552,283,111,120,455,570,662,672,238,491,799,297,402,748,803,811,859,748,633,764,684,501,176,493,509
"COG1543",0,0,36,0,0,0,0,0,0,0,0,4,7,0,0,0,48,0,0,0,0,0,0,21,0,0,0,0,0,6,0,7,0,0,81,0,2,0,0,216,1,0,0,6,0,0,65,0,0,0,0,0,0,26,5,0,28,0,11,104
"COG1544",239,136,212,93,125,92,105,85,235,148,195,222,56,93,110,119,222,157,182,205,172,159,131,231,195,144,99,211,121,230,198,119,64,263,182,182,213,132,332,284,120,139,123,163,103,107,340,102,181,144,84,122,101,183,133,144,271,325,125,285
"COG1545",1,1,1,0,0,0,0,0,0,0,0,1,0,2,2,0,0,0,0,0,0,0,0,0,0,0,0,0,0,0,0,0,0,0,1,0,0,0,0,0,0,0,0,0,0,0,0,2,0,0,0,0,1,0,0,0,0,0,0,0
"COG1546",241,282,252,205,219,319,249,224,366,280,305,343,229,290,192,234,301,281,231,298,227,228,374,309,201,265,260,243,246,335,285,320,191,229,317,291,341,236,434,295,339,239,315,223,266,256,329,240,263,239,277,237,277,312,290,283,316,245,278,280
"COG1550",2,2,1,0,13,1,2,0,0,1,2,1,1,1,0,6,0,1,0,1,2,0,5,3,2,5,1,0,0,1,3,0,3,14,0,2,0,1,6,0,0,1,1,0,2,13,2,2,1,2,1,3,5,2,0,0,2,1,0,0
"COG1551",23,23,22,10,25,2,17,8,20,18,14,15,4,5,20,9,24,17,21,12,10,35,6,15,38,25,8,60,18,18,42,11,7,55,17,1,24,13,9,9,5,16,13,27,8,20,22,8,19,24,8,7,29,29,8,13,52,5,16,25
"COG1553",2,0,0,2,8,22,4,15,0,48,0,15,10,3,4,12,4,0,19,2,7,4,2,0,12,8,15,1,3,1,0,0,3,119,0,5,0,4,1,1,3,2,1,10,4,25,6,1,9,1,2,3,9,1,1,0,0,16,3,0
"COG1554",65,330,172,368,157,23,127,63,127,116,314,251,30,384,34,345,275,542,460,340,342,197,112,142,321,230,374,67,337,99,303,504,334,385,690,181,142,80,48,222,370,170,406,95,256,236,88,182,174,326,375,286,456,510,389,291,255,227,225,189
"COG1555",291,148,269,236,249,527,222,234,204,263,271,243,406,215,392,251,252,232,297,290,296,240,146,270,271,245,220,328,182,276,178,277,197,87,183,256,293,335,252,380,290,203,272,358,261,288,443,502,233,214,219,287,181,307,252,197,314,330,199,305
"COG1556",26,59,15,53,72,25,71,64,34,100,55,95,8,60,13,65,39,29,84,69,115,57,22,70,107,44,56,51,45,18,51,30,92,129,38,31,71,13,85,40,34,50,40,17,35,44,18,60,101,56,40,96,10,40,42,63,6,21,45,93
"COG1558",52,33,53,28,33,10,26,52,35,13,23,28,3,6,24,11,37,69,45,22,19,51,7,49,68,51,12,69,43,44,91,25,16,114,69,19,43,15,7,18,5,30,22,47,27,41,49,24,25,35,13,17,36,77,22,28,105,13,25,20
"COG1559",76,144,158,115,101,187,126,155,179,142,130,172,193,91,184,137,85,108,150,145,129,121,142,147,106,142,131,146,125,157,310,324,294,125,372,432,445,459,387,389,459,435,457,377,375,234,508,361,402,281,424,285,267,283,283,283,279,492,354,388
"COG1560",105,268,249,230,288,417,203,333,258,415,161,461,413,225,188,303,129,205,277,268,270,198,122,261,250,251,222,349,225,206,196,229,298,418,115,186,292,450,262,198,301,145,344,323,248,306,335,377,242,168,213,311,237,233,249,275,185,67,301,214
"COG1561",380,386,407,336,337,572,355,466,459,368,416,457,523,404,520,372,429,435,308,338,387,383,383,430,375,370,338,500,389,458,445,402,341,178,455,404,434,657,249,431,369,399,369,456,405,295,522,461,423,349,365,412,365,438,401,403,429,141,491,480
"COG1562",1,15,0,0,0,0,0,43,30,0,1,0,0,0,0,1,0,0,0,0,0,0,0,0,0,0,0,0,0,8,7,1,0,0,1,0,3,0,0,0,4,0,4,0,0,0,1,0,0,0,4,0,0,0,0,1,0,1,53,0
"COG1564",107,102,92,76,86,174,114,46,98,48,102,71,13,103,25,112,89,122,67,81,98,91,68,87,82,93,96,116,91,49,220,204,210,48,167,258,201,97,305,121,185,267,224,140,202,188,291,206,290,226,238,288,151,240,219,252,231,110,119,223
"COG1565",0,7,0,0,0,0,0,0,7,0,0,0,0,0,0,0,0,0,0,0,0,0,0,0,0,0,0,0,0,0,0,0,0,0,0,0,1,0,0,0,5,0,0,0,0,0,0,0,0,0,5,0,0,0,0,0,0,0,32,0
"COG1566",125,280,262,480,311,377,222,617,176,1038,319,308,662,276,341,511,106,364,658,259,339,205,169,151,388,306,504,155,472,319,144,480,541,1119,293,339,726,141,2,153,528,254,372,254,356,643,341,464,196,317,589,521,427,303,379,457,168,129,377,494
"COG1567",67,6,8,4,0,4,0,4,29,4,13,30,4,0,6,0,36,5,47,69,4,9,4,38,8,10,1,20,25,17,11,28,3,0,27,7,56,18,120,15,9,2,2,26,10,4,21,15,1,2,30,12,25,18,14,5,42,0,8,44
"COG1568",13,0,1,287,0,0,1,26,2,26,279,0,4,0,22,0,1,3,0,0,73,13,0,9,43,0,149,0,115,40,38,57,156,0,21,102,0,0,0,62,0,1,41,0,59,178,34,106,97,115,6,0,2,0,168,136,84,15,39,12
"COG1569",0,7,10,3,9,0,5,0,6,2,0,9,0,0,1,3,0,1,7,1,0,13,0,2,1,13,23,16,2,0,4,2,1,0,0,3,0,1,0,0,0,1,2,1,2,20,3,1,4,9,6,1,46,0,0,1,3,0,1,0
"COG1570",511,526,506,445,355,705,617,547,600,480,524,479,415,577,423,509,588,526,497,555,518,565,576,573,602,566,458,534,502,462,508,453,473,281,639,565,566,405,634,730,568,616,492,509,509,420,584,565,577,421,543,576,326,598,500,565,617,586,529,579
"COG1573",63,240,150,209,138,48,222,88,292,185,231,232,28,230,67,186,159,220,233,245,263,176,261,135,178,208,185,79,175,141,215,268,207,18,202,256,211,61,296,256,214,196,237,68,164,186,189,123,238,181,250,203,198,254,240,209,183,183,212,224
"COG1574",193,130,132,104,155,80,139,93,125,265,191,142,21,130,79,65,201,184,98,156,95,151,250,240,59,228,105,164,180,222,88,127,82,236,108,175,141,20,344,123,160,155,145,82,153,500,83,108,98,42,152,234,296,54,247,167,158,642,51,118
"COG1575",27,117,67,127,50,158,69,123,81,97,101,72,114,89,71,138,35,108,86,134,136,65,49,43,84,91,142,69,134,66,181,255,315,200,111,210,216,250,257,141,278,269,353,152,274,167,307,293,252,254,372,311,193,180,335,289,180,516,326,132
"COG1576",253,202,285,216,235,298,253,255,313,250,262,296,292,205,291,220,306,259,235,273,271,262,294,332,241,290,248,338,242,295,260,251,243,125,231,265,247,289,302,295,239,235,242,249,242,187,355,259,263,188,275,285,225,260,208,227,315,382,276,336
"COG1577",9,1,1,5,0,11,1,0,0,0,0,0,0,1,6,1,18,0,11,215,0,2,0,1,2,4,0,3,1,0,0,1,0,3,4,0,1,0,31,0,1,0,28,17,0,2,0,0,0,1,0,0,5,1,0,0,0,86,2,3
"COG1578",55,7,6,1,0,4,2,0,5,8,6,10,1,2,12,2,14,1,17,44,2,3,13,10,12,10,2,3,2,33,6,2,2,1,31,6,6,2,17,8,1,3,16,10,11,2,4,5,4,10,1,3,5,3,8,7,2,2,3,10
"COG1579",75,185,163,195,250,387,124,297,155,190,232,215,319,173,294,220,66,201,141,152,232,79,129,169,88,161,216,248,180,201,86,196,204,2,72,145,170,439,22,155,193,131,160,184,245,123,194,249,112,127,204,230,219,188,207,192,131,15,269,120
"COG1580",0,0,0,3,3,4,0,53,3,0,0,9,5,3,0,3,0,0,12,2,1,0,4,0,1,4,7,0,1,0,0,0,1,33,0,0,0,0,0,0,0,0,0,0,1,4,2,1,0,0,0,0,3,0,0,1,0,4,0,0
"COG1582",11,2,20,13,41,1,8,4,8,2,11,8,4,1,4,1,16,13,3,0,4,15,0,16,13,20,5,14,11,25,28,2,4,19,10,0,1,9,0,7,0,2,9,8,5,13,22,11,15,7,5,5,5,23,3,14,27,0,5,8
"COG1583",28,44,13,4,1,161,1,1,10,7,18,13,1,14,8,10,30,1,125,76,9,64,1,64,31,39,0,53,13,42,37,7,1,0,25,17,56,1,25,12,11,9,64,15,15,0,17,8,10,5,1,0,23,17,7,8,2,0,13,30
"COG1584",2,3,11,11,8,14,9,6,2,56,4,39,5,4,3,11,15,1,21,0,8,10,14,9,3,23,16,11,6,15,0,2,4,57,3,3,1,0,0,0,4,1,2,1,2,12,1,1,7,1,5,5,3,3,4,6,5,9,0,1
"COG1585",175,77,76,30,29,21,77,26,135,61,79,65,85,69,59,25,177,103,52,63,31,98,103,96,104,64,50,36,95,135,126,80,41,113,207,170,89,71,94,242,68,103,46,105,54,37,92,73,99,64,69,37,82,100,83,65,136,66,71,165
"COG1586",9,24,37,16,46,91,33,10,40,64,46,63,11,10,26,20,21,7,33,66,22,35,51,44,13,35,24,62,27,27,35,15,16,188,25,10,23,17,63,40,33,21,26,17,20,88,46,4,20,18,14,13,23,16,31,24,22,22,14,78
"COG1587",171,87,161,45,55,61,136,50,156,123,96,115,16,44,775,62,198,55,121,114,75,120,120,185,137,116,45,44,93,58,90,56,51,291,60,137,129,74,322,72,102,146,91,114,63,151,70,86,100,37,55,121,164,70,48,177,144,143,133,168
"COG1589",64,48,67,11,22,33,27,56,75,59,29,55,10,24,19,13,122,35,60,136,22,25,63,60,66,52,31,28,26,62,51,61,44,164,101,115,68,17,66,222,89,56,33,63,46,22,130,8,60,18,30,32,44,55,43,59,69,65,53,85
"COG1592",679,597,672,470,562,592,678,613,648,486,537,699,673,558,614,452,621,687,541,589,559,566,684,660,571,566,464,675,481,644,710,547,542,342,698,594,482,631,555,639,568,545,590,575,633,610,765,639,500,516,575,634,469,615,565,625,579,197,542,673
"COG1593",396,202,153,121,284,92,475,115,218,146,122,178,66,181,121,236,229,214,196,210,155,167,355,173,331,208,97,170,187,149,455,370,699,2353,384,576,446,344,634,435,317,637,381,322,474,1403,253,369,346,487,532,934,807,253,616,716,565,195,353,374
"COG1595",1913,3405,3344,4795,6332,2919,3100,2707,3310,2609,3826,3799,3719,3448,2607,4735,2585,3414,4172,2020,4387,3743,2728,3247,2510,3569,5348,3958,3986,3328,3038,4824,3703,687,2566,3588,2380,3001,1248,3375,3077,2865,7642,3104,3561,5182,3041,3630,3923,4182,3537,4230,4589,3716,3772,3265,2890,1121,3534,3169
"COG1596",236,684,623,1107,806,1126,613,837,481,767,658,638,1331,699,778,1029,258,668,529,409,1057,578,468,587,616,774,1353,854,1109,643,562,1084,1215,381,323,671,717,1149,81,467,835,659,763,683,878,862,831,1186,540,886,1065,860,780,696,884,964,382,133,870,509
"COG1597",601,743,657,637,593,1077,509,618,782,572,839,693,818,603,677,650,647,737,636,764,769,555,592,592,607,725,670,733,645,743,634,753,661,371,759,762,746,722,883,628,809,594,681,719,724,522,799,765,669,505,678,734,659,683,728,709,759,1285,712,696
"COG1598",82,20,53,1,35,24,82,31,48,34,18,56,20,22,48,16,88,25,41,68,11,9,106,99,48,19,32,32,43,142,93,43,44,109,85,26,70,21,36,47,13,29,34,29,54,34,71,37,56,20,17,44,21,75,17,42,21,84,46,79
"COG1600",26,101,75,154,143,141,67,40,103,73,71,181,28,82,26,132,57,32,89,30,67,64,29,71,24,90,115,65,67,71,63,139,87,223,48,114,108,89,75,71,128,27,134,33,93,141,170,18,18,123,71,18,214,53,42,77,75,71,69,39
"COG1604",0,0,1,0,0,0,0,0,0,0,0,0,0,0,0,0,0,1,1,20,0,0,0,1,0,0,0,0,0,2,0,0,0,0,0,0,0,0,0,9,1,0,6,0,1,0,1,0,0,8,0,0,0,0,0,0,0,0,0,1
"COG1605",97,114,96,76,41,61,236,163,284,167,135,218,46,176,47,72,229,124,114,110,62,118,295,107,84,178,91,88,49,155,138,145,99,363,165,245,160,86,175,96,162,153,108,81,73,130,106,62,193,126,127,59,119,118,118,111,130,215,171,134
"COG1606",136,70,104,29,51,37,65,28,110,31,32,97,6,42,50,38,89,53,38,137,58,42,78,97,50,62,22,34,50,72,32,18,14,20,25,29,28,15,66,24,34,32,9,16,17,29,20,16,20,12,14,39,14,5,29,20,15,9,25,19
"COG1607",80,26,29,16,11,17,56,35,40,37,14,37,5,31,19,44,53,27,31,24,24,39,31,62,32,47,23,14,23,57,74,21,14,76,37,30,22,10,77,22,31,25,18,19,20,31,42,13,28,25,13,44,25,36,24,16,89,40,28,33
"COG1609",3445,2200,2775,2575,2206,1972,1694,1868,1787,2772,3450,2607,2071,1895,2993,1843,3268,2458,2052,3348,1799,2156,2280,2172,2184,2198,2354,1947,2203,3122,2782,2348,1904,6123,3665,2899,2227,1773,6735,1750,1970,2776,2353,2889,2338,3196,2212,2453,1940,2072,1934,1840,3137,2104,2106,1804,2334,11518,1812,2285
"COG1610",192,221,240,169,269,62,227,114,141,188,175,208,24,238,80,201,194,234,219,143,280,172,156,273,231,164,212,168,204,162,230,215,241,76,219,150,214,49,220,286,173,170,161,82,155,184,174,153,197,196,192,274,231,262,221,209,216,80,161,248
"COG1611",247,362,232,376,437,407,453,294,285,468,321,295,178,463,211,376,243,295,448,212,355,331,297,292,343,305,344,296,320,224,272,301,501,176,228,302,360,271,369,281,309,270,281,211,312,328,281,313,400,325,331,407,394,309,298,321,297,346,335,351
"COG1613",159,46,97,39,48,28,49,36,53,120,56,70,19,37,56,32,117,113,98,109,22,96,47,66,119,72,23,47,59,45,92,37,16,224,37,91,118,52,138,26,26,91,16,81,28,22,66,43,55,27,18,37,92,109,20,43,129,51,57,82
"COG1614",104,25,26,9,20,11,25,7,77,17,29,22,6,14,12,6,84,14,23,8,16,17,43,23,15,19,0,10,27,79,51,14,8,0,241,22,24,9,58,26,55,29,11,50,10,0,5,9,29,7,6,9,16,5,19,12,12,32,28,25
"COG1615",4,3,43,5,0,15,0,3,7,20,79,65,5,0,14,2,134,2,1,92,5,1,0,38,1,17,2,3,2,13,2,28,0,0,110,47,81,5,360,441,49,14,1,18,6,2,97,0,3,1,10,3,4,70,6,1,106,1015,23,200
"COG1618",10,7,7,0,4,3,6,0,6,3,1,4,0,0,1,2,2,5,5,0,0,3,6,7,1,7,0,4,1,2,6,6,1,0,5,16,7,0,0,10,9,4,5,5,0,0,2,1,21,0,3,13,5,0,6,8,7,7,14,6
"COG1619",176,225,282,254,224,32,134,88,207,185,222,242,41,239,93,167,371,294,185,192,222,216,132,192,259,215,235,140,311,207,290,264,225,182,310,169,172,91,327,441,184,295,220,163,180,445,231,109,184,281,263,221,314,275,251,281,373,61,181,240
"COG1620",145,62,114,234,204,527,71,325,127,170,38,309,351,106,518,206,91,108,196,454,184,109,97,99,85,159,199,235,144,146,57,162,86,321,79,165,96,223,318,62,241,103,119,211,239,311,42,188,212,133,111,104,228,65,154,100,82,207,192,60
"COG1621",1200,690,966,913,876,916,765,1121,547,945,933,625,1310,784,1538,854,950,592,1045,1153,716,739,643,738,729,798,1122,1319,826,1238,739,764,830,1147,648,828,858,1049,1440,628,600,708,610,947,1054,914,736,846,744,716,704,764,888,625,776,692,641,1152,924,1012
"COG1622",2,0,2,7,14,16,6,17,3,57,0,20,12,5,1,14,1,1,25,1,8,2,7,0,5,17,14,0,8,0,0,2,7,166,1,2,0,0,0,0,7,3,3,0,7,21,1,5,5,1,2,3,12,0,14,1,0,30,0,0
"COG1623",7,0,33,1,1,4,7,1,1,26,3,8,1,2,4,1,53,2,1,3,0,0,0,24,6,30,2,1,7,7,0,20,0,0,64,14,25,2,19,176,1,1,16,25,1,47,52,22,9,0,2,7,2,27,5,59,30,13,12,75
"COG1624",503,365,397,304,198,489,305,388,481,278,394,327,551,275,470,248,457,422,342,471,389,367,363,444,373,338,282,417,264,429,436,344,273,87,522,370,459,572,283,435,360,383,334,393,386,200,485,364,346,345,331,322,299,374,310,311,466,158,471,503
"COG1625",251,129,213,45,51,36,212,67,192,90,113,150,22,164,92,53,257,154,82,129,94,135,335,204,103,140,67,127,126,271,235,137,97,121,290,196,175,74,169,102,135,186,72,143,102,95,180,63,91,125,134,117,113,176,142,117,222,117,150,151
"COG1626",19,427,131,322,91,201,144,99,102,160,352,203,35,291,29,464,113,447,445,78,278,301,92,176,124,234,539,185,400,68,144,464,650,469,103,155,246,64,18,223,287,317,297,22,218,174,291,144,419,301,286,225,377,367,288,407,260,80,273,99
"COG1629",879,1750,1362,2863,2507,3970,2075,2845,1618,2566,1255,1804,2970,2177,3540,2758,687,1551,2271,1160,2245,1855,1130,1583,1532,2083,2948,2118,2253,1533,1268,2136,2976,2770,821,1280,1411,3038,324,1091,2700,1638,2380,3075,2274,3080,1520,2332,2021,2637,2152,2252,1977,2054,1846,2040,1235,526,1944,1149
"COG1633",1,10,3,0,35,3,2,8,28,7,4,66,1,15,0,30,13,2,5,1,15,2,13,19,7,13,1,3,5,18,1,8,4,35,5,15,9,0,7,75,11,1,16,0,0,16,3,7,0,1,6,1,2,4,8,10,6,14,14,5
"COG1635",0,21,49,25,14,406,26,9,16,1,5,17,11,13,3,34,2,9,2,13,10,28,11,2,1,30,25,155,4,9,6,11,22,0,0,1,22,19,0,6,12,1,30,4,5,1,59,1,1,4,3,8,0,3,7,4,15,4,0,8
"COG1636",245,248,231,148,74,263,227,205,237,263,246,180,161,214,194,177,295,333,202,208,245,218,278,217,282,206,170,236,224,268,208,217,200,54,248,178,235,198,208,388,179,315,168,221,217,114,258,198,295,218,242,274,166,232,242,205,318,60,233,317
"COG1637",0,0,0,3,0,8,0,0,3,1,38,18,0,0,2,0,2,0,0,27,0,0,0,0,0,2,0,1,0,0,0,0,0,0,5,29,37,1,91,0,10,7,0,1,1,1,0,0,0,0,5,0,1,0,0,0,1,296,0,0
"COG1638",673,334,407,243,802,140,1072,285,470,313,243,344,113,359,255,487,473,453,378,497,311,382,829,355,646,459,168,332,404,264,320,307,565,2005,262,399,477,305,495,322,238,474,357,267,440,1315,241,290,336,469,411,588,733,213,432,622,394,169,247,282
"COG1640",1089,916,1138,778,589,1517,991,702,966,874,929,867,990,998,855,754,1033,864,850,984,1000,934,1138,902,1095,914,647,916,908,909,1128,745,852,631,1131,1021,1225,828,1451,500,1084,1196,567,912,945,499,1087,1155,1081,825,1003,868,868,1020,855,878,1022,1788,894,883
"COG1641",179,91,97,106,37,47,70,50,108,65,47,107,20,56,66,45,151,89,69,219,71,53,95,136,80,69,37,69,119,76,97,71,31,33,99,70,147,42,223,55,82,85,42,79,46,96,59,53,52,46,61,89,64,36,101,86,103,27,83,61
"COG1643",91,82,91,31,58,896,69,598,195,218,182,207,635,63,408,57,40,16,111,286,29,34,42,77,114,136,54,371,30,140,18,21,40,763,74,84,151,570,538,40,225,83,21,360,198,49,139,204,17,5,70,43,61,22,36,47,34,1261,413,8
"COG1647",22,13,26,8,0,4,3,10,22,6,3,21,0,5,8,21,3,6,3,35,16,3,9,60,2,7,14,13,12,25,20,17,3,1,7,6,10,0,10,13,17,3,20,12,23,15,8,6,6,28,12,15,3,44,9,14,17,4,14,51
"COG1648",146,33,140,29,59,36,70,39,48,184,83,62,14,37,269,45,115,51,97,111,48,88,66,94,104,115,26,72,70,38,65,53,26,232,56,73,128,57,137,43,50,56,46,77,35,93,65,45,71,50,21,61,87,39,44,71,80,84,52,83
"COG1649",435,1248,762,1289,1001,1596,1179,1271,750,1046,1079,737,1137,1287,1004,1421,498,1166,1099,687,1421,935,845,701,1022,1003,1436,1016,1176,834,702,1181,1315,181,646,1176,822,1599,224,868,1157,1134,1080,711,1180,1145,1197,1209,982,1072,1379,1525,1058,1064,1113,1034,873,150,1165,921
"COG1651",9,24,21,56,268,39,26,69,58,306,95,50,19,35,15,109,12,14,78,44,50,47,40,12,40,115,107,29,53,31,34,129,19,254,15,62,32,12,185,24,30,62,27,13,34,127,19,19,18,67,31,32,133,18,19,14,91,579,11,12
"COG1652",9,24,27,21,13,24,68,11,33,32,6,35,10,33,19,34,57,81,37,23,54,16,113,51,148,20,36,52,30,13,29,9,7,15,14,20,26,73,52,5,8,25,30,16,17,31,11,5,32,31,6,16,17,9,8,5,7,16,4,7
"COG1653",3673,2008,2372,1028,1560,451,1869,776,1802,1339,2634,1936,353,1517,1885,945,4256,2132,1810,2208,750,1965,2968,1870,2950,1743,906,1889,1978,3701,3997,1594,1348,3919,4735,2236,2010,1058,6443,1693,1279,2985,2882,2341,1631,1791,2409,1290,1910,1737,1529,1642,2714,2133,1665,1798,2527,8041,1596,2867
"COG1654",331,131,222,61,86,53,211,158,262,161,160,140,53,148,156,98,330,185,135,232,94,228,319,172,228,139,88,141,102,173,229,135,76,191,274,160,153,93,314,132,108,231,70,188,99,94,230,83,236,163,141,90,172,192,153,150,307,152,134,202
"COG1655",81,48,85,34,34,6,29,20,39,10,43,12,6,18,45,1,65,82,43,37,15,86,8,95,133,52,37,65,61,43,99,43,1,0,56,7,59,28,45,10,4,52,7,84,38,1,67,43,45,41,15,20,57,101,13,38,179,1,31,47
"COG1657",0,0,2,0,0,0,0,0,62,2,0,1,0,0,0,14,0,0,1,9,0,0,0,38,0,0,0,1,1,0,0,3,15,0,2,3,0,0,0,0,15,0,3,0,4,0,0,0,0,1,4,0,0,0,0,0,0,0,0,0
"COG1658",50,44,80,32,8,19,84,28,124,50,81,51,25,52,49,27,83,64,41,176,35,48,162,43,39,60,27,26,28,76,62,56,73,5,91,55,52,25,90,67,82,68,39,61,45,52,85,19,82,44,41,19,30,37,43,53,68,53,36,57
"COG1659",0,7,11,22,3,11,3,2,1,0,5,6,0,15,1,0,2,2,27,12,7,6,12,29,0,21,9,11,16,16,8,13,14,0,0,6,2,1,0,8,21,8,3,1,0,67,6,1,11,5,5,13,4,7,23,10,12,2,1,1
"COG1660",505,361,402,423,314,795,410,451,444,434,469,440,711,417,442,453,515,461,410,529,364,402,490,398,492,464,443,610,440,394,472,380,408,300,417,412,535,456,482,280,451,444,394,510,366,385,514,614,461,360,465,458,383,417,444,403,504,522,428,402
"COG1661",50,23,45,7,13,11,22,9,58,10,25,104,8,79,41,12,75,27,21,75,16,8,93,30,51,46,21,11,17,78,19,22,34,42,52,54,32,15,94,32,20,36,13,36,24,33,12,11,6,56,52,124,16,17,43,21,10,5,15,87
"COG1662",4,0,3,18,22,30,9,40,29,11,3,35,7,46,2,29,10,3,180,15,14,3,11,0,6,128,36,2,22,2,1,12,42,2264,12,28,1,11,0,3,3,14,3,1,79,194,2,28,16,17,25,53,241,11,34,6,2,271,18,3
"COG1663",165,220,259,327,314,564,371,564,329,313,203,425,625,314,490,351,119,167,229,297,401,265,215,392,211,260,344,351,252,318,190,248,344,164,147,253,271,677,168,168,390,278,380,364,393,315,275,585,283,245,330,384,156,277,264,259,149,52,361,132
"COG1664",0,32,25,8,39,7,6,4,20,6,2,15,7,6,2,19,0,1,15,3,10,21,15,10,0,16,19,9,12,25,41,23,10,1,44,15,9,4,0,11,29,14,121,13,21,66,14,6,19,32,30,14,38,20,23,13,24,4,67,1
"COG1666",3,1,11,5,5,4,6,18,12,18,6,10,2,9,6,14,2,1,11,3,6,3,8,15,5,3,6,2,5,12,3,8,6,60,6,14,24,17,24,8,11,2,16,7,5,20,13,2,15,2,9,9,13,8,18,8,4,15,12,20
"COG1668",116,144,157,40,66,30,58,54,237,123,110,140,44,63,28,43,103,101,43,153,187,281,67,274,192,169,23,253,84,169,334,108,31,54,313,110,218,67,5,113,91,94,220,104,115,18,134,92,175,121,73,59,37,225,114,128,378,109,111,341
"COG1669",62,130,148,104,376,291,115,167,105,120,72,178,188,117,56,207,45,60,91,195,172,145,87,115,81,75,149,317,90,110,94,106,145,2,49,61,52,212,36,81,136,38,187,180,132,165,150,244,88,111,51,169,135,108,141,96,92,21,84,42
"COG1670",473,847,922,953,1463,476,970,646,794,906,1059,821,428,915,942,1020,814,757,959,566,979,1030,697,972,896,833,1318,849,862,856,864,904,939,1184,795,905,688,647,718,825,696,846,934,591,743,1004,1250,786,963,991,788,1102,950,867,740,626,841,1422,764,752
"COG1671",149,35,94,44,34,18,76,45,137,66,84,66,33,44,42,30,155,80,95,80,33,134,119,116,115,69,54,67,43,136,114,57,33,142,92,110,131,59,84,59,37,121,13,110,36,31,73,45,87,77,34,25,115,61,51,52,180,60,72,80
"COG1672",2026,614,1799,780,1184,1392,600,2437,1293,636,1218,1664,7943,682,6804,1036,710,818,503,2870,884,841,446,1084,642,627,1514,1334,723,2452,622,772,994,54,434,626,619,3621,689,858,1008,652,966,5353,3509,1402,510,4788,1148,1012,717,830,580,753,598,595,490,194,2297,311
"COG1674",1174,865,1078,686,648,1155,868,972,1360,524,813,908,1024,795,1345,693,1578,978,655,1254,475,1083,1036,1197,1048,774,544,1356,781,1045,998,1041,688,762,1182,1024,1108,1388,1517,1978,1020,712,802,1270,890,517,1506,743,898,782,805,583,860,1295,817,820,1281,1846,1044,1241
"COG1677",32,25,49,22,31,6,19,49,24,12,32,27,2,9,27,6,33,38,30,29,12,54,5,60,67,38,12,53,28,53,58,21,4,78,29,5,27,19,13,17,9,49,4,44,18,37,41,19,27,25,16,14,41,48,7,26,83,9,23,27
"COG1678",12,113,51,165,152,29,92,46,59,86,166,92,14,131,13,205,45,137,179,23,212,113,65,64,129,124,180,42,153,43,95,158,138,140,67,119,44,11,17,85,95,87,168,10,119,115,78,96,151,100,152,176,170,141,128,96,65,29,98,54
"COG1679",2,41,29,6,21,0,0,2,57,4,21,33,10,13,7,0,5,30,1,0,19,23,21,14,26,3,23,9,16,86,18,83,17,80,54,14,29,3,24,25,29,16,5,10,27,9,11,2,24,2,16,6,2,0,20,9,24,0,36,24
"COG1680",633,1121,646,1075,920,829,818,522,645,956,930,696,552,960,442,1305,593,996,1105,1147,1162,991,612,609,1105,1182,1049,678,1309,563,734,968,1005,688,802,768,646,495,472,722,889,957,1314,618,960,656,735,812,1089,1006,1206,1143,1015,1202,1187,1024,887,767,966,751
"COG1682",486,209,307,163,193,60,319,93,331,171,308,350,97,186,149,147,510,299,395,202,167,333,281,293,384,267,165,315,273,219,339,199,158,299,387,309,306,161,446,360,160,261,124,339,156,168,391,203,374,316,230,214,273,318,184,174,386,636,184,397
"COG1683",66,46,45,18,22,40,75,28,91,95,44,85,18,56,36,35,96,59,69,59,36,48,107,73,42,67,47,60,30,77,60,44,41,24,75,72,53,51,163,144,49,57,34,60,52,81,88,43,75,46,53,58,29,51,54,42,104,25,49,74
"COG1684",77,39,75,43,55,12,28,69,27,11,52,44,9,30,28,31,68,84,68,38,19,63,19,60,119,76,29,102,69,66,91,32,21,168,38,18,45,36,23,35,9,76,36,72,39,58,81,29,43,43,26,24,67,64,21,35,127,14,26,35
"COG1686",1829,767,1005,369,415,200,1067,436,1152,637,781,697,188,704,743,355,1624,1070,643,1068,403,843,1421,892,1114,889,311,753,685,999,1103,679,387,1166,1355,983,967,439,1083,1779,516,1040,373,1052,493,326,1136,341,858,790,580,670,781,854,637,625,1305,731,734,1351
"COG1687",60,55,43,20,18,18,48,29,79,25,59,68,34,41,32,32,60,59,40,44,25,71,31,61,78,50,34,62,40,57,58,45,13,29,49,58,52,38,69,42,31,44,21,88,37,56,37,37,70,37,23,71,26,25,32,51,37,217,16,46
"COG1688",0,0,0,0,1,82,0,1,0,0,0,26,0,0,0,0,0,0,0,0,1,0,0,31,0,2,0,1,6,0,0,0,0,0,8,0,28,0,0,0,0,0,0,0,0,0,1,1,0,0,0,0,2,0,2,0,1,0,0,5
"COG1690",39,169,104,228,252,34,35,283,34,105,213,177,221,83,29,190,88,49,257,19,58,148,152,115,107,96,252,352,135,633,170,165,127,419,195,174,249,892,241,90,182,118,183,69,94,435,51,101,93,108,165,103,252,190,191,76,110,55,108,246
"COG1691",132,61,70,20,40,28,66,24,74,48,35,81,4,40,48,27,91,45,28,160,50,31,67,100,59,59,16,36,59,56,53,28,16,52,88,59,87,27,175,61,65,41,49,47,37,73,42,32,33,34,27,66,46,20,64,47,68,22,31,50
"COG1692",21,69,100,9,6,1,9,3,124,21,66,50,32,26,28,1,96,49,26,1,25,43,35,45,26,20,23,46,44,95,55,56,22,5,152,91,52,26,8,187,53,50,43,40,19,49,115,14,92,16,37,15,27,34,35,83,55,23,86,142
"COG1694",104,294,202,251,307,397,279,162,202,240,375,275,196,341,87,300,226,231,339,140,370,261,174,319,322,244,300,380,277,171,270,287,341,123,181,250,295,186,248,346,237,205,2791,186,234,229,292,329,287,183,226,359,250,287,336,299,172,357,237,445
"COG1695",454,238,408,222,253,94,238,95,337,285,338,313,92,271,182,244,475,298,295,169,212,322,430,408,268,282,249,342,248,479,446,315,262,370,370,379,279,151,384,339,185,443,267,289,182,244,335,181,272,246,295,274,356,347,237,192,455,162,231,475
"COG1696",458,424,433,270,382,117,295,285,415,186,428,328,223,341,509,265,435,498,300,302,244,403,347,411,377,404,321,309,329,525,1304,912,943,410,1335,887,857,700,263,766,720,759,790,706,736,602,1309,537,840,907,853,616,1028,1194,911,892,1199,388,792,1020
"COG1699",58,34,54,28,30,2,19,20,26,7,28,16,3,13,42,13,56,55,34,37,10,41,9,59,91,36,15,72,47,40,76,17,5,43,41,11,51,32,22,20,6,26,25,44,37,39,37,38,26,19,27,19,47,61,13,29,112,2,19,30
"COG1700",23,11,17,108,19,805,19,6,112,17,108,115,299,0,20,101,22,83,141,220,6,0,0,279,26,13,53,61,3,12,59,2,248,0,5,11,210,122,70,176,20,36,70,137,50,34,21,75,140,53,8,16,10,8,5,119,122,9,108,61
"COG1702",405,470,412,333,307,542,352,432,455,372,495,391,412,345,532,366,397,373,421,541,333,383,455,381,402,406,319,476,360,448,440,411,349,353,386,381,487,558,446,263,443,409,339,470,428,265,497,329,355,345,429,357,426,395,382,374,469,584,474,415
"COG1703",76,321,203,328,274,99,214,130,236,290,297,270,29,285,68,319,146,246,311,59,460,170,212,228,212,307,323,97,293,167,184,265,332,160,167,222,252,37,28,192,334,301,319,26,249,276,122,232,311,234,338,392,305,300,337,309,166,41,247,212
"COG1704",128,304,218,301,294,246,226,237,225,220,236,275,295,207,266,220,227,178,149,209,340,200,185,275,203,229,312,290,329,280,186,300,220,51,251,372,252,279,223,162,326,309,313,197,280,315,343,360,188,300,372,308,224,349,257,265,282,364,189,273
"COG1705",260,275,329,661,698,933,470,802,322,548,409,488,1760,225,602,478,142,265,347,646,991,391,129,440,304,315,653,555,491,419,343,266,454,197,181,456,177,546,156,256,556,188,454,752,802,521,723,766,314,259,507,934,97,340,480,434,482,248,383,254
"COG1706",0,0,2,5,9,5,4,62,3,0,0,6,4,7,0,8,4,0,22,2,4,0,5,0,3,11,9,0,0,10,0,2,8,134,0,2,0,1,0,0,7,0,1,1,4,12,4,2,0,1,1,4,8,0,2,3,0,17,1,0
"COG1708",38,48,78,226,99,24,34,33,76,37,123,176,8,57,20,82,33,47,67,17,72,75,52,155,42,38,133,36,100,95,65,125,44,40,55,88,58,9,35,95,78,13,130,24,71,212,60,29,65,123,49,50,137,55,64,54,37,75,26,60
"COG1712",22,72,48,109,150,9,177,67,62,86,62,63,3,145,13,130,52,93,60,39,58,136,89,81,52,49,112,82,102,42,50,82,101,59,24,53,14,37,67,65,43,102,49,20,73,150,24,33,99,96,77,106,30,70,70,66,39,8,49,19
"COG1713",237,138,176,52,46,33,144,43,250,98,166,134,42,139,107,47,241,158,108,165,61,178,164,195,149,117,47,124,89,155,188,110,65,74,222,187,184,83,198,132,127,154,68,169,70,77,181,69,125,121,109,65,157,125,117,118,222,101,103,195
"COG1714",16,77,31,113,48,5,11,21,24,29,65,42,82,68,3,60,25,64,29,2,57,49,32,23,31,40,116,31,92,20,22,101,103,0,33,72,10,3,5,87,56,11,23,78,36,73,14,45,36,90,71,74,108,87,139,60,80,18,61,25
"COG1715",14,59,31,3,26,4,2,28,89,132,60,75,32,90,25,47,28,47,35,134,23,75,84,60,43,24,14,61,19,80,63,16,17,64,53,29,88,22,36,205,34,51,95,25,35,64,312,19,14,16,12,8,28,28,28,44,5,14,79,101
"COG1716",159,22,175,34,121,20,3,27,129,31,101,183,7,19,31,8,188,114,21,73,34,178,22,131,115,34,16,131,40,132,138,127,15,66,89,94,196,51,295,677,39,32,28,111,18,23,159,20,31,9,13,22,47,230,29,20,331,568,123,110
"COG1719",0,0,0,0,9,0,1,0,0,0,0,0,0,0,0,6,0,0,1,0,0,1,1,0,0,0,0,0,0,0,0,0,1,20,0,0,0,0,0,0,0,0,0,2,1,27,0,0,1,0,1,0,6,0,0,0,0,0,0,0
"COG1720",184,78,174,45,48,272,66,283,209,89,98,119,327,83,346,36,133,121,60,145,56,115,150,120,91,99,40,134,33,222,106,90,39,124,122,88,75,371,48,54,76,119,94,263,155,25,174,232,140,65,86,21,95,87,70,47,106,32,207,104
"COG1721",157,469,391,467,494,413,198,359,254,254,412,272,630,355,348,450,202,369,329,241,437,374,188,256,264,363,489,500,489,278,270,479,427,6,231,359,305,399,67,325,383,299,387,364,451,438,292,426,294,360,413,379,583,400,480,459,332,49,491,232
"COG1722",9,24,27,15,2,10,7,4,38,13,17,21,3,12,3,6,27,7,19,41,8,6,28,30,9,18,12,13,10,29,19,17,7,28,34,8,6,8,9,58,37,6,15,10,5,34,26,12,11,4,8,18,9,20,20,30,24,29,12,39
"COG1724",6,7,5,2,7,2,1,4,1,4,0,1,5,0,2,0,6,12,0,0,0,0,0,9,3,2,7,1,1,19,9,0,7,0,13,0,14,0,2,2,2,13,2,23,5,4,3,14,11,4,0,6,1,0,3,7,2,6,1,21
"COG1725",641,345,451,233,330,283,285,197,361,377,443,328,284,318,356,169,559,427,229,353,248,405,298,515,406,403,196,510,309,400,411,296,217,378,417,383,412,293,580,406,181,331,283,409,330,185,365,321,346,333,266,281,435,304,381,305,479,481,321,467
"COG1726",51,132,71,146,102,202,87,189,74,116,92,105,169,101,126,137,38,91,93,102,123,73,54,72,90,88,118,121,90,80,211,279,257,1,162,229,286,481,36,135,405,169,363,255,373,186,210,393,199,183,298,282,201,241,269,253,102,23,297,206
"COG1728",67,29,44,18,18,2,15,15,27,8,23,19,4,8,22,0,38,25,32,28,8,41,5,54,98,30,14,29,35,28,78,23,0,0,46,6,31,23,11,11,1,32,4,68,22,0,58,36,53,40,18,7,21,62,11,29,101,0,24,31
"COG1729",5,2,1,10,17,10,14,47,16,50,3,24,7,14,0,13,4,2,16,9,4,22,16,5,16,31,11,2,5,4,7,5,13,129,2,8,3,6,0,12,9,11,2,2,9,19,6,7,2,1,7,10,6,7,8,5,1,9,3,2
"COG1732",12,32,74,34,25,38,23,18,28,67,14,60,10,50,5,47,36,22,37,57,49,54,65,104,16,68,32,25,43,21,21,35,43,143,33,41,20,2,266,29,53,15,155,18,44,211,31,31,30,76,34,40,51,30,72,107,32,99,18,36
"COG1733",335,253,335,216,435,266,251,138,222,380,425,321,234,284,198,390,359,329,380,300,314,267,358,349,347,271,299,343,291,297,361,289,315,260,290,328,323,241,258,259,211,250,300,214,231,353,379,313,235,273,205,295,263,291,272,303,382,162,191,344
"COG1734",12,35,20,36,17,15,27,50,42,141,23,85,138,28,8,59,14,7,14,15,31,28,15,44,15,31,33,14,18,41,47,31,24,177,34,40,14,23,0,35,64,23,101,47,35,26,26,88,13,6,19,22,20,20,49,28,8,21,34,9
"COG1735",14,8,22,17,20,21,7,15,37,50,8,16,14,11,9,25,17,15,42,12,10,13,18,9,18,45,24,1,12,32,13,5,11,319,9,23,12,8,24,7,8,26,12,14,14,17,5,3,32,10,19,9,43,2,17,9,16,42,10,21
"COG1737",778,236,413,298,333,175,346,288,343,661,341,481,113,291,277,255,901,313,403,796,238,249,742,405,500,390,188,281,334,561,377,329,275,1358,554,532,332,251,865,325,252,500,392,533,250,925,270,323,199,279,367,399,532,215,323,563,307,799,282,517
"COG1738",86,129,131,195,147,248,125,252,129,202,126,120,328,136,258,198,100,114,192,150,243,119,142,124,154,172,180,171,156,120,141,124,181,70,89,153,178,289,24,61,219,149,199,189,211,189,202,263,149,228,176,191,164,133,127,180,71,31,173,120
"COG1739",309,286,333,248,208,311,284,302,350,246,295,313,307,278,284,252,309,287,271,435,311,266,270,327,290,305,213,339,291,304,282,294,246,257,307,342,344,371,376,386,331,295,223,260,307,220,397,295,271,243,285,349,238,297,311,303,342,386,286,357
"COG1740",9,88,54,28,17,30,42,26,33,15,17,43,10,40,22,60,30,5,37,20,43,26,32,75,42,50,35,17,31,16,10,17,21,214,3,19,22,9,6,22,57,32,33,22,28,21,10,15,10,13,29,23,46,20,46,40,9,50,83,26
"COG1741",26,173,109,340,431,32,196,107,117,262,154,199,16,240,20,328,77,138,230,39,282,184,134,234,81,197,340,81,265,93,82,260,286,283,55,191,35,14,66,148,190,152,228,16,186,342,61,132,185,176,229,346,323,167,201,169,83,65,99,29
"COG1742",1,1,0,4,3,6,1,4,0,8,0,7,0,2,1,10,5,2,17,0,1,1,0,3,2,3,0,5,1,4,3,0,4,46,0,1,0,0,0,0,2,0,0,1,0,2,2,2,0,5,1,0,8,1,0,1,0,10,0,0
"COG1743",169,200,0,61,0,61,0,81,17,258,175,13,5,0,9,0,150,31,7,0,4,0,63,32,47,114,0,36,82,0,23,65,0,0,24,7,69,0,0,189,7,2,19,4,285,0,0,0,0,18,0,0,261,11,34,81,1,0,22,95
"COG1744",733,412,490,179,269,74,502,224,685,159,352,289,57,351,283,148,619,515,288,390,166,417,756,382,552,469,132,384,390,453,590,365,269,509,855,353,412,170,501,336,337,546,222,466,231,261,441,180,504,442,501,507,442,542,336,296,686,305,348,393
"COG1747",0,13,1,0,0,0,0,0,9,0,0,0,0,0,0,0,0,0,0,0,0,0,0,0,0,0,0,0,0,0,0,1,0,0,0,0,1,0,0,0,0,0,0,1,0,0,0,0,1,0,2,0,0,0,0,0,0,0,62,0
"COG1748",470,419,431,432,505,543,478,487,335,297,425,365,525,452,481,375,412,462,407,346,384,458,417,443,482,445,363,515,422,349,403,407,450,138,403,295,443,481,300,307,381,413,270,392,478,304,396,396,368,393,416,404,524,392,439,407,382,118,534,423
"COG1749",126,55,112,62,72,6,32,79,62,21,68,36,8,30,78,7,57,72,45,71,20,144,8,75,138,121,17,233,73,86,185,36,7,136,64,13,102,38,19,46,9,116,30,77,69,10,93,35,52,42,27,36,120,136,23,44,252,11,51,87
"COG1751",3,0,0,0,0,0,0,0,1,0,1,1,0,1,0,0,0,2,1,0,0,1,1,0,1,1,0,0,0,0,0,0,0,0,1,0,0,0,0,2,2,0,1,1,1,0,1,1,1,2,1,0,0,0,2,3,1,0,1,0
"COG1752",238,818,697,1166,1325,132,750,701,644,593,787,850,377,1038,455,1044,576,784,920,335,1045,837,669,658,528,891,1148,400,971,521,656,1103,948,232,536,829,552,507,193,950,837,507,1051,416,1042,1232,463,573,840,866,795,875,1432,981,942,1039,680,188,791,611
"COG1754",306,575,361,539,467,1254,573,811,477,496,501,557,1330,622,977,505,172,494,609,535,624,379,253,466,403,442,467,593,504,497,426,541,526,1,327,410,649,1030,515,316,761,392,550,753,764,368,392,796,441,443,497,531,436,536,446,490,217,905,774,392
"COG1755",0,1,2,36,36,0,1,0,0,0,1,0,0,3,0,26,0,0,39,1,0,5,1,1,1,15,3,0,10,0,0,0,44,0,0,0,0,0,0,1,6,0,3,0,0,3,0,0,0,3,5,1,51,5,0,0,0,4,0,0
"COG1757",1335,1073,1300,1011,1000,893,1278,1261,1333,861,924,1007,2132,1163,2157,1046,1004,1067,935,1224,1053,973,1165,1118,1146,1155,909,1095,1200,1210,1068,1043,1115,644,868,1094,997,1624,811,944,1213,1202,1123,1391,1465,1708,963,1239,945,850,1099,1253,1096,944,1347,1402,1014,764,1084,909
"COG1758",4,3,8,5,4,15,6,28,8,26,15,32,7,3,8,10,11,0,16,54,9,6,2,5,8,12,10,2,2,14,10,4,1,65,19,12,29,5,79,2,16,14,7,12,4,13,16,5,3,2,10,5,8,14,6,6,2,185,3,18
"COG1760",746,424,465,501,410,671,523,532,614,511,496,561,547,455,520,411,608,558,504,757,466,544,663,464,558,573,419,513,476,542,514,458,393,606,525,534,586,481,673,332,644,539,511,506,476,509,473,566,398,426,594,482,454,522,538,627,545,813,501,412
"COG1762",1062,282,795,277,456,273,472,366,437,659,411,529,145,551,434,419,1129,652,604,801,280,440,814,516,670,584,262,324,419,438,594,310,378,2419,737,642,635,205,1341,336,270,504,542,534,325,1393,493,297,433,602,399,369,727,447,472,659,607,616,382,1016
"COG1763",82,32,40,61,19,16,94,33,38,64,23,28,12,54,18,19,99,31,72,42,18,44,52,17,70,55,38,22,28,46,48,38,21,161,79,26,13,56,27,28,23,53,6,37,34,59,42,27,28,54,56,56,35,28,27,52,38,31,32,21
"COG1764",0,0,0,4,0,8,3,7,2,33,0,6,2,1,1,7,0,0,17,1,4,0,2,0,5,2,4,0,0,0,0,2,3,66,0,3,0,2,0,0,2,0,3,4,2,5,0,0,1,1,0,2,6,1,1,0,0,18,0,2
"COG1765",2,6,15,18,20,10,13,7,9,38,34,29,12,14,7,28,6,5,27,28,9,11,7,15,3,18,19,3,10,5,10,14,16,121,12,14,19,2,128,8,19,5,31,1,18,10,2,9,5,4,12,7,12,2,17,13,4,148,5,2
"COG1766",64,83,67,56,56,15,11,131,100,14,38,44,15,21,29,47,82,54,52,11,33,90,29,111,80,28,58,129,85,133,139,38,20,226,134,25,12,39,45,21,22,96,41,72,62,96,84,51,36,42,40,18,114,95,35,67,197,22,42,54
"COG1767",20,25,32,23,27,30,121,40,45,90,21,39,10,70,11,50,74,21,29,48,30,16,53,35,57,57,26,32,35,43,25,26,26,155,15,27,12,8,104,16,34,20,32,12,43,115,23,20,54,75,11,91,45,31,51,93,28,81,8,11
"COG1768",76,73,93,42,27,19,89,43,154,32,125,102,27,53,64,35,149,75,53,74,20,60,172,68,71,72,31,59,45,115,92,112,83,12,172,114,102,74,130,158,94,81,41,45,43,31,105,21,96,49,79,54,77,87,65,49,113,30,84,183
"COG1770",1,0,0,17,6,28,0,21,9,79,89,53,13,8,8,19,11,2,32,49,15,3,3,0,5,29,19,0,4,0,0,3,6,250,4,49,65,1,464,0,38,15,0,2,7,26,1,5,4,3,10,2,22,0,5,0,2,636,2,1
"COG1773",96,71,125,62,56,110,148,112,106,170,102,142,46,111,50,90,110,162,105,97,111,63,168,120,66,87,98,113,67,122,133,100,55,291,105,124,93,76,111,90,85,104,105,74,91,149,96,95,89,101,125,83,91,65,118,223,91,43,80,113
"COG1774",514,416,319,254,306,631,498,214,414,326,318,312,327,470,321,271,561,442,464,261,363,380,394,432,537,398,226,482,375,409,454,371,374,154,540,327,544,414,326,566,430,356,322,528,389,271,541,334,532,409,337,370,298,454,316,389,456,160,356,461
"COG1775",368,160,178,51,95,84,134,66,217,236,180,392,49,184,132,113,193,262,147,339,136,139,243,301,135,202,88,153,154,316,131,123,81,374,106,211,219,50,410,134,219,206,82,137,95,139,91,56,102,107,118,144,140,88,208,114,211,178,68,216
"COG1776",136,85,122,37,86,16,54,32,77,23,52,40,5,33,121,31,91,170,67,50,40,138,20,107,200,126,31,177,106,87,212,42,33,113,137,16,99,31,51,49,19,139,76,120,101,93,154,33,71,79,20,30,121,173,36,63,244,0,52,109
"COG1778",97,134,168,267,141,284,152,204,140,219,127,214,297,156,197,191,90,129,106,148,289,155,126,173,178,173,298,285,162,519,201,198,337,149,99,135,160,268,84,159,243,236,303,136,241,157,252,236,173,152,219,256,97,152,147,195,227,48,198,122
"COG1780",21,1,10,5,7,12,1,7,3,21,21,7,3,3,4,7,8,2,20,89,7,1,4,4,11,17,10,1,4,2,0,0,4,48,4,14,13,3,128,0,13,8,11,17,5,9,1,2,2,11,3,4,4,3,2,9,0,167,4,3
"COG1781",191,201,232,195,172,259,187,210,230,173,194,217,253,176,262,204,194,199,221,186,238,190,214,240,214,205,206,242,181,245,213,180,200,174,246,215,242,343,157,143,202,231,218,154,246,144,262,226,183,166,247,247,112,221,163,155,223,238,230,214
"COG1782",1,0,4,0,13,0,14,0,53,0,12,19,0,0,19,0,1,0,3,11,1,37,0,9,0,0,1,0,0,0,0,0,0,0,36,1,10,10,11,15,0,18,0,4,1,0,9,0,9,0,1,0,9,0,1,0,0,0,2,1
"COG1783",31,504,160,147,169,45,55,38,231,192,614,1050,123,87,68,77,233,61,48,58,106,150,141,197,93,91,155,138,264,137,42,76,30,9,64,547,68,15,65,45,35,41,37,28,41,236,43,10,21,65,118,555,65,60,229,55,111,23,94,175
"COG1785",140,486,264,641,541,239,524,292,333,563,407,393,39,497,83,633,272,503,444,348,532,429,435,241,298,518,510,231,458,189,325,465,739,218,198,472,306,165,170,323,391,448,493,53,427,411,388,272,474,359,537,508,593,437,550,523,403,64,366,335
"COG1786",0,0,2,0,4,0,1,0,2,1,0,2,0,1,0,0,0,0,0,0,4,1,1,2,0,1,1,1,1,7,0,17,2,31,1,3,5,0,0,11,0,3,1,2,3,4,1,1,0,4,2,1,0,0,2,2,5,0,3,0
"COG1787",42,11,7,37,3,2,0,0,7,11,11,6,6,2,7,0,28,6,3,3,2,15,4,27,26,11,2,36,5,11,28,15,0,1,8,7,35,0,55,16,1,6,7,6,4,44,33,3,4,18,21,3,11,67,6,0,21,1,3,26
"COG1788",22,24,38,26,13,35,25,18,66,76,20,114,5,43,12,22,25,25,43,49,51,17,33,55,27,58,25,20,26,36,29,39,17,146,19,69,29,3,113,33,57,15,96,18,25,64,16,40,17,16,32,50,52,22,85,101,21,21,23,20
"COG1791",0,0,0,0,1,0,0,2,0,21,0,0,0,0,0,2,0,0,2,0,2,1,0,0,0,0,0,0,0,0,0,0,0,0,0,0,0,0,0,0,0,1,0,0,0,0,0,0,0,0,0,0,0,0,2,0,0,0,0,0
"COG1792",175,151,192,126,98,238,158,199,199,152,162,154,242,161,245,144,217,189,174,216,171,140,156,168,187,181,136,191,134,189,467,399,396,202,396,401,471,601,341,516,405,405,471,448,462,284,428,447,434,306,423,482,344,417,391,388,463,174,536,480
"COG1793",2,26,5,57,20,26,6,0,5,8,5,6,2,17,1,24,5,1,18,3,141,13,11,220,21,6,29,14,11,92,115,14,13,81,11,18,28,7,0,5,7,4,67,10,2,69,6,3,21,64,11,5,17,5,23,4,13,11,3,66
"COG1794",37,46,34,100,25,37,35,34,68,147,33,73,9,38,15,29,46,34,40,122,30,83,31,52,35,71,45,82,39,66,16,33,28,296,58,26,57,10,18,59,58,86,40,39,36,111,32,15,45,64,36,59,39,41,53,43,52,87,19,17
"COG1797",397,245,246,243,214,80,346,160,292,310,311,212,21,248,172,258,315,378,427,263,287,294,418,249,382,481,239,132,291,195,273,168,213,65,363,208,401,88,278,200,229,340,226,215,218,201,221,268,323,297,327,305,325,293,332,335,372,133,211,386
"COG1799",168,115,161,70,54,34,116,39,170,81,138,133,46,104,109,49,224,138,88,248,67,156,200,179,142,122,62,88,98,174,136,113,78,43,226,156,159,77,268,169,133,100,64,130,72,103,182,70,138,130,106,63,95,127,102,123,243,233,111,174
"COG1801",3,0,7,1,2,8,1,0,6,24,1,7,1,2,0,5,1,0,4,21,6,6,1,0,3,4,1,0,1,0,0,1,5,112,0,3,8,1,14,6,4,6,1,0,11,21,1,1,2,0,3,6,5,2,3,10,1,26,1,3
"COG1802",783,329,622,275,467,156,531,296,346,321,304,487,94,345,311,347,649,521,362,493,251,484,732,505,645,482,216,408,374,419,472,314,358,1249,340,333,420,248,665,320,249,477,303,435,272,808,338,321,243,402,367,431,558,323,320,391,482,306,292,477
"COG1803",165,270,247,288,275,42,311,116,293,172,300,294,51,282,107,243,269,300,155,105,294,248,288,285,206,283,259,169,205,244,280,217,342,192,245,249,142,76,151,196,203,246,356,119,233,210,250,202,319,243,304,501,223,255,281,228,215,108,217,258
"COG1804",83,170,65,71,103,129,111,57,75,72,74,338,36,116,43,171,78,164,130,341,131,64,204,145,68,131,101,72,91,208,176,141,48,782,113,93,92,24,341,96,202,69,116,61,98,320,54,65,61,86,95,149,132,48,127,121,180,426,47,110
"COG1805",67,249,141,229,151,398,232,434,187,183,170,220,359,304,299,210,60,109,104,130,264,201,122,174,165,161,192,315,173,165,183,202,278,1,130,219,192,308,38,182,242,187,266,178,301,188,199,277,183,165,221,220,75,186,281,273,117,21,245,134
"COG1806",16,10,8,14,24,19,37,28,60,78,20,88,14,14,26,45,17,5,18,144,12,17,15,26,23,45,13,19,6,16,1,6,16,113,5,15,48,11,102,32,42,22,14,19,18,21,12,10,21,1,13,15,20,5,21,13,12,27,5,9
"COG1807",148,395,297,422,472,82,384,334,494,275,415,549,685,350,425,607,166,334,313,623,553,297,270,364,338,462,393,196,450,321,271,323,516,199,141,297,317,314,589,295,595,384,596,402,482,420,184,565,379,301,463,644,591,405,430,426,213,76,544,195
"COG1808",68,283,197,292,300,63,285,160,246,341,270,341,26,279,47,313,130,236,298,120,479,259,230,242,265,379,265,102,255,151,229,287,369,1,153,295,289,28,186,210,340,280,408,47,253,280,153,212,274,239,322,341,256,241,284,290,124,115,219,308
"COG1811",101,54,95,44,51,176,57,40,90,140,36,143,47,58,44,70,105,56,71,184,76,48,274,117,34,72,49,98,37,130,81,89,99,232,104,67,72,67,213,65,82,76,88,55,58,206,199,48,58,64,60,117,80,53,93,80,121,75,44,48
"COG1814",2,26,35,86,142,11,34,7,8,7,8,15,2,19,5,83,11,8,96,91,35,49,12,27,6,43,90,12,61,14,26,51,40,1,7,20,5,2,35,23,46,2,145,11,48,75,3,10,9,101,42,20,166,18,44,26,19,16,5,0
"COG1815",34,26,45,30,33,16,12,40,27,3,15,26,6,8,28,14,42,47,53,9,13,39,3,42,82,47,28,71,30,37,84,18,5,107,42,10,9,15,7,11,7,31,17,44,22,26,31,28,26,34,14,21,34,59,8,26,93,15,20,36
"COG1816",206,26,104,24,42,28,71,28,79,68,66,51,12,66,44,38,198,75,164,161,34,70,54,73,175,60,31,88,82,49,71,57,22,179,26,50,94,34,131,214,17,88,45,89,58,26,64,56,42,40,45,56,161,68,41,78,150,88,26,74
"COG1817",2,26,0,29,0,5,59,18,4,25,102,8,1,0,0,106,6,25,0,0,152,12,41,2,23,76,98,4,73,7,1,10,78,0,7,51,2,0,0,8,11,124,53,0,16,0,50,65,24,13,133,113,0,8,46,0,0,0,4,1
"COG1819",51,217,105,285,377,370,181,117,69,318,139,121,102,165,26,227,100,118,332,45,119,165,185,112,174,170,177,179,199,151,127,199,245,33,140,161,168,267,46,89,166,87,158,70,136,216,67,111,102,189,137,158,231,160,203,200,119,45,112,188
"COG1820",524,496,472,822,710,525,766,496,456,654,554,456,110,646,258,732,551,516,664,485,710,492,785,407,731,634,684,392,645,413,492,637,877,597,596,617,515,270,760,305,571,786,490,254,408,682,755,387,620,604,714,835,584,462,584,651,379,526,401,537
"COG1823",33,3,26,11,20,13,27,11,13,91,10,104,8,10,34,48,36,5,36,112,27,7,8,28,32,50,12,2,18,11,9,4,9,192,2,22,24,16,87,6,8,12,16,31,10,24,5,9,12,4,4,3,29,4,12,35,6,33,21,14
"COG1825",230,248,152,193,281,263,220,284,185,231,252,226,332,240,277,242,135,192,222,189,289,159,170,198,200,227,277,254,275,217,207,210,293,46,145,194,246,252,222,183,242,204,236,167,284,122,166,266,196,193,228,309,224,222,234,184,147,239,287,147
"COG1826",13,7,34,8,15,37,18,26,27,89,7,42,15,16,6,27,35,4,40,13,31,16,102,10,41,31,21,3,9,31,12,13,19,275,6,25,14,8,18,13,23,18,4,27,16,25,8,6,6,1,17,24,17,33,11,12,7,103,13,24
"COG1827",226,62,128,74,42,16,104,57,114,57,59,84,16,81,80,47,206,120,99,136,50,93,152,119,112,134,33,82,63,105,117,68,30,57,101,97,126,55,192,63,46,131,52,100,57,56,68,58,86,83,75,95,103,94,93,72,147,73,55,95
"COG1830",58,181,137,458,391,60,344,135,155,264,169,275,39,351,36,308,131,76,192,46,367,280,182,223,143,302,334,141,238,84,120,200,293,241,107,182,42,31,115,174,204,213,240,11,255,333,76,170,351,253,254,449,171,137,284,204,95,68,107,74
"COG1832",3,2,0,6,3,8,5,6,6,22,0,4,4,4,3,5,12,3,21,2,7,2,4,2,2,7,5,3,3,2,1,4,3,51,1,0,2,1,5,0,1,1,17,12,4,13,1,1,1,2,1,5,12,1,2,3,1,22,1,2
"COG1834",8,7,13,25,12,1,52,11,17,29,11,41,11,28,5,25,11,11,21,7,12,24,7,17,9,19,40,14,27,19,12,17,16,3,24,4,7,2,14,13,9,22,8,14,9,14,4,5,19,68,12,32,2,30,18,33,21,10,13,22
"COG1835",181,507,296,616,335,244,254,232,272,367,771,348,293,340,88,608,180,526,536,321,601,251,260,235,319,443,711,123,490,265,417,435,814,142,350,417,381,70,450,292,460,378,484,166,327,359,331,391,348,510,515,445,700,415,534,504,344,934,513,373
"COG1837",100,51,103,32,25,10,73,22,114,40,78,62,22,54,39,21,130,86,35,86,33,78,87,99,74,73,28,70,46,92,116,80,39,31,119,80,79,31,129,147,59,71,43,72,39,31,94,28,71,55,48,43,74,82,41,62,124,129,45,131
"COG1838",483,467,503,340,467,940,541,829,413,542,360,454,643,464,799,362,412,359,524,448,452,415,409,443,510,489,368,402,359,455,436,302,397,527,393,370,492,737,203,305,521,420,370,511,644,366,422,567,358,388,374,415,350,398,417,460,313,244,597,434
"COG1840",131,177,229,86,210,102,378,102,198,353,135,316,34,132,123,167,120,136,64,195,126,150,114,223,208,76,48,136,174,251,135,148,181,435,317,210,155,75,447,130,139,141,213,114,156,560,164,90,134,165,148,287,150,120,147,253,168,162,123,131
"COG1841",51,33,49,18,23,20,38,26,59,40,31,56,14,29,31,17,55,29,33,44,26,36,44,65,47,33,16,46,33,60,81,22,12,88,60,52,57,14,114,29,39,26,59,44,23,46,23,12,41,30,16,26,34,30,42,42,60,74,22,55
"COG1842",68,15,94,22,53,17,23,18,54,52,44,33,11,13,12,27,38,38,26,53,16,90,12,57,54,88,23,56,33,39,72,17,17,266,29,21,83,10,0,14,3,30,9,47,23,26,25,7,41,27,18,31,31,63,13,23,113,42,32,69
"COG1843",60,52,73,16,44,21,28,60,37,12,41,31,7,19,23,7,49,76,48,27,13,92,15,71,79,39,21,110,46,62,107,31,9,131,40,15,47,11,23,28,13,78,11,53,40,6,51,4,28,39,11,19,66,98,18,16,117,19,28,54
"COG1845",0,0,0,2,5,8,4,14,3,45,0,14,6,3,1,20,2,0,18,2,14,4,4,0,3,13,10,0,4,0,0,0,2,61,0,4,0,0,0,0,1,0,0,0,2,3,2,0,0,0,0,1,4,0,7,0,0,5,0,0
"COG1846",918,592,543,497,651,311,606,344,485,741,632,764,127,476,408,618,886,719,722,718,573,553,745,676,823,639,548,554,581,536,628,461,472,848,534,596,595,325,867,509,363,593,659,632,505,779,694,505,664,628,542,757,607,507,573,575,704,561,400,733
"COG1847",359,173,244,51,109,56,190,61,268,131,197,256,42,159,171,79,321,254,193,290,96,156,251,293,242,201,63,126,129,262,265,130,69,110,307,230,273,103,422,260,143,186,109,224,120,119,226,115,229,155,119,115,161,221,153,175,283,461,169,271
"COG1850",9,6,7,0,47,1,27,1,47,2,15,0,1,0,14,21,25,5,5,15,3,4,1,14,5,1,0,0,2,6,7,5,16,54,20,14,8,11,11,16,4,7,4,8,17,40,5,4,7,1,3,1,23,1,2,5,2,14,0,4
"COG1852",1,5,18,10,3,11,5,11,5,16,2,25,1,7,3,96,23,4,13,49,9,11,12,21,4,17,11,11,42,9,4,11,32,0,8,5,15,0,21,7,50,3,17,10,6,34,2,20,3,9,15,12,9,3,19,40,3,8,11,11
"COG1853",644,552,502,375,542,343,506,626,562,670,440,644,482,532,538,428,568,436,664,524,387,537,465,686,519,429,400,490,457,545,584,452,493,340,616,534,592,458,482,565,421,378,579,544,525,371,406,462,450,500,336,452,381,437,484,530,462,236,698,745
"COG1854",259,192,188,78,99,168,186,237,181,185,206,165,267,173,288,150,179,223,204,222,194,112,167,152,276,170,145,157,159,205,194,128,224,170,210,174,265,242,200,91,155,193,151,257,197,58,254,260,197,171,173,197,126,243,194,155,202,250,231,230
"COG1857",44,3,11,1,2,1,22,2,3,1,27,5,2,3,3,0,31,5,142,2,1,76,12,20,41,68,3,68,13,39,38,9,1,0,64,7,73,2,3,6,9,22,6,31,1,0,40,6,5,2,0,3,19,3,9,37,13,2,5,30
"COG1858",22,115,54,168,167,76,85,64,72,180,102,109,20,77,16,144,35,61,357,30,101,117,31,53,184,137,106,40,117,60,68,86,132,243,98,96,147,14,0,51,155,47,232,22,101,73,51,36,43,200,90,57,212,55,106,150,20,48,86,164
"COG1859",20,15,7,3,28,12,6,20,14,16,43,22,22,6,2,18,22,45,28,3,8,36,4,26,24,26,11,57,23,14,33,6,8,153,3,6,33,4,15,12,3,5,17,10,8,22,2,20,3,4,4,25,23,14,16,15,17,15,8,20
"COG1861",0,79,11,16,96,4,43,4,18,57,36,24,8,86,2,73,14,70,2,0,82,53,51,15,16,16,114,25,40,3,39,163,23,1,13,22,7,4,0,70,69,95,151,7,19,9,34,40,45,92,50,32,66,51,29,37,12,16,8,10
"COG1862",108,203,143,101,238,182,173,200,164,132,243,237,145,158,186,183,143,166,190,175,210,129,167,180,160,161,187,174,145,181,52,62,76,30,52,57,74,73,55,50,56,82,70,41,41,40,45,72,59,50,59,84,59,53,65,54,45,16,65,71
"COG1863",10,8,14,16,11,12,7,6,16,14,4,12,1,7,6,5,4,8,1,2,5,12,15,24,0,8,5,7,14,13,9,8,18,19,9,7,2,0,0,12,21,4,19,5,5,17,3,5,10,6,11,17,3,7,16,14,15,0,5,4
"COG1864",80,264,277,391,328,545,229,523,252,224,269,394,498,264,296,370,153,358,308,142,398,203,154,358,194,293,378,346,277,321,186,299,454,0,239,340,392,502,35,262,437,308,503,391,372,268,338,591,262,271,432,332,291,363,305,280,259,18,278,262
"COG1865",50,15,31,25,2,18,41,4,32,12,12,34,3,12,19,7,25,10,6,16,18,11,24,38,7,25,15,25,24,38,6,20,14,0,6,12,5,9,12,19,28,8,14,13,8,80,20,3,14,14,11,18,24,9,9,23,12,4,5,10
"COG1866",834,725,729,508,579,864,895,935,671,663,622,653,1195,694,1035,577,723,525,632,794,734,770,653,756,813,583,552,678,631,688,744,576,774,386,708,623,695,1232,490,462,659,715,536,873,786,388,724,762,516,582,716,613,554,665,613,596,709,315,779,614
"COG1868",104,64,95,47,94,19,45,101,63,31,67,45,16,35,45,23,87,122,98,68,33,124,15,97,118,70,36,195,80,113,159,45,24,199,101,13,84,41,19,39,15,71,38,99,50,57,79,38,51,45,30,34,68,103,26,55,171,12,53,68
"COG1869",8,4,6,9,19,11,13,22,16,23,3,11,11,6,12,10,11,5,8,5,5,4,9,12,6,6,7,4,5,11,16,10,18,215,42,14,11,10,21,11,13,7,32,11,20,114,16,14,11,11,17,40,20,7,22,53,12,62,7,6
"COG1871",50,38,47,20,29,3,13,20,31,17,21,11,2,8,12,16,27,64,24,35,19,41,13,57,67,42,15,88,38,38,67,29,6,25,53,2,53,28,5,20,4,32,21,62,33,31,48,29,24,36,16,18,28,66,11,18,117,0,26,35
"COG1872",1,1,0,3,9,2,2,9,9,26,0,9,5,5,1,12,3,0,14,1,4,3,0,1,21,13,3,0,2,1,0,1,3,77,0,0,0,4,0,0,3,1,2,4,5,7,2,0,6,2,7,0,3,1,5,2,0,8,13,1
"COG1873",98,39,52,25,17,5,42,27,50,24,64,34,9,37,33,6,97,67,48,33,37,63,84,67,77,52,42,29,26,80,86,52,40,31,80,56,56,52,27,111,27,63,35,55,22,13,92,33,35,42,51,13,76,76,36,29,108,28,47,108
"COG1874",1050,1253,918,1561,1448,462,900,833,710,1744,820,787,783,1274,1389,1267,1030,1206,978,683,990,1157,709,885,1129,1017,1353,778,1031,739,952,1285,1155,204,731,1039,835,921,1142,948,1101,832,1148,1024,977,1349,746,799,891,1371,967,1216,1557,995,1031,1300,849,2065,990,1158
"COG1875",40,246,106,200,218,31,144,51,121,85,165,112,15,217,12,217,135,224,103,68,210,175,96,58,95,203,278,61,228,86,90,323,263,57,92,165,68,35,121,400,201,195,268,29,144,251,69,75,108,166,200,184,279,213,204,253,218,67,113,51
"COG1876",351,188,165,70,64,15,217,84,253,87,316,100,52,174,73,48,313,209,84,156,35,295,302,245,152,196,27,197,88,207,292,172,94,130,227,139,187,89,58,362,106,183,147,244,139,57,227,45,154,194,130,40,138,275,104,75,334,100,160,546
"COG1877",9,88,23,111,102,9,49,32,30,64,61,54,5,93,4,93,27,49,29,10,91,87,33,44,34,61,172,42,109,33,58,94,196,146,37,198,19,15,51,170,113,109,133,6,168,194,44,88,344,91,200,253,73,164,235,172,69,39,111,51
"COG1878",105,56,69,30,61,9,87,47,129,53,73,107,18,43,30,64,116,112,50,97,35,114,70,82,70,97,30,79,58,94,53,36,46,90,40,71,112,44,133,49,69,79,87,71,52,82,66,28,33,31,38,79,94,20,65,61,65,38,52,62
"COG1879",2118,1202,1453,1114,1663,1935,1466,1565,1165,1602,1075,1261,1471,1163,1327,1488,1394,1122,1654,897,1144,1165,1641,1273,1437,1179,1133,1212,1256,1431,1463,855,1177,3125,1716,1190,1367,1701,1153,680,989,1141,1014,1379,1449,1764,1484,2208,1383,1198,1060,1234,1810,922,1206,1002,1328,1181,1100,1254
"COG1881",14,3,7,9,14,16,9,16,22,132,38,48,8,5,10,25,6,2,34,44,13,11,10,10,36,26,8,0,9,19,1,4,8,109,4,25,38,4,94,8,28,13,20,7,14,49,6,1,3,6,10,7,12,0,14,25,7,298,6,5
"COG1882",1640,1106,1155,1165,1721,1308,1669,1074,1095,1339,1098,1199,1035,1573,1004,1499,1384,1030,1342,1051,1196,1174,1418,1083,1210,1327,1034,1130,1252,896,1173,1235,1417,1889,1393,1345,1070,881,1601,1485,1261,1387,1241,1072,1240,1067,1389,1125,1101,1154,1279,1328,1312,1177,1338,1517,1287,1377,1099,1265
"COG1883",580,907,757,918,689,574,839,586,1011,710,969,538,500,851,566,771,641,968,724,484,1000,787,895,658,740,840,854,601,916,784,849,943,1113,203,871,852,692,488,230,662,921,825,710,463,804,798,505,616,964,778,970,941,947,777,902,903,867,135,795,649
"COG1884",146,952,574,1205,753,331,809,500,740,742,842,735,99,930,150,1066,383,743,836,215,1101,670,644,641,634,822,1037,380,1073,444,595,866,921,204,515,762,884,101,80,556,1091,802,1036,82,755,753,343,605,653,782,1144,952,682,853,1065,1063,420,112,720,656
"COG1886",45,47,57,22,91,23,16,38,48,8,27,72,11,25,29,21,34,74,37,19,26,64,24,51,96,81,47,81,38,43,66,27,38,368,29,14,35,14,20,27,8,45,42,49,46,118,38,26,29,40,11,8,71,78,11,28,109,32,25,45
"COG1887",782,349,390,204,368,497,63,109,836,219,419,423,275,348,564,290,686,537,293,247,196,542,492,379,494,420,270,798,287,499,586,337,252,61,397,939,327,165,338,401,256,379,405,706,386,249,593,155,910,567,292,163,434,736,502,346,736,167,569,537
"COG1892",2,0,0,2,0,0,1,0,1,0,4,0,0,0,0,0,0,0,0,0,1,0,0,0,0,24,0,0,0,0,0,0,0,0,0,2,0,0,1,0,0,0,0,0,0,0,0,1,14,0,0,0,0,0,0,0,0,2,0,1
"COG1893",468,361,329,322,308,120,697,243,348,381,445,337,53,471,175,431,413,449,484,468,535,424,461,328,466,483,323,308,439,238,366,423,459,193,383,401,417,97,314,365,338,467,261,212,378,400,258,199,390,445,492,478,404,395,470,326,420,322,346,299
"COG1894",543,300,332,335,368,75,344,155,502,336,242,401,94,272,133,420,226,425,228,294,437,379,328,292,299,365,232,274,347,428,327,288,228,484,483,397,323,39,236,223,334,230,360,190,344,653,173,231,508,275,212,387,231,159,318,461,257,268,275,262
"COG1895",30,20,22,59,68,63,24,50,33,16,56,72,132,57,62,75,37,65,49,14,31,54,32,71,18,15,96,62,38,44,74,72,137,15,28,71,7,171,51,48,50,42,124,132,37,76,204,301,103,104,78,158,57,57,77,64,38,22,145,32
"COG1896",304,161,244,77,125,58,195,63,288,129,181,167,54,169,170,108,287,271,174,194,126,235,249,221,193,189,88,177,118,232,268,207,76,484,320,259,227,115,203,306,177,218,132,179,117,144,258,90,199,158,137,124,263,220,161,166,306,147,152,241
"COG1897",408,354,400,304,289,457,272,393,388,377,382,353,451,376,486,271,410,417,358,458,303,295,359,333,408,349,275,428,319,427,328,322,353,246,345,416,516,612,478,256,326,402,284,366,340,242,449,403,326,297,289,298,396,369,334,325,435,487,383,422
"COG1898",347,570,565,501,717,788,350,525,475,460,664,494,830,546,671,693,373,420,527,460,541,422,528,552,412,540,676,489,635,714,388,655,662,130,518,498,474,605,633,716,535,351,435,775,667,515,564,644,407,469,478,602,936,555,606,570,586,348,613,409
"COG1899",0,1,7,0,0,0,0,1,8,0,0,8,3,0,0,0,0,1,0,0,0,10,4,6,0,0,1,2,0,2,0,4,0,0,5,0,0,0,0,4,7,0,84,2,2,0,2,0,0,1,5,0,0,2,1,2,2,0,1,0
"COG1900",0,2,0,0,0,0,0,2,4,2,7,7,0,7,0,2,0,1,4,0,12,5,7,9,0,1,1,5,2,6,8,19,2,0,2,6,2,0,0,6,2,6,71,1,12,0,4,2,2,2,6,0,7,5,11,1,3,0,5,3
"COG1902",467,232,150,218,157,101,289,148,239,416,271,308,27,279,135,234,330,321,232,336,227,180,408,209,305,281,177,105,224,249,405,471,443,906,617,700,750,172,1010,493,629,622,542,423,531,537,363,409,777,441,685,609,440,500,746,826,425,1004,439,608
"COG1903",288,335,258,380,264,49,405,139,302,260,334,177,26,366,155,383,353,355,259,241,323,380,511,244,231,460,471,171,538,208,191,229,353,60,243,270,178,88,266,223,181,460,184,153,247,350,155,224,427,358,530,441,318,273,403,337,333,126,259,171
"COG1904",418,458,396,477,481,562,580,559,441,395,423,466,520,450,635,530,331,510,398,355,488,415,909,281,399,427,500,466,485,522,405,438,504,262,417,438,399,482,494,295,514,540,302,379,542,379,252,508,615,485,526,500,409,438,416,432,303,137,534,290
"COG1905",121,99,118,110,127,19,105,39,183,116,109,165,27,103,27,107,82,139,67,40,156,82,133,92,49,81,111,68,68,178,91,114,117,280,115,138,62,12,83,79,78,57,159,32,83,269,44,92,116,97,58,163,105,74,76,113,77,135,111,103
"COG1906",19,18,19,28,26,23,44,21,27,15,5,29,4,16,5,27,9,25,9,8,23,21,33,34,32,38,9,17,32,34,5,18,26,90,8,11,11,4,34,18,33,17,17,10,18,138,10,4,16,8,26,92,35,6,27,32,24,2,3,10
"COG1908",36,16,14,12,5,2,12,19,10,27,13,20,6,12,6,1,28,12,17,6,3,9,20,6,2,9,14,11,8,15,9,26,1,0,38,38,15,0,18,29,20,25,21,7,17,48,3,15,4,19,10,21,18,4,20,47,13,6,16,28
"COG1910",100,13,4,8,12,4,26,8,8,12,11,10,2,12,14,8,28,9,32,4,14,29,43,30,12,30,3,13,16,103,8,11,7,0,16,30,11,2,12,9,4,25,7,20,9,2,6,8,19,6,23,7,29,14,15,9,11,31,6,10
"COG1912",2,0,3,6,1,18,7,0,0,7,1,7,3,8,2,26,9,0,1,0,1,3,8,0,2,7,7,1,5,1,1,0,0,21,0,2,0,1,5,0,6,1,26,18,3,17,0,0,3,0,0,0,2,1,0,2,2,40,3,2
"COG1913",0,0,0,0,0,50,0,127,41,8,0,8,30,0,150,0,0,0,10,30,0,0,2,35,7,0,39,10,0,1,4,0,31,0,3,4,31,328,0,2,18,0,4,125,0,0,0,90,29,28,0,3,0,0,0,0,1,0,79,0
"COG1914",158,330,227,322,298,144,251,140,156,311,277,225,51,281,92,345,285,317,417,284,412,224,191,247,311,290,289,134,245,140,166,358,256,323,159,295,297,41,480,186,390,292,369,141,223,319,113,160,230,260,292,328,331,274,295,254,167,573,140,252
"COG1915",9,24,12,2,29,3,12,9,50,4,11,28,3,15,2,17,0,17,12,0,20,6,22,28,15,8,6,4,18,6,17,9,21,69,13,10,23,2,47,10,23,7,16,6,15,49,5,5,7,11,21,20,18,8,20,30,12,1,21,5
"COG1917",264,473,361,531,585,275,503,287,508,349,556,444,135,363,458,507,351,527,432,376,427,398,339,483,385,444,468,310,562,352,438,501,538,61,318,464,442,403,453,302,501,539,489,252,344,392,434,260,531,456,630,587,381,597,496,383,469,71,425,301
"COG1918",937,661,676,357,191,1082,637,759,743,523,641,552,792,541,896,503,664,677,539,584,670,505,639,570,848,751,362,741,535,687,741,479,668,165,781,646,910,772,428,421,717,871,677,750,660,104,632,746,661,517,743,670,472,609,636,759,623,191,741,737
"COG1921",75,42,20,13,48,36,29,34,32,160,24,103,11,37,31,66,39,18,53,122,28,25,32,47,46,32,24,12,54,17,11,25,20,343,31,90,45,16,111,28,22,25,25,51,35,179,27,37,29,7,28,35,46,15,35,78,33,67,15,16
"COG1922",76,189,261,184,395,314,308,725,193,188,135,191,325,190,53,347,181,192,300,476,234,146,170,345,172,144,236,200,270,178,207,192,181,181,116,171,172,85,159,342,207,189,313,350,188,268,245,115,178,354,212,319,154,260,234,138,112,98,424,257
"COG1923",7,22,30,9,6,8,15,56,51,40,38,42,8,10,18,11,7,28,17,9,10,17,23,29,18,24,14,18,15,40,16,14,14,88,36,17,14,6,8,31,22,20,20,18,13,20,16,15,23,4,13,17,13,6,16,11,14,10,21,39
"COG1924",1485,828,1076,366,384,243,995,1171,948,553,683,666,347,663,1715,276,1442,790,510,1070,319,823,891,919,869,672,261,916,547,900,364,287,124,200,389,289,468,358,710,477,216,323,116,423,277,179,264,117,239,311,193,218,349,297,243,292,493,370,423,429
"COG1925",363,163,266,114,132,86,177,148,240,270,206,239,86,125,143,195,454,270,274,208,102,223,406,217,331,213,154,181,168,190,260,164,174,1185,240,225,174,117,233,104,106,227,100,200,169,182,244,118,158,170,132,100,238,169,144,171,281,245,149,267
"COG1928",25,88,91,5,2,1,9,5,60,5,45,46,3,10,34,0,47,57,20,4,12,59,58,54,82,47,19,18,50,137,124,59,11,1,179,19,37,7,10,64,41,40,4,44,71,2,80,13,44,77,25,8,34,146,28,12,110,1,68,68
"COG1929",369,269,281,298,166,448,237,358,235,324,259,255,352,240,437,307,283,364,302,348,254,252,193,197,310,307,327,210,392,247,273,336,296,457,238,283,262,345,364,180,227,280,296,232,276,296,278,339,316,248,346,374,269,251,341,281,295,529,246,276
"COG1930",0,4,3,1,1,0,1,3,1,6,2,1,0,0,2,1,3,3,0,0,0,3,8,1,1,2,1,0,0,2,8,0,0,0,4,3,1,0,6,2,0,0,0,0,3,0,0,0,0,0,1,4,3,1,1,2,1,2,0,0
"COG1932",426,501,493,328,293,537,489,489,568,354,500,465,354,402,481,379,423,431,307,383,464,414,510,488,438,456,362,525,390,503,503,440,479,270,459,549,542,522,493,312,412,483,440,400,438,253,524,331,476,366,485,448,320,423,431,365,416,536,459,426
"COG1934",6,6,4,5,13,17,22,31,10,43,3,16,3,12,0,13,6,0,24,13,5,17,11,5,25,20,3,2,12,4,0,5,5,118,0,6,0,3,0,8,20,21,2,2,10,9,3,3,5,1,12,5,11,1,7,9,6,10,9,2
"COG1937",184,94,121,58,58,44,98,43,199,93,141,98,41,82,82,53,190,126,115,114,57,83,108,168,133,96,52,67,99,131,106,84,33,156,157,134,131,81,231,126,76,129,61,132,76,73,134,86,108,126,68,89,107,120,96,99,188,244,76,145
"COG1939",173,89,138,44,67,26,116,46,167,62,124,133,34,93,77,29,214,137,88,201,54,105,141,149,141,110,45,128,94,123,178,99,48,72,198,100,140,50,133,227,100,150,48,112,69,85,166,74,129,119,75,79,121,137,98,103,184,84,98,180
"COG1940",1268,1305,1136,1464,1244,846,1102,1757,1140,1408,1766,1256,1502,1131,1132,1337,1443,1601,1546,1549,1500,1189,1502,987,1334,1550,1412,859,1360,1209,1341,1452,1240,1732,1440,1531,1608,651,2817,1313,1473,1578,1796,1831,1201,1624,1012,1850,1133,1218,1510,1283,1446,1306,1513,1407,1256,4084,1600,1399
"COG1941",1,0,0,0,0,0,0,0,0,0,0,0,0,0,0,0,0,0,0,0,0,0,0,0,0,0,0,0,0,1,0,0,0,0,6,2,0,0,0,0,0,0,0,0,0,0,0,0,0,0,0,0,0,0,0,0,0,0,0,0
"COG1942",2,1,2,4,3,3,1,11,1,25,0,12,7,5,1,1,3,5,9,39,4,2,3,9,6,7,3,6,2,4,1,1,7,45,2,4,3,0,1,2,4,10,8,8,2,12,0,7,3,0,5,0,8,2,7,2,4,9,1,3
"COG1943",589,326,419,93,159,89,186,129,250,285,323,584,117,117,183,103,731,350,283,406,262,248,323,509,500,270,174,304,248,465,298,342,120,508,503,353,402,104,673,527,144,242,404,233,137,270,254,141,346,244,204,287,285,175,212,490,269,440,336,745
"COG1944",9,2,3,119,6,23,21,52,3,50,0,27,6,7,17,17,21,1,24,1,7,62,2,0,43,60,22,1,3,1,2,1,1,71,0,1,0,1,0,92,5,2,43,9,3,8,3,0,7,0,1,0,4,2,1,2,11,11,0,0
"COG1945",0,0,1,0,0,0,2,0,4,2,0,0,0,0,1,1,0,1,2,0,4,2,1,3,0,0,2,0,5,7,6,2,1,0,1,1,0,0,0,1,1,1,1,1,2,0,0,2,0,1,3,0,6,0,4,0,0,0,0,0
"COG1946",0,0,3,3,6,17,15,10,2,55,19,24,4,1,8,14,5,1,24,9,3,3,0,0,22,15,11,1,5,0,0,1,2,88,4,13,28,3,74,1,7,9,0,3,4,16,3,1,7,0,7,5,10,1,1,0,0,153,1,0
"COG1947",478,300,467,223,195,422,290,351,458,300,386,377,390,322,376,253,426,389,330,460,281,368,367,406,404,379,281,376,306,425,393,302,231,236,404,386,458,490,499,284,347,349,312,408,353,209,403,369,314,350,273,282,290,336,334,316,403,490,357,345
"COG1949",8,0,4,10,9,23,7,11,7,53,13,24,11,13,4,9,4,0,23,27,12,3,6,2,14,22,23,1,5,1,0,3,5,144,6,14,42,5,103,9,10,13,0,9,5,18,2,1,3,0,8,16,13,3,3,7,0,135,2,4
"COG1950",2,0,1,0,0,1,0,0,2,1,0,7,0,0,0,0,8,0,0,26,0,0,1,6,0,1,1,2,0,1,0,4,0,0,5,10,3,0,13,86,2,4,0,3,1,0,10,0,0,0,1,0,0,1,0,0,20,8,2,4
"COG1951",659,518,588,508,529,965,575,874,472,571,445,463,644,595,822,495,560,411,692,481,498,516,528,566,645,531,486,506,460,527,568,428,449,657,537,462,565,748,308,346,535,549,456,581,680,444,514,607,473,562,521,460,464,467,535,592,384,305,651,503
"COG1952",8,3,4,0,21,20,33,50,13,37,8,16,8,15,3,12,5,0,21,11,11,21,11,9,25,26,37,4,5,26,7,6,3,148,4,8,5,8,0,4,4,13,4,10,11,25,28,9,12,4,8,7,15,4,16,7,3,16,4,14
"COG1953",44,6,9,10,45,8,6,18,32,78,5,25,7,10,13,43,8,10,35,54,7,9,15,5,9,11,9,4,22,5,1,2,31,273,12,22,4,1,60,13,19,7,22,12,32,84,9,12,9,6,8,21,63,2,22,28,3,20,4,2
"COG1954",87,33,43,31,24,12,14,20,73,32,31,36,13,15,22,19,54,75,41,32,28,27,55,36,43,44,29,15,16,44,21,29,21,191,24,58,17,38,7,20,33,46,27,44,27,66,33,27,26,43,53,24,29,26,18,52,28,56,29,28
"COG1956",26,87,52,97,73,74,74,43,58,133,97,103,129,102,181,127,39,113,130,91,155,68,41,53,75,113,114,57,102,47,72,103,127,109,68,79,85,141,52,56,124,93,143,51,77,117,84,128,73,100,125,111,106,100,93,108,72,60,124,86
"COG1957",137,46,53,47,197,66,83,78,84,146,144,155,35,65,64,151,165,64,122,305,34,63,96,66,42,109,65,65,72,44,130,69,105,937,123,148,144,24,468,242,88,75,109,86,70,260,88,49,63,24,81,151,102,63,80,59,99,1304,44,144
"COG1959",621,248,379,125,190,103,446,128,392,282,384,341,92,235,262,195,662,358,296,396,153,295,531,360,354,321,116,253,214,372,381,263,155,449,418,408,361,222,547,293,208,380,182,292,199,229,294,159,362,262,226,188,367,233,241,228,377,268,275,479
"COG1960",441,789,511,652,446,883,779,738,655,785,538,962,629,855,598,725,469,759,661,718,742,482,748,625,608,524,576,541,632,605,603,646,727,996,575,617,628,573,1018,512,761,581,758,454,672,543,546,641,516,598,805,694,606,515,890,856,547,193,640,478
"COG1961",4811,4601,4848,2402,3369,958,5353,1460,5515,3043,4616,4259,2175,3432,2279,1625,5679,5251,2644,2633,2843,4930,6877,5755,3820,3512,1987,3358,1967,5877,6116,4145,3568,2337,6678,5564,3067,1852,2678,7418,3127,4964,2355,3601,3186,1728,5399,2198,4982,4145,3591,1889,3788,3651,4107,3313,4827,1684,3490,6484
"COG1963",39,51,59,11,16,7,26,20,44,26,22,34,8,32,33,21,66,32,14,14,20,31,98,54,31,26,15,60,49,70,79,31,42,33,139,33,25,18,25,111,16,26,26,48,37,38,75,17,26,35,39,31,52,59,35,57,60,7,41,88
"COG1964",86,5,15,5,12,6,21,4,17,9,2,5,2,8,12,6,58,10,16,4,8,9,27,7,6,17,5,2,11,12,5,14,6,0,18,25,9,5,0,12,2,22,12,17,8,0,5,7,10,3,10,12,12,6,13,11,6,26,5,9
"COG1965",2,2,1,2,5,9,10,3,10,28,2,3,2,5,2,12,2,0,11,2,0,5,5,2,22,11,6,2,2,3,0,1,5,82,1,5,3,3,0,6,8,7,2,6,7,10,3,1,3,0,6,5,2,1,3,6,1,11,0,1
"COG1966",944,714,853,537,507,831,878,829,990,790,595,885,667,764,935,470,800,679,665,1059,719,697,1288,743,857,752,510,630,614,851,895,585,774,766,871,683,915,795,892,458,652,868,452,723,764,462,801,658,665,757,862,558,664,585,740,602,843,945,858,657
"COG1968",564,451,513,311,270,516,421,419,462,360,466,438,543,401,527,316,500,473,399,471,493,350,411,465,461,407,343,450,370,490,493,397,418,252,555,499,512,524,509,497,447,414,407,409,412,282,605,486,419,380,393,409,396,402,453,439,468,415,544,573
"COG1969",6,55,42,13,20,11,15,13,26,7,8,34,3,27,16,22,22,2,26,15,28,17,18,58,8,23,16,4,17,11,5,12,15,115,2,17,18,3,10,10,38,13,27,8,18,9,1,10,2,2,17,18,13,20,19,19,1,16,54,14
"COG1970",94,150,191,133,184,217,165,94,202,127,247,208,132,129,156,172,140,161,107,185,193,149,114,135,112,187,172,231,176,188,169,197,130,68,190,150,93,185,301,257,139,146,177,157,150,128,292,181,159,132,149,181,206,172,160,105,152,332,176,172
"COG1971",295,309,271,202,275,81,260,140,246,260,242,258,41,270,165,232,407,279,272,184,237,227,346,240,364,223,247,187,253,287,326,269,252,169,379,244,275,108,332,378,212,266,230,197,194,210,269,177,200,271,251,247,263,233,212,219,189,252,211,386
"COG1972",11,57,49,59,51,50,55,53,54,275,16,109,37,36,19,104,20,5,55,31,69,40,19,48,51,86,104,9,30,16,15,13,30,459,9,25,23,13,37,9,47,10,159,16,53,98,18,58,12,14,27,20,42,18,24,108,9,101,28,23
"COG1974",282,250,351,108,174,150,275,255,350,254,306,345,200,285,271,160,462,228,300,448,200,289,376,337,296,339,197,216,196,323,292,249,295,749,406,334,449,190,431,363,219,244,112,333,203,93,304,202,293,266,199,122,322,344,380,254,376,573,225,413
"COG1975",443,149,214,67,72,58,302,107,198,139,113,221,38,190,201,111,373,200,175,343,106,143,403,170,192,170,68,97,131,111,121,147,98,556,135,229,215,89,467,105,109,283,95,223,135,172,110,128,135,148,152,156,220,86,175,160,139,244,157,198
"COG1977",2,2,0,1,7,4,3,4,2,8,1,1,1,5,2,6,3,0,1,6,2,4,4,2,9,10,5,1,4,1,1,2,3,42,0,2,3,0,0,1,5,7,0,1,6,8,1,0,1,0,1,3,2,0,2,5,2,5,0,1
"COG1979",408,480,370,582,600,247,707,330,279,655,455,432,45,636,210,694,395,358,398,378,494,460,456,390,439,529,595,294,524,260,353,452,570,501,349,521,342,112,495,507,465,484,514,209,533,753,198,430,498,455,491,803,368,408,612,682,272,576,307,336
"COG1982",878,301,475,257,339,257,674,298,803,628,439,544,156,393,531,307,671,440,516,785,239,458,730,492,588,534,289,418,360,471,233,102,73,682,204,163,201,108,321,147,119,221,74,177,136,226,208,101,162,146,119,151,201,165,135,185,257,277,129,216
"COG1983",22,81,40,100,74,23,123,41,75,95,106,55,12,107,12,138,41,75,79,24,145,67,60,54,65,102,131,38,95,52,41,95,129,50,60,82,59,4,26,62,95,69,122,10,65,53,38,59,85,48,77,100,31,59,135,94,33,41,56,67
"COG1984",44,37,31,9,12,30,30,17,61,67,39,38,18,16,38,37,59,25,67,23,27,31,29,31,82,40,32,8,10,72,52,24,25,132,71,75,44,22,44,24,14,42,12,45,10,21,20,51,139,28,36,28,38,42,22,12,32,187,34,27
"COG1985",369,374,402,420,338,471,392,588,448,366,388,396,503,354,633,449,331,403,450,516,413,365,320,384,427,453,389,415,445,379,370,407,511,228,310,369,423,576,275,301,396,504,429,418,463,370,292,536,436,353,507,475,445,383,426,457,443,157,520,350
"COG1986",1,0,24,3,9,9,1,5,7,43,0,9,4,3,0,13,21,0,10,1,6,2,2,23,1,7,8,0,0,12,1,0,5,96,15,2,2,0,0,17,3,1,0,4,2,10,34,4,3,0,1,1,12,0,8,1,7,12,2,26
"COG1987",36,19,56,18,38,8,9,32,18,7,22,17,3,12,23,9,32,28,32,13,11,49,9,30,43,49,19,56,29,39,71,13,6,59,30,8,22,12,11,10,6,31,14,40,30,24,37,14,25,15,6,12,41,30,12,13,74,9,27,29
"COG1988",17,19,9,3,32,17,20,16,10,46,10,19,13,8,10,35,29,13,25,8,4,25,17,21,28,26,33,16,16,5,13,10,4,212,7,12,5,1,51,15,10,22,3,17,13,42,6,6,9,13,11,38,42,25,22,4,12,21,15,47
"COG1989",78,82,138,27,39,42,41,33,91,86,76,73,24,34,65,29,124,66,63,88,45,147,39,113,90,117,26,125,53,109,122,70,21,256,148,43,39,26,80,216,35,81,45,104,35,54,111,53,30,46,32,65,105,153,53,18,241,78,95,218
"COG1990",13,7,5,8,0,0,41,0,15,7,9,10,11,31,8,0,37,9,3,12,1,7,40,0,10,12,3,7,0,13,16,16,23,0,15,7,23,13,10,6,2,21,5,13,2,0,10,3,11,18,21,0,4,7,7,4,14,0,11,19
"COG1992",2,4,5,0,0,0,1,5,12,6,0,1,2,6,2,2,3,3,0,0,16,1,4,3,5,0,2,1,0,5,11,4,0,1,6,10,7,11,0,3,2,1,9,3,8,0,5,2,1,10,7,2,1,5,9,13,4,4,4,3
"COG1993",0,5,5,11,0,10,0,2,2,4,0,10,0,5,4,9,0,0,2,1,4,5,9,17,0,5,6,11,4,9,2,2,3,0,0,0,3,0,2,0,1,1,3,0,0,6,1,1,1,2,2,3,1,3,4,4,2,0,2,0
"COG1994",64,81,87,28,23,9,57,27,196,36,97,88,26,62,47,23,165,78,53,82,30,79,162,89,66,82,31,76,47,107,102,101,34,4,175,150,98,95,113,241,76,107,63,55,44,45,151,35,77,32,68,37,73,98,61,67,98,13,132,187
"COG1995",178,300,296,241,239,692,404,463,218,349,286,234,330,314,457,332,177,222,255,281,414,191,220,252,249,261,291,369,259,248,239,265,344,251,161,266,389,333,231,166,360,289,389,283,393,288,375,349,175,286,327,403,183,236,282,302,166,67,350,305
"COG2000",80,75,29,5,22,2,51,17,68,15,36,51,12,31,9,45,21,39,21,9,44,29,94,41,17,24,36,79,21,107,17,23,15,56,8,16,13,1,6,8,15,14,51,3,10,12,4,6,6,10,10,15,9,3,6,18,16,24,13,25
"COG2001",189,165,158,169,208,45,142,92,206,148,211,186,120,158,121,181,241,255,201,170,217,178,153,222,168,193,185,158,197,220,198,198,156,211,238,238,192,64,291,358,187,225,149,150,144,165,194,145,262,187,212,259,239,238,183,166,212,298,136,211
"COG2002",218,125,173,78,54,18,119,58,199,65,159,127,30,110,102,40,323,190,125,82,76,195,300,219,211,153,82,164,114,278,227,167,73,127,285,155,95,95,145,277,101,194,65,160,89,54,249,71,161,114,112,98,157,182,128,81,264,72,138,263
"COG2003",363,351,384,358,495,351,471,605,582,316,303,534,961,323,554,296,525,378,502,500,440,350,342,539,398,509,341,396,501,466,470,378,279,566,449,361,353,781,400,496,461,385,470,567,378,398,365,785,403,406,397,428,467,371,351,337,542,214,487,459
"COG2005",41,11,15,19,18,24,34,34,41,74,12,59,13,13,7,32,17,15,31,50,6,37,29,24,44,35,25,13,27,28,3,19,12,256,12,15,21,9,68,14,27,25,22,32,21,31,15,11,14,3,30,51,23,11,23,26,9,28,11,20
"COG2006",38,51,56,65,44,1,24,13,27,22,15,29,2,25,19,51,60,25,28,19,36,34,39,49,13,43,35,27,38,35,100,147,70,44,81,107,32,11,79,85,115,74,161,55,98,133,14,23,56,137,38,48,200,65,91,84,51,63,101,100
"COG2008",397,378,363,424,362,143,501,181,375,391,372,389,320,430,594,388,323,352,255,471,356,361,485,326,338,355,402,220,403,351,278,352,444,286,346,367,288,434,503,274,306,450,325,320,486,419,224,252,354,322,465,457,311,307,392,414,274,476,311,322
"COG2009",9,5,25,2,8,10,8,14,13,33,9,30,5,9,9,9,6,0,27,5,18,16,6,29,20,19,10,6,9,4,0,3,13,83,2,3,6,1,9,7,11,16,8,4,15,20,2,14,1,3,23,7,17,5,18,12,4,20,21,8
"COG2010",0,24,0,2,0,1,0,6,13,55,1,0,0,0,0,2,0,1,1,0,2,0,9,0,1,2,3,0,2,0,0,1,0,0,1,0,7,0,0,0,3,6,1,1,1,1,0,3,5,0,13,0,0,1,3,0,0,0,53,0
"COG2011",210,117,105,62,80,61,140,174,189,229,134,160,28,118,93,69,189,130,97,308,88,126,179,127,138,102,53,82,70,186,176,112,96,240,228,136,126,49,374,86,125,134,84,126,92,114,116,59,86,105,126,95,120,100,132,123,159,534,119,131
"COG2013",225,56,92,35,32,18,57,21,214,41,67,69,94,49,80,29,116,146,77,62,22,134,77,140,114,104,16,58,52,55,132,63,18,65,162,128,48,80,122,82,69,65,43,194,61,51,236,113,98,71,44,40,100,216,61,78,244,278,30,141
"COG2014",0,4,3,0,0,0,0,0,0,0,0,0,0,0,0,0,0,2,0,0,0,0,0,0,0,0,1,0,0,1,0,0,0,4,1,0,1,0,0,0,0,0,6,2,0,0,1,0,0,0,0,0,1,0,0,0,0,0,1,0
"COG2015",255,78,100,29,38,43,187,42,110,21,83,57,22,88,49,114,145,39,90,79,49,29,357,60,38,61,94,58,98,83,46,29,46,97,43,43,31,16,5,28,20,6,15,27,200,74,34,10,30,42,58,17,26,60,17,9,23,38,51,46
"COG2017",1057,1334,1171,1382,1277,1075,1221,1383,1132,958,1435,923,1470,1283,1455,1303,1007,1369,1207,1088,1355,1282,1174,957,1034,1131,1542,1158,1622,1139,1054,1471,1493,650,1203,1049,1238,1505,845,1165,1162,1187,1064,1133,1377,1373,1005,1250,1268,1544,1343,1227,1306,1393,1316,1130,1255,868,1498,1124
"COG2020",11,19,3,0,0,0,1,1,11,1,2,16,7,1,6,5,26,25,5,48,1,29,16,8,7,4,1,4,3,5,4,4,2,0,1,9,11,1,57,10,16,1,6,9,11,0,2,1,1,9,10,1,1,0,10,0,5,0,14,13
"COG2021",4,17,10,0,0,1,6,12,52,2,0,22,4,7,5,0,5,4,3,0,12,18,0,19,21,6,1,6,0,7,74,11,3,0,10,20,7,8,2,20,46,4,15,8,32,0,13,5,1,0,15,1,1,13,22,32,7,0,52,1
"COG2022",248,196,177,219,177,82,184,267,147,236,234,217,168,294,212,234,124,221,271,242,224,184,187,201,195,232,207,151,260,139,172,194,188,146,157,174,217,115,300,147,243,211,145,165,209,216,137,233,190,173,214,290,238,265,226,289,210,427,247,167
"COG2025",403,593,468,354,266,591,490,525,553,349,328,597,520,560,527,405,380,566,607,382,462,394,609,501,530,399,288,398,363,526,520,476,418,523,512,481,466,511,468,373,566,467,618,401,471,340,410,465,311,404,522,421,390,429,544,588,415,109,509,482
"COG2026",17,17,5,11,9,17,16,13,9,48,7,165,6,4,26,15,35,8,34,3,22,10,95,6,4,3,31,37,20,33,20,14,7,29,6,25,31,2,27,10,10,21,9,3,8,50,11,8,17,4,8,3,18,14,39,5,22,58,11,26
"COG2027",84,196,98,414,384,519,310,212,140,387,160,215,33,293,65,337,114,115,354,100,283,236,121,151,166,206,289,227,236,91,177,190,221,265,126,185,247,103,294,139,214,216,256,29,161,379,91,165,310,269,204,237,323,153,182,253,56,628,138,207
"COG2030",57,156,122,175,257,302,148,237,120,210,455,295,288,149,186,238,86,147,180,313,262,137,132,170,168,189,263,227,196,125,73,160,216,89,108,259,309,237,1314,128,250,223,148,141,201,225,177,253,161,135,307,286,173,160,190,192,103,2151,189,141
"COG2031",18,32,34,31,10,28,10,8,106,26,11,20,4,24,4,31,9,15,38,3,13,14,70,64,7,38,22,10,60,21,13,34,17,164,11,18,29,2,175,21,25,8,45,9,27,102,6,30,12,18,17,48,68,10,53,67,48,28,8,9
"COG2032",4,13,10,8,17,9,16,12,19,18,11,23,3,9,3,25,3,3,19,5,8,1,24,7,8,7,7,4,7,2,11,1,14,326,27,13,7,3,4,2,8,0,8,6,20,46,2,5,9,3,6,11,13,6,4,10,4,44,13,8
"COG2033",92,32,106,40,21,86,75,130,93,23,39,127,168,29,141,28,79,55,25,147,38,43,100,79,48,45,24,64,33,92,16,8,16,20,33,13,38,51,53,17,21,13,19,41,17,20,35,35,12,11,24,16,23,6,12,24,14,7,31,34
"COG2035",60,182,123,45,36,54,64,71,141,164,131,154,28,53,43,94,70,119,158,29,65,118,60,205,175,89,51,64,54,104,163,116,61,124,237,111,113,41,80,435,121,42,229,92,79,86,154,82,44,151,68,86,29,189,115,167,236,113,87,316
"COG2038",334,358,247,253,337,107,475,169,367,383,284,292,34,368,186,288,354,379,244,318,356,293,364,314,296,478,277,186,334,207,279,261,374,233,298,249,299,77,355,245,273,346,284,218,279,337,178,258,366,295,359,440,306,335,348,392,320,149,304,265
"COG2039",53,13,26,5,5,21,13,25,57,64,64,37,7,12,30,31,47,32,30,84,16,30,17,29,28,31,8,10,17,18,23,17,10,6,51,38,57,14,190,17,26,27,15,41,13,31,29,38,24,8,22,55,31,40,14,43,28,373,13,35
"COG2040",13,17,23,42,74,19,18,13,54,86,13,17,4,31,27,74,28,4,59,86,31,31,16,17,20,35,29,10,28,10,7,68,14,14,9,5,25,12,79,44,19,19,24,10,8,20,5,3,8,41,46,48,176,16,16,16,13,35,2,8
"COG2041",1,0,0,1,9,11,3,10,5,47,2,16,7,5,7,12,2,0,18,1,2,4,1,7,2,9,14,0,7,1,0,0,3,44,3,2,0,0,0,3,0,1,1,2,4,3,0,0,1,0,0,0,6,2,2,0,1,11,0,0
"COG2043",2,4,3,7,13,0,4,4,3,11,2,10,0,2,1,1,0,9,5,1,4,15,4,6,21,3,1,2,3,2,1,8,0,0,3,7,2,0,0,4,7,1,3,1,3,4,4,9,9,0,12,14,5,4,18,2,8,0,4,13
"COG2045",0,0,9,5,10,2,9,1,14,8,4,9,0,4,0,7,0,1,1,0,7,1,3,4,0,15,1,2,6,2,2,2,5,34,4,2,4,3,0,4,9,0,7,0,9,65,2,11,0,0,7,4,7,1,3,26,2,0,4,5
"COG2046",0,2,0,0,0,0,0,2,0,0,0,9,0,0,0,0,0,0,0,0,0,0,2,0,0,0,0,0,0,0,0,10,0,0,3,0,0,0,0,0,1,6,2,0,2,0,1,0,0,0,0,9,0,0,0,3,0,0,0,2
"COG2048",55,33,27,5,11,2,14,25,55,36,26,43,10,13,16,13,78,11,17,6,30,36,27,61,17,28,13,31,12,22,36,24,12,0,65,50,21,1,34,52,37,30,85,27,45,47,16,17,20,34,19,15,43,24,33,67,26,11,30,32
"COG2049",46,32,22,4,13,17,38,20,39,39,50,23,9,31,30,36,46,22,59,18,26,43,16,19,95,32,27,21,15,49,66,29,26,126,57,82,53,41,31,20,19,40,14,45,4,16,24,62,149,21,21,23,27,30,22,14,39,223,16,21
"COG2050",48,129,105,153,94,140,101,120,87,142,114,111,110,113,96,161,36,145,117,70,168,83,99,87,83,136,185,79,154,97,192,446,422,402,162,252,322,278,195,159,313,319,365,166,309,285,230,315,268,343,389,444,320,260,338,306,154,91,242,276
"COG2052",54,52,63,24,12,5,59,10,65,23,48,41,11,29,43,5,101,65,27,32,21,30,74,68,38,34,18,26,33,69,46,57,22,0,121,81,43,46,54,94,42,47,25,42,36,26,65,29,51,40,41,23,33,42,38,38,58,13,44,63
"COG2055",149,65,63,37,98,46,183,42,144,175,32,89,50,60,48,134,102,94,133,43,43,28,83,28,71,83,32,46,53,31,46,52,67,561,144,157,29,24,81,85,75,58,49,43,45,156,28,49,157,22,55,115,95,28,63,98,53,112,52,50
"COG2056",9,5,11,8,12,5,14,1,4,12,4,7,0,4,6,26,9,4,4,3,1,16,12,10,47,15,4,1,12,7,4,3,4,87,1,8,21,5,11,5,12,0,17,19,6,86,17,0,15,10,6,13,10,3,10,10,1,0,6,5
"COG2057",24,30,19,29,12,19,11,26,54,89,14,87,5,44,4,40,22,18,19,38,41,9,35,59,13,26,29,6,24,25,22,22,14,134,12,58,31,3,91,29,67,20,111,12,22,53,13,35,9,19,28,32,30,32,80,99,20,22,30,26
"COG2059",541,518,718,591,525,917,820,722,581,379,603,606,988,684,944,542,547,610,414,700,618,560,767,599,454,585,552,844,546,703,633,671,674,265,510,562,533,910,334,411,616,513,623,717,650,786,566,887,531,657,589,731,398,579,638,487,452,124,660,440
"COG2060",65,463,231,499,483,159,453,558,466,451,392,319,19,471,49,554,201,317,455,70,539,422,298,432,309,418,558,255,473,174,243,425,454,391,198,352,232,34,83,297,437,431,542,43,307,514,167,259,387,403,507,570,375,390,391,539,168,169,596,279
"COG2062",6,0,0,4,9,10,11,25,37,33,41,41,1,2,8,7,2,0,12,77,5,2,2,3,17,7,5,2,4,0,1,2,2,60,1,10,43,8,203,10,12,16,0,5,5,9,5,3,6,0,3,3,6,0,0,1,3,218,0,1
"COG2063",1,0,0,1,5,11,1,39,1,1,0,5,5,5,1,5,3,0,8,1,2,2,1,0,0,10,1,0,1,10,0,2,2,82,0,1,0,0,0,0,3,0,1,0,1,7,0,0,1,2,2,3,4,0,1,0,0,8,1,0
"COG2064",17,4,8,1,0,0,11,0,63,0,14,5,10,22,128,0,12,14,25,3,3,1,0,35,36,9,18,5,1,6,14,3,2,0,24,0,12,13,5,18,15,0,0,6,17,0,15,1,98,15,0,1,0,0,9,0,55,2,0,3
"COG2065",16,24,48,23,0,11,13,9,38,17,26,70,16,15,24,16,28,11,22,170,22,19,23,49,27,24,16,20,16,50,25,35,29,0,33,21,53,11,111,10,41,11,19,24,8,25,20,19,16,5,18,16,8,25,18,22,27,57,55,43
"COG2066",49,268,148,322,307,176,297,129,241,210,206,250,37,369,25,344,131,293,215,65,345,260,227,215,134,307,374,148,322,84,256,290,417,316,133,262,50,86,63,198,239,232,255,29,270,266,235,152,318,301,301,425,317,298,442,342,155,83,195,45
"COG2067",45,123,118,98,42,211,25,407,109,304,125,138,177,107,86,109,51,105,150,96,109,43,50,91,180,125,99,55,71,125,111,96,117,130,93,121,123,450,0,131,155,44,167,71,100,244,70,56,36,33,97,73,100,94,167,247,95,19,254,174
"COG2068",202,50,64,32,63,21,64,22,68,37,26,73,15,19,29,60,130,52,69,100,43,29,75,77,63,62,26,27,54,44,9,16,4,71,19,23,19,12,90,20,11,30,21,22,24,56,10,15,11,15,14,52,26,8,14,39,23,17,13,16
"COG2069",54,8,11,3,5,5,6,5,25,14,16,10,3,7,12,7,48,12,14,5,6,9,25,12,13,28,2,8,14,28,12,7,4,0,65,26,16,8,19,17,20,21,4,21,6,0,7,7,25,3,5,6,18,11,14,7,7,22,12,21
"COG2070",640,549,554,464,560,156,672,320,542,545,496,543,45,694,298,456,684,556,452,495,540,618,775,567,593,636,393,488,550,450,217,232,157,103,156,216,242,85,167,182,204,279,231,137,216,205,145,130,177,206,194,208,240,226,259,274,240,96,177,172
"COG2071",295,339,310,318,346,1150,380,676,322,380,263,349,918,413,771,463,254,225,456,443,347,296,206,322,322,234,323,526,321,349,256,214,389,246,290,134,458,764,294,327,375,256,333,690,559,301,425,566,446,336,219,455,129,247,445,388,234,268,492,358
"COG2072",0,0,0,1,0,4,0,17,0,0,0,2,1,0,0,15,0,1,0,1,1,1,0,0,0,0,0,0,0,0,0,0,0,0,0,0,0,0,0,0,0,0,0,0,0,0,0,0,0,0,0,0,0,0,2,0,0,0,0,0
"COG2073",260,201,213,247,250,49,443,124,224,224,226,167,17,352,121,271,255,274,145,231,214,312,383,234,184,314,270,167,298,146,163,138,306,61,185,185,145,83,257,156,131,348,182,141,186,268,120,206,288,208,305,304,149,218,221,225,208,103,190,158
"COG2076",25,107,108,100,189,222,42,36,36,205,89,120,13,58,295,46,21,24,78,95,231,45,72,103,62,65,102,163,53,87,21,45,25,162,14,20,11,15,18,19,29,9,30,7,17,40,65,30,6,32,14,9,23,8,17,45,16,29,23,25
"COG2077",30,172,68,168,245,50,125,86,94,228,145,175,6,157,19,201,81,127,181,51,173,128,87,134,162,162,221,76,132,83,109,152,205,99,98,114,81,17,45,118,109,86,177,22,129,167,71,100,166,112,151,199,150,129,179,180,79,52,98,135
"COG2078",116,3,143,1,24,3,17,429,55,5,43,18,430,2,33,42,2,0,2,345,1,4,2,20,7,16,1,6,2,32,0,2,16,69,10,19,159,634,321,29,54,4,15,10,262,45,12,1,0,1,6,2,8,1,2,8,2,184,0,2
"COG2079",33,27,42,31,18,43,54,22,88,20,20,72,9,65,28,44,12,18,34,24,23,14,51,57,9,44,48,40,23,35,15,32,50,261,52,24,25,14,65,61,34,21,101,19,67,53,14,31,24,24,25,107,49,35,82,38,29,46,11,9
"COG2080",668,149,172,81,243,88,288,81,218,166,112,297,46,144,125,206,281,198,197,496,111,177,275,163,181,178,84,91,161,154,118,126,155,1080,219,215,225,60,543,158,132,198,156,171,152,480,73,91,149,82,135,241,246,124,177,257,219,318,106,129
"COG2081",695,346,558,148,142,196,491,244,647,261,360,402,301,325,225,154,812,510,309,499,185,404,577,510,518,427,169,381,291,558,539,342,208,414,686,501,542,512,478,521,374,437,185,473,368,125,620,287,468,374,339,203,361,429,293,319,696,208,390,563
"COG2082",141,125,149,160,187,25,175,79,143,121,132,108,25,167,102,187,172,166,142,137,135,167,203,118,119,246,156,80,189,113,145,124,163,61,139,112,79,53,111,94,101,227,104,95,145,189,91,148,140,170,193,147,229,142,209,135,197,88,133,113
"COG2084",215,44,149,38,127,71,120,63,104,214,57,183,33,113,116,187,97,103,123,104,95,71,256,98,63,156,88,62,73,110,76,47,105,800,84,107,116,16,303,54,95,75,64,81,85,180,59,55,77,87,60,144,113,83,77,123,60,116,83,68
"COG2085",0,2,2,3,6,1,7,0,26,0,15,1,0,0,11,0,0,0,0,13,0,0,2,7,0,0,0,5,0,0,0,0,9,0,1,0,11,27,25,37,1,6,1,7,0,23,16,0,0,5,2,12,2,1,1,1,0,1,0,1
"COG2086",320,467,381,313,259,537,492,456,426,310,269,431,354,426,502,318,277,423,479,399,397,333,431,363,434,318,315,349,390,355,419,323,409,361,464,343,352,361,385,310,401,363,378,330,471,259,296,344,335,355,396,463,324,343,423,406,350,66,374,355
"COG2087",185,195,136,123,179,53,246,88,167,172,143,159,18,170,71,168,155,188,134,140,170,154,204,152,140,217,183,99,180,123,157,116,174,123,179,111,171,47,174,133,119,176,148,88,165,148,93,149,218,161,160,222,135,164,202,165,166,71,142,129
"COG2088",178,121,140,36,76,48,170,60,122,46,126,94,38,120,220,31,228,100,66,72,37,194,147,160,234,125,44,119,96,125,198,143,90,123,270,132,123,83,190,174,55,156,68,172,111,100,209,86,91,101,87,60,174,160,104,130,247,55,113,187
"COG2089",24,128,58,94,78,17,95,37,51,96,83,51,68,106,17,137,61,145,39,20,94,73,58,68,105,68,139,64,115,46,339,356,303,2,145,161,37,1237,79,261,157,271,317,98,197,114,175,69,173,233,156,183,235,283,173,290,192,65,135,74
"COG2091",164,60,116,49,64,45,29,51,86,72,55,74,24,52,91,41,134,87,126,73,56,92,52,99,106,119,64,106,62,79,94,43,29,337,132,98,81,40,71,41,28,101,36,91,43,63,97,50,41,62,39,49,100,103,48,67,153,56,31,89
"COG2094",2,16,3,2,4,2,11,0,38,10,19,55,0,4,18,7,2,6,3,138,0,5,6,8,2,16,1,2,6,23,8,8,1,0,16,27,30,15,88,18,18,12,20,10,6,25,3,5,4,3,2,4,13,1,9,29,8,33,1,11
"COG2095",80,292,129,499,596,108,313,148,154,441,373,313,51,318,34,454,163,269,494,67,542,269,181,196,288,366,467,232,324,159,175,306,379,346,136,251,228,67,72,224,272,341,524,18,299,379,173,256,398,257,328,625,218,236,341,274,142,85,178,248
"COG2096",121,222,149,239,357,150,255,97,129,269,246,190,29,304,46,315,134,197,305,111,209,183,159,193,182,193,298,147,258,102,122,234,304,26,108,172,165,95,60,197,182,184,256,33,156,317,263,200,136,197,279,308,268,196,240,304,133,107,168,183
"COG2099",283,297,224,353,308,56,442,111,267,255,364,167,35,426,204,436,359,295,261,219,347,376,388,242,274,419,420,182,485,178,198,226,334,60,274,218,157,91,311,242,178,422,207,138,243,344,154,254,377,279,425,469,320,294,404,309,281,125,237,148
"COG2102",0,21,19,7,0,0,1,29,80,11,20,127,0,12,0,0,9,2,0,18,31,2,3,79,12,10,2,2,1,29,13,17,3,0,17,49,13,1,0,28,38,10,51,4,17,0,16,22,1,8,174,0,0,24,28,61,25,0,29,6
"COG2103",34,181,95,215,81,44,141,141,116,126,131,146,150,154,144,228,110,178,76,193,203,113,102,90,73,162,223,73,222,168,95,185,227,116,75,144,53,136,135,100,226,252,146,186,139,170,101,122,146,192,228,200,115,154,222,137,128,64,188,63
"COG2104",6,3,2,3,1,7,1,11,3,10,3,23,0,2,0,5,1,0,11,21,4,1,6,4,15,10,4,0,2,4,0,1,0,61,1,4,10,1,21,2,1,6,0,1,3,7,3,7,2,1,0,3,3,3,2,1,0,46,0,2
"COG2105",0,0,0,2,0,6,1,12,0,58,0,17,6,3,3,13,0,0,17,1,7,1,3,9,5,11,11,0,2,0,0,3,4,106,0,3,0,0,0,0,0,2,1,2,2,15,2,2,7,2,1,3,5,0,7,0,0,15,2,0
"COG2107",0,5,4,0,0,0,0,6,15,0,0,13,0,5,0,0,2,3,0,0,0,1,6,7,0,3,0,0,0,1,3,5,1,0,9,16,5,2,0,15,32,7,15,0,18,0,3,1,2,0,18,2,0,6,14,23,8,0,8,3
"COG2108",0,7,17,12,0,7,5,1,2,2,1,7,0,10,2,0,2,5,4,0,12,8,11,25,4,14,10,10,10,23,14,23,10,1,3,7,5,1,0,1,10,4,10,6,0,28,7,2,9,10,14,4,0,41,10,10,16,0,5,24
"COG2109",190,102,165,72,34,36,112,56,169,64,73,187,33,92,101,50,197,75,117,106,115,103,184,225,111,86,59,74,95,162,103,80,72,169,116,189,110,82,238,111,91,139,90,72,85,136,133,41,100,97,101,105,117,108,132,106,209,82,95,132
"COG2110",332,168,324,143,209,27,152,120,320,176,178,247,300,243,130,126,383,222,108,352,169,301,328,181,206,154,118,288,176,382,230,144,183,165,196,326,278,91,370,162,251,188,209,217,174,180,195,106,154,248,228,121,238,223,207,183,261,226,213,280
"COG2111",7,17,18,16,22,12,8,11,24,16,10,21,4,14,7,6,4,16,1,6,12,9,25,39,5,29,16,11,13,22,20,25,12,50,17,11,9,2,0,17,34,3,36,3,16,46,11,6,13,6,20,29,6,50,27,22,19,0,10,23
"COG2113",13,59,62,259,217,25,182,58,68,105,110,69,10,76,11,252,47,49,81,37,221,88,72,69,54,219,253,50,161,51,19,32,34,49,14,41,6,4,8,26,22,27,58,3,35,54,10,45,62,37,62,92,108,16,42,33,12,17,14,3
"COG2114",0,3,9,32,22,1,0,0,4,3,2,1,2,1,4,4,3,0,0,0,6,8,4,2,5,9,0,58,1,3,5,11,3,45,44,1,8,2,0,16,0,1,16,8,1,21,14,0,7,49,1,0,4,129,69,4,22,0,7,5
"COG2115",32,271,113,307,182,105,258,177,181,424,315,173,25,259,19,311,73,241,259,84,258,142,152,106,107,209,289,96,283,138,97,174,375,239,173,229,323,7,103,119,218,270,145,16,145,160,65,118,163,153,339,320,164,178,339,247,98,370,152,245
"COG2116",185,134,147,35,93,69,90,96,146,151,117,234,44,89,71,86,173,94,154,175,54,121,72,146,156,166,77,86,119,194,81,21,12,242,94,47,47,28,91,44,39,34,25,47,43,38,67,15,43,31,20,34,53,44,30,34,40,67,23,43
"COG2119",31,13,34,4,16,11,16,5,32,11,21,19,1,11,15,3,44,16,6,7,16,27,13,68,14,24,5,22,23,48,41,12,3,0,34,13,23,3,18,11,3,19,8,18,30,1,12,7,25,10,3,21,17,39,14,20,36,1,35,52
"COG2120",3,83,74,115,113,19,54,19,43,68,62,51,21,81,12,99,45,47,17,31,29,35,39,38,23,85,111,47,101,132,42,100,76,123,78,24,24,6,0,46,29,4,134,60,80,64,45,39,31,63,24,32,82,8,122,51,72,33,105,48
"COG2121",2,6,0,1,8,4,9,1,14,9,1,0,0,7,0,10,0,5,3,0,0,1,6,2,0,2,2,0,4,7,9,2,7,47,0,4,0,0,8,1,0,0,13,1,1,45,3,13,0,0,8,8,8,1,5,27,1,50,37,8
"COG2122",0,7,3,0,0,0,1,5,7,0,6,2,1,6,0,3,1,2,3,0,9,7,0,6,0,1,0,2,0,7,6,19,0,0,4,2,1,0,0,6,0,3,64,0,8,0,4,0,1,5,4,0,5,1,11,1,0,0,4,3
"COG2127",37,32,35,5,6,193,5,104,31,55,19,51,187,29,188,19,4,20,23,61,19,14,7,28,7,23,36,72,20,50,6,14,29,76,11,8,40,127,1,25,31,11,10,113,49,9,65,82,12,43,5,27,24,24,43,34,39,11,86,20
"COG2128",10,2,2,10,13,28,6,43,7,230,2,15,1,3,6,17,14,4,13,3,21,4,6,10,15,8,22,0,7,3,4,2,4,129,5,5,0,4,3,5,16,6,14,11,18,22,10,1,12,2,3,1,14,3,15,0,0,49,2,4
"COG2129",114,42,240,23,34,21,76,34,87,37,41,36,5,46,265,15,136,70,71,76,9,79,100,148,79,101,7,75,24,118,78,51,51,18,100,44,77,41,83,70,24,53,107,70,44,4,49,28,45,98,49,45,64,204,46,26,168,10,55,115
"COG2130",1,0,2,5,2,8,2,12,3,47,0,14,5,3,0,1,1,0,16,0,8,1,2,0,3,5,9,0,3,0,1,4,4,104,0,3,0,1,0,0,0,1,4,0,4,12,1,1,2,9,1,2,11,6,1,1,0,27,0,0
"COG2131",359,280,435,205,189,386,279,297,253,227,298,266,303,261,359,260,279,267,270,290,295,220,334,312,326,247,253,301,264,919,373,325,276,84,322,275,273,391,147,373,276,241,266,297,282,171,344,308,242,234,273,340,273,293,263,272,302,118,341,384
"COG2132",3,5,0,3,6,5,8,19,19,65,2,4,6,6,2,9,6,2,19,69,7,3,2,0,16,13,8,0,3,0,1,1,13,349,0,14,1,4,23,2,7,4,11,8,12,22,5,14,17,0,15,5,35,5,15,5,0,70,87,1
"COG2133",0,0,3,8,12,14,2,15,10,55,1,18,5,9,0,12,2,2,25,0,11,4,3,0,1,6,9,3,14,2,1,0,8,120,1,5,2,0,0,1,3,3,1,1,5,68,0,3,3,2,6,11,22,7,6,1,1,18,2,0
"COG2134",2,0,1,3,4,12,3,7,3,36,1,16,5,1,0,22,6,1,26,3,7,3,1,0,1,10,16,0,3,0,1,0,3,168,0,7,0,1,0,0,3,0,0,0,3,17,0,3,3,1,0,3,6,0,3,1,0,21,2,0
"COG2135",22,10,51,29,44,8,23,12,13,48,41,27,4,12,10,44,14,19,36,74,35,24,38,37,8,26,38,26,45,92,20,50,17,109,43,30,28,4,144,30,20,10,27,18,60,53,18,8,11,47,18,42,74,37,17,33,13,65,18,17
"COG2137",45,62,85,14,7,28,17,56,118,73,66,63,15,31,18,8,79,49,43,106,35,70,69,87,55,51,30,34,43,119,89,55,30,109,101,87,56,31,77,171,70,60,57,58,20,74,111,22,65,18,21,58,36,79,36,87,138,61,44,103
"COG2140",28,179,19,82,15,9,16,13,17,17,148,29,3,108,4,119,7,149,40,28,102,32,7,28,34,26,126,12,102,18,32,115,14,4,53,133,22,5,16,127,40,33,67,9,73,2,30,25,71,40,75,85,146,140,160,117,6,8,123,28
"COG2141",9,0,2,21,25,36,15,56,7,419,0,34,10,14,4,49,22,1,55,9,29,9,9,0,22,41,35,2,19,0,3,4,8,419,6,7,0,9,6,2,22,10,10,9,19,36,11,8,16,2,4,6,24,0,14,2,2,98,4,3
"COG2142",0,0,0,1,1,4,0,2,0,10,0,3,1,3,0,2,0,0,8,0,5,1,1,0,1,1,1,0,1,0,0,0,2,92,0,1,0,0,0,0,6,1,1,0,1,11,1,1,2,0,1,2,5,0,9,0,0,9,2,0
"COG2143",0,0,1,0,0,0,0,2,0,0,0,0,1,0,0,1,5,0,0,0,0,0,0,1,0,0,0,0,0,1,0,0,0,0,0,0,0,0,0,0,0,0,0,0,0,0,1,28,0,0,0,0,0,0,1,0,1,0,0,2
"COG2145",282,103,172,55,65,43,213,178,174,114,165,218,291,157,397,60,241,81,119,317,90,126,277,162,192,118,56,100,81,187,132,129,57,162,138,154,217,444,391,107,112,162,77,140,93,67,104,55,116,139,111,125,151,83,105,113,172,364,180,171
"COG2146",0,0,0,3,9,8,0,7,3,51,0,12,3,7,0,18,2,0,20,1,13,1,3,0,5,18,10,0,3,0,0,0,3,178,0,3,0,0,0,0,2,1,0,0,5,17,0,4,2,1,1,4,18,1,4,0,1,22,1,1
"COG2148",1306,1169,1415,1491,1499,940,1197,817,933,885,1300,1231,1153,1088,898,1601,1325,1594,1123,907,1200,1262,1285,1067,1339,1299,1625,1197,1492,1394,1328,1603,1223,700,1381,1289,1149,1805,1095,1157,1160,1401,1344,1131,1213,1833,1607,1233,1341,1378,1419,1557,1579,1608,1121,1188,1486,664,1059,1074
"COG2149",0,0,0,5,1,9,0,9,3,26,0,3,1,1,0,11,3,0,15,1,3,0,1,0,3,9,8,0,2,0,0,1,6,102,0,2,0,0,0,0,0,1,1,0,5,7,1,2,4,1,1,3,7,1,3,0,1,14,1,0
"COG2151",51,95,81,110,91,213,95,176,94,146,151,116,234,93,161,110,26,102,115,223,107,66,57,101,85,112,126,98,96,113,68,101,153,88,60,89,113,242,130,75,110,82,138,112,140,108,83,180,75,71,146,149,79,74,123,99,43,313,173,92
"COG2152",101,286,286,514,413,196,270,307,160,178,278,136,178,305,158,296,175,222,290,91,318,234,158,150,190,198,433,311,334,196,572,903,747,90,634,514,361,452,246,430,589,589,535,439,610,1261,397,395,744,759,490,817,1018,637,780,617,491,80,679,467
"COG2153",1,14,14,4,7,12,13,15,46,26,14,56,6,19,19,9,11,15,18,51,12,14,12,39,5,17,10,1,2,8,3,9,2,95,9,19,5,30,12,18,33,16,38,5,10,27,25,13,7,2,15,12,7,15,14,52,17,95,10,12
"COG2155",32,25,50,14,10,4,24,17,58,12,23,36,13,13,16,6,66,55,31,10,12,28,61,48,30,30,20,9,20,64,58,36,17,24,47,40,20,11,20,72,17,54,24,26,11,6,79,18,29,32,24,13,20,49,20,20,74,19,18,59
"COG2156",16,139,62,140,140,57,124,184,150,150,165,115,5,125,8,190,67,86,97,26,144,124,97,125,89,160,173,66,137,61,64,131,139,189,49,108,123,11,13,96,148,122,192,17,106,172,72,86,79,100,158,197,143,93,123,118,46,43,232,88
"COG2158",15,9,6,4,4,1,5,1,10,11,1,3,2,2,3,1,21,4,5,4,1,2,6,13,17,6,0,0,7,23,40,24,4,0,14,18,17,7,13,11,8,24,12,34,10,6,37,17,10,3,10,10,36,25,13,21,14,17,6,23
"COG2159",144,89,214,60,82,32,196,61,184,158,110,175,39,95,54,57,109,135,97,161,80,87,119,172,81,133,61,141,83,122,214,99,91,193,178,109,147,23,198,105,86,70,133,158,69,107,74,57,124,112,89,131,140,74,118,79,80,90,220,113
"COG2160",466,435,379,394,378,120,382,609,386,369,338,417,498,562,644,505,311,385,223,384,471,278,344,352,211,392,429,231,542,478,351,501,491,279,428,350,366,429,254,328,459,465,330,411,572,327,219,476,439,492,492,492,350,392,430,439,267,630,530,292
"COG2161",15,9,23,30,7,9,20,4,14,50,23,59,6,9,4,26,28,29,32,16,16,5,13,9,16,16,62,25,7,29,2,36,13,130,13,30,24,9,10,6,14,7,12,5,23,12,8,12,12,19,8,19,31,6,31,12,5,186,34,15
"COG2162",6,9,12,15,8,19,3,20,9,49,8,26,17,7,2,10,2,13,24,10,9,8,28,14,2,21,20,3,6,13,3,7,12,113,19,21,16,1,33,5,25,4,8,1,11,31,5,8,6,4,9,7,11,9,19,7,17,14,6,5
"COG2163",0,9,7,0,0,0,0,0,20,0,9,2,6,0,2,0,2,9,1,0,3,0,3,2,3,0,0,2,3,5,13,3,2,0,10,0,5,2,1,3,9,1,2,5,1,0,2,0,5,0,1,2,0,0,1,0,7,0,3,9
"COG2165",9,9,9,11,12,40,22,21,11,75,2,43,17,17,9,32,15,7,72,4,32,14,13,51,18,38,16,18,18,35,2,12,25,297,4,13,1,5,14,2,34,6,26,16,14,69,15,19,10,18,6,16,27,13,26,30,17,26,3,5
"COG2166",79,194,112,180,206,311,208,218,147,211,161,193,291,177,167,204,71,125,159,98,245,130,107,151,124,150,203,174,172,128,120,157,269,185,79,119,135,220,24,125,163,118,202,198,211,183,139,223,150,128,188,225,187,149,191,173,96,44,186,115
"COG2168",3,0,0,3,6,7,2,6,1,18,0,2,3,1,1,7,4,0,16,1,1,1,5,0,12,7,6,1,1,0,0,2,1,90,0,2,0,0,0,0,1,1,1,4,2,3,1,0,6,0,1,1,6,0,1,0,0,15,0,0
"COG2169",4,23,97,109,50,35,128,40,42,119,33,70,12,78,8,174,23,24,41,65,37,69,38,59,14,113,48,35,74,48,41,70,58,122,12,50,15,10,19,47,94,14,173,5,59,155,21,19,40,87,46,30,12,29,68,60,12,35,19,4
"COG2170",0,0,0,1,6,13,2,10,3,67,0,8,1,1,0,7,1,0,26,1,5,0,4,0,1,11,8,0,0,0,0,1,8,127,0,2,0,0,0,0,3,1,0,0,1,9,0,1,1,1,0,2,14,1,2,0,0,10,0,0
"COG2171",20,21,13,16,8,20,21,62,72,68,69,102,7,22,25,18,58,8,29,139,34,18,36,45,23,40,15,8,21,44,16,24,11,145,23,55,54,10,218,47,94,18,38,30,34,56,12,6,11,16,31,6,14,15,33,50,12,410,20,13
"COG2172",185,139,166,137,115,23,107,71,186,64,119,104,35,115,96,89,201,155,141,87,61,159,151,147,178,144,95,113,132,190,206,142,96,133,250,194,129,53,87,188,101,117,165,111,77,135,151,64,122,160,119,116,203,172,116,138,222,95,132,213
"COG2173",37,153,113,182,274,35,148,71,92,111,127,130,10,263,26,147,101,176,131,8,120,164,110,150,74,143,186,91,215,120,105,200,267,65,114,138,16,26,45,128,117,56,143,99,157,194,45,49,114,180,132,192,219,196,195,150,91,39,165,36
"COG2175",1,0,0,2,3,9,0,12,5,55,1,10,3,4,1,15,1,1,18,0,5,1,2,0,1,22,6,0,6,0,0,0,0,98,0,2,0,0,0,0,1,1,0,0,3,13,3,1,2,0,2,5,3,0,2,1,0,24,3,1
"COG2176",1366,632,949,377,396,342,714,307,1104,420,829,706,242,670,671,222,1417,964,576,1504,519,848,1165,1037,1200,668,232,886,564,920,1107,659,395,314,1494,881,1095,434,1272,2135,503,800,438,799,365,394,954,316,803,601,600,431,745,888,645,593,1480,972,666,1338
"COG2177",228,154,212,124,97,193,114,158,219,173,211,197,166,141,193,132,176,159,145,154,149,149,153,208,188,192,120,167,153,169,453,443,443,343,540,469,549,446,397,640,459,365,427,448,426,303,507,452,398,372,392,340,394,444,479,410,577,403,526,530
"COG2179",201,97,154,41,44,23,112,35,113,51,98,76,28,69,77,35,192,145,61,125,38,117,136,140,93,122,33,115,64,179,132,96,58,78,200,77,121,47,107,242,72,119,40,106,64,35,138,38,74,104,65,50,73,137,68,52,178,105,57,201
"COG2180",2,0,1,11,10,10,13,19,4,62,6,15,1,10,4,21,20,0,24,8,12,4,11,4,3,13,13,2,7,20,0,3,9,145,1,3,10,3,11,11,3,16,1,2,5,17,9,4,2,1,5,4,20,3,3,1,5,21,1,3
"COG2181",2,6,3,5,10,22,15,18,10,77,3,26,4,16,3,21,21,2,25,4,11,12,10,10,7,10,21,9,7,3,0,5,7,108,8,3,11,2,11,4,9,18,12,5,16,22,2,5,1,7,11,9,32,5,11,14,5,18,3,3
"COG2182",508,211,430,158,171,60,110,559,134,255,330,211,26,123,204,41,397,299,246,410,74,274,99,214,393,313,132,448,319,484,561,160,37,256,692,185,326,124,472,84,92,526,72,311,212,31,297,139,217,178,161,84,406,241,129,186,325,602,213,293
"COG2183",894,696,847,821,548,450,614,871,773,668,660,646,746,689,1084,685,882,819,655,748,676,784,636,811,938,816,609,687,776,797,776,650,661,567,921,700,846,1048,519,1207,737,790,696,1100,817,520,937,875,783,564,734,798,613,797,822,927,877,317,938,928
"COG2184",202,136,179,194,248,496,138,177,170,116,218,270,491,122,156,106,212,107,130,272,95,83,186,191,93,105,113,278,116,294,391,73,123,119,223,261,148,267,215,204,149,111,103,133,170,97,396,440,92,256,135,67,282,263,94,175,201,351,132,180
"COG2185",151,739,418,956,660,230,609,411,578,717,722,604,80,837,121,764,320,600,750,138,999,506,536,428,611,695,847,249,865,368,201,270,308,84,178,253,305,25,40,156,302,267,288,21,241,277,124,242,214,247,389,327,237,299,308,380,108,42,252,252
"COG2186",356,261,304,164,506,173,287,184,383,519,285,402,122,283,437,300,307,320,405,174,280,342,447,433,347,320,271,183,211,320,215,276,288,1778,218,370,203,187,445,233,204,250,276,153,276,676,172,179,240,188,310,271,367,230,252,198,309,448,213,304
"COG2188",449,276,393,197,445,178,502,188,273,594,290,451,78,264,256,238,535,315,464,656,265,224,467,435,283,354,226,154,258,427,322,343,261,1400,394,397,374,91,722,266,268,270,431,258,230,998,201,160,244,234,263,361,413,247,337,339,228,846,180,378
"COG2189",485,360,400,310,369,569,298,520,489,159,393,188,741,376,230,396,380,141,90,643,216,283,151,279,194,230,245,446,416,428,377,366,287,1,463,286,664,715,355,365,289,347,337,663,621,57,139,333,203,364,309,128,505,183,147,84,421,91,763,303
"COG2190",1148,143,287,167,207,204,417,135,167,366,353,348,61,305,307,273,589,308,305,1365,99,343,630,276,397,375,96,175,176,249,289,174,283,1417,355,391,329,145,1300,198,139,303,329,411,243,475,254,177,169,236,305,272,384,193,310,183,247,1454,206,449
"COG2191",2,13,7,2,2,0,0,15,13,4,5,18,3,9,1,3,0,3,6,0,5,4,15,4,2,7,2,4,9,37,7,9,7,6,18,3,4,0,0,10,4,7,10,12,8,1,0,1,3,4,13,0,21,5,23,3,7,0,3,11
"COG2192",1,3,32,23,0,6,25,1,15,5,0,27,31,2,11,0,44,3,0,2,3,1,66,1,0,101,3,21,5,5,26,1,10,1,35,0,4,5,73,62,8,177,21,36,60,0,71,1,1,38,7,8,63,1,4,5,36,0,7,5
"COG2193",12,80,39,57,104,10,60,46,70,87,44,120,9,81,9,80,46,21,73,1,85,67,31,106,36,48,79,48,66,43,35,48,87,149,22,57,7,7,30,55,54,57,102,1,75,48,15,44,104,76,49,108,22,87,66,44,35,33,37,2
"COG2194",309,374,553,555,665,1364,464,706,744,505,458,1051,1043,402,455,678,197,307,678,408,727,332,288,550,235,545,604,533,389,340,147,174,180,584,92,180,123,198,188,190,250,156,299,300,299,207,124,542,113,113,199,208,177,165,155,100,69,111,194,73
"COG2195",1204,1381,1390,1380,1399,2178,1141,1823,1351,1318,1229,1539,1978,1299,1775,1487,1117,1509,1350,1528,1428,1343,1082,1298,1174,1458,1422,1687,1443,1438,1212,1382,1437,907,1072,1195,1535,1773,1069,1049,1646,1170,1398,1253,1475,1268,1198,1576,1117,1176,1428,1391,1321,1246,1466,1591,1160,516,1561,1119
"COG2197",571,2002,1541,3232,3913,1266,1182,1172,798,1738,1624,1487,1034,1808,692,2571,922,1715,2541,871,1743,2009,1132,950,1292,1426,3981,1691,2482,1238,1093,2710,2252,1421,949,1880,1508,764,1302,1593,1903,1226,1970,596,1555,3152,662,1216,1683,3216,1969,1620,1981,1662,1901,1736,1080,2359,1157,1300
"COG2198",15,11,6,52,73,116,51,100,34,360,11,159,69,53,21,188,14,28,207,16,62,33,26,2,42,163,116,6,35,3,27,24,49,1482,3,36,3,20,0,15,51,21,7,11,55,140,15,48,36,15,18,35,98,15,28,34,15,183,10,14
"COG2199",2250,1026,2044,991,1214,548,630,940,1268,1602,1071,1205,354,739,1146,756,1864,1728,1698,1157,626,1809,1011,1520,2153,1817,875,1881,1049,1564,2160,854,581,5095,1740,623,1200,658,1197,776,566,1490,821,1757,835,2251,1772,825,849,1247,762,595,1690,1786,655,859,2454,1591,676,1748
"COG2200",868,435,823,432,820,315,248,415,829,1004,599,598,219,367,487,474,739,680,877,654,281,1116,313,846,842,811,450,772,475,529,389,175,107,1794,253,101,237,109,280,144,78,327,148,309,166,580,285,119,143,221,113,113,394,451,94,149,701,478,123,325
"COG2201",109,76,95,64,94,17,69,110,59,17,66,45,20,25,73,40,71,127,80,48,23,120,29,107,152,114,36,138,83,67,149,47,21,128,70,16,80,28,19,40,13,79,35,110,70,128,121,46,78,56,32,36,70,136,30,86,166,8,44,78
"COG2202",66,138,117,318,474,124,217,181,147,367,100,278,62,268,34,443,79,111,444,64,253,289,147,92,151,290,448,102,250,115,112,379,185,2090,64,196,24,25,54,167,182,116,374,35,237,584,54,135,182,624,192,195,567,160,159,138,71,304,37,37
"COG2203",10,8,21,8,10,13,11,28,5,146,7,18,15,2,11,12,41,4,35,3,25,20,5,25,26,35,16,1,5,3,8,4,3,66,8,1,5,1,0,87,2,13,2,13,1,44,49,4,1,22,1,5,5,31,9,3,22,11,9,27
"COG2204",577,2207,1814,3341,2503,2702,2437,3092,1953,2209,1844,2313,2728,2767,2311,2898,1037,2089,2258,1030,3080,2155,1454,1778,2237,2608,3518,2517,3564,1532,1237,2395,4148,952,1746,1831,1582,1766,331,2044,2838,1948,2371,1840,2231,2687,1393,2091,2515,2111,3018,2965,2160,1974,2588,2811,1213,380,3237,1148
"COG2205",601,731,601,452,568,213,682,619,668,566,550,496,578,603,245,497,794,797,506,369,736,619,852,851,495,701,449,491,671,586,604,603,667,779,587,632,622,907,386,599,602,597,536,595,565,437,387,1473,697,695,605,620,742,626,691,595,663,298,785,586
"COG2206",1164,509,852,326,418,62,187,260,251,265,365,321,221,303,519,117,844,915,452,448,190,436,340,488,1268,505,260,595,464,653,898,348,115,233,740,258,555,324,356,316,157,572,171,869,379,265,863,473,453,820,214,213,454,551,219,357,948,112,294,540
"COG2207",6153,9935,8007,14573,13668,7072,8713,7750,5691,11937,9906,7814,6838,10134,6658,13596,6870,9838,10019,4963,9457,10122,8139,7679,7367,8358,14707,8561,11049,7835,7642,11736,9836,5962,6544,8971,7400,5044,3898,7658,8708,7458,9530,6338,8966,14512,6093,7940,9657,14162,9269,9256,8934,9730,9672,8972,7211,3866,7437,8528
"COG2208",476,298,313,228,196,43,229,145,341,129,223,158,54,209,188,192,641,259,329,164,151,229,204,268,427,275,151,199,253,277,342,199,86,187,475,449,315,193,347,559,193,285,452,272,150,337,377,160,358,302,168,226,447,283,203,323,345,196,289,398
"COG2209",79,115,117,144,79,233,170,292,147,93,131,146,290,143,207,109,75,92,141,159,162,101,176,99,102,100,93,137,83,117,123,139,122,0,130,120,153,291,6,61,205,165,188,143,185,63,194,184,86,144,218,96,77,109,95,93,88,9,177,117
"COG2210",72,412,203,564,565,384,465,191,194,407,247,208,26,497,38,521,172,316,455,65,474,336,245,282,341,379,553,249,449,136,206,407,611,35,159,269,396,133,92,219,452,245,383,10,394,367,478,292,395,394,365,517,347,335,325,429,171,54,190,317
"COG2211",1946,971,1604,917,845,691,1105,970,2057,1428,1425,1284,1596,1087,1554,808,1371,1630,1638,1713,1007,1207,2324,1164,1745,1131,939,862,912,2026,1405,1081,1079,1990,1587,2118,1927,764,1818,732,1086,1346,910,1374,876,882,1037,1419,2641,947,1100,705,1052,941,977,1232,1364,2977,1348,1196
"COG2212",1,0,0,0,5,0,0,0,2,1,2,3,0,0,1,0,0,1,0,0,1,1,0,1,1,2,0,0,2,0,6,3,1,5,3,0,0,0,0,0,0,0,9,2,1,1,2,0,0,1,0,0,0,9,0,0,0,0,3,3
"COG2213",180,16,95,19,22,58,13,41,68,94,46,94,26,26,61,58,61,65,85,211,81,24,53,96,27,78,59,30,32,24,7,4,7,204,5,30,19,5,60,9,30,25,7,13,28,13,2,6,6,7,5,3,17,11,5,11,8,86,35,33
"COG2214",274,207,228,317,384,297,208,181,179,283,273,178,114,304,154,263,269,243,382,216,211,275,221,177,293,297,278,317,282,228,104,92,98,71,123,105,133,58,121,111,94,125,67,98,100,75,102,78,95,89,100,113,115,87,104,102,102,62,95,126
"COG2215",2,0,1,3,6,6,5,12,2,101,0,7,3,2,6,6,7,2,25,3,6,1,1,0,10,3,7,1,0,0,0,2,1,69,2,2,0,1,0,0,1,2,2,5,2,6,5,3,4,1,1,0,6,1,8,3,0,9,0,0
"COG2216",55,507,213,490,404,193,363,624,381,461,348,294,25,469,49,502,180,399,296,65,422,334,290,383,235,436,504,234,477,175,224,497,410,396,225,377,326,26,46,344,540,362,494,39,336,544,162,163,347,335,480,543,415,390,490,618,262,161,717,324
"COG2217",2479,2083,2115,1806,1364,1471,2053,1472,2293,1449,1966,1788,851,1977,1349,1631,2566,1968,1464,2643,1825,1974,2480,1744,2230,1999,1502,1946,1886,1688,2005,1695,1466,1416,2252,2156,1978,1140,2606,2189,1999,2528,1462,1614,1670,1357,1935,1154,2144,1940,2103,2117,2251,1837,2059,1951,2323,2336,1932,2053
"COG2220",305,739,483,991,754,1193,477,804,594,846,742,862,557,908,886,1130,454,739,648,365,1168,456,497,683,592,507,630,568,710,540,500,805,746,168,492,688,625,531,380,780,871,567,766,400,603,658,615,684,595,674,756,825,711,855,737,927,498,165,816,821
"COG2221",230,45,142,48,65,31,61,38,82,63,78,82,14,45,77,52,123,84,89,116,32,134,84,120,127,147,22,81,77,64,120,58,36,76,51,123,140,34,227,59,50,142,61,86,52,144,54,48,78,44,43,48,150,80,49,112,177,84,47,135
"COG2222",306,72,130,49,108,75,426,98,147,315,49,132,44,147,134,92,272,121,109,79,73,114,342,125,117,87,55,81,71,135,181,145,180,630,92,213,110,40,105,88,113,129,91,160,105,273,95,104,121,202,85,130,167,71,115,181,104,155,62,108
"COG2223",4,0,0,6,18,27,22,40,11,98,7,26,10,5,4,35,35,1,45,1,9,6,12,1,11,12,26,3,10,8,2,2,18,299,0,4,24,2,10,2,8,17,0,5,6,28,7,5,5,0,2,5,23,2,3,2,3,35,0,2
"COG2224",1,0,1,8,9,19,3,14,5,82,0,14,4,3,1,17,1,1,26,2,7,3,4,0,6,13,11,0,6,0,0,0,8,187,1,10,0,1,0,0,4,2,1,0,10,22,2,1,2,0,5,2,13,1,2,1,0,22,4,0
"COG2225",2,0,0,7,5,14,7,15,4,19,1,23,9,7,0,20,6,0,24,0,6,0,3,0,1,15,20,2,6,1,0,0,13,249,0,18,0,1,0,1,12,1,1,3,21,56,1,8,7,5,11,2,26,3,7,3,2,73,2,0
"COG2226",91,236,169,278,249,387,234,260,255,261,160,267,345,237,209,275,117,190,223,258,232,202,149,204,167,213,182,297,255,154,170,198,217,179,210,166,242,223,232,148,312,262,280,208,239,214,206,251,226,142,247,268,186,195,222,205,125,91,209,201
"COG2227",2,83,43,76,75,8,31,14,21,55,63,26,123,50,2,45,21,55,20,0,52,12,23,22,18,71,105,19,66,141,16,73,138,38,32,35,45,4,2,63,40,19,82,136,67,16,21,22,48,89,54,70,110,59,84,95,64,13,42,18
"COG2230",103,54,114,39,116,40,37,31,93,157,145,101,11,24,59,41,65,121,90,219,48,56,57,167,119,118,32,23,79,59,25,42,46,288,38,70,131,36,424,68,60,62,50,121,21,207,52,28,28,69,46,31,55,169,52,28,56,345,31,111
"COG2231",2,0,0,0,0,2,1,0,1,0,26,0,0,0,6,0,4,0,1,51,0,0,0,0,0,3,0,0,1,0,0,0,0,0,3,0,14,0,112,0,9,0,6,4,0,4,1,0,0,0,1,7,0,0,0,0,0,2,1,0
"COG2233",1266,548,930,737,793,815,887,974,933,883,682,896,1028,716,1082,681,961,675,967,1353,577,720,944,794,1076,781,584,718,648,751,787,626,551,1644,782,919,958,813,1141,449,750,844,591,1258,781,988,821,765,742,615,695,635,908,637,660,737,901,1875,758,752
"COG2234",499,477,271,597,789,247,766,268,491,463,527,429,129,797,160,661,439,473,661,233,615,489,380,401,617,594,595,303,575,342,362,504,793,322,522,635,252,135,287,391,361,456,598,204,488,591,337,548,921,514,477,803,357,521,548,507,287,189,385,331
"COG2235",18,23,14,1,0,2,8,18,46,12,7,24,1,7,5,10,7,15,3,68,19,8,9,54,3,8,4,1,3,22,27,43,12,476,48,137,56,0,49,53,75,20,176,31,17,42,18,14,7,11,48,45,4,27,56,30,52,68,39,21
"COG2236",0,1,1,2,3,2,1,1,2,3,6,1,0,2,0,0,1,0,2,2,1,7,1,1,10,8,0,0,1,0,0,2,4,0,1,1,1,2,0,0,5,3,0,1,3,1,0,0,0,0,7,0,0,2,5,3,1,0,0,2
"COG2239",655,626,517,499,331,144,658,262,604,571,561,389,115,688,299,543,639,668,571,336,489,621,1021,423,715,565,510,304,562,577,776,599,709,214,733,600,563,260,276,395,586,828,481,406,397,352,621,299,690,574,759,529,597,575,734,664,588,252,452,606
"COG2240",348,259,356,250,322,352,377,407,387,311,304,366,267,395,380,341,355,232,307,462,293,361,370,342,307,324,238,307,340,354,268,242,288,379,331,333,342,312,533,237,249,334,255,330,310,316,214,267,385,316,241,295,352,339,326,279,330,476,383,301
"COG2241",346,269,219,284,217,46,403,132,259,204,230,178,21,317,143,286,344,316,170,229,230,326,444,277,243,394,319,181,359,182,72,87,95,32,116,82,71,39,123,85,53,144,69,79,91,106,61,106,107,112,145,165,58,90,111,112,124,67,92,62
"COG2242",295,273,229,261,225,51,402,127,254,208,237,203,18,322,120,268,361,319,146,211,233,298,430,213,258,392,281,145,271,175,193,205,241,65,279,210,188,78,290,201,146,364,173,156,225,320,140,190,258,252,341,344,142,245,278,253,332,138,225,173
"COG2243",221,167,141,199,148,41,230,59,149,130,163,131,15,164,65,191,155,221,173,192,182,208,180,163,93,289,260,133,246,135,102,120,172,65,85,140,115,59,177,133,87,224,126,88,122,200,85,100,236,173,208,221,218,161,185,169,215,87,123,98
"COG2244",1971,1754,1927,2014,3215,1794,1564,1528,1769,1526,2230,2168,2039,1757,1112,2674,1903,2260,2546,1781,2183,1933,1691,2608,1712,2103,2577,2018,2230,2182,1937,2232,2564,1128,2072,1842,1882,3414,1678,2791,1745,1882,2166,1682,2389,2029,1787,2139,1776,2091,2022,1982,2270,2248,2020,1975,2049,1189,2052,2218
"COG2246",120,84,129,32,54,15,70,25,86,29,127,99,25,82,73,11,132,84,43,71,37,76,120,63,96,53,27,94,62,191,108,61,43,41,126,85,76,46,182,115,48,62,24,90,59,33,105,33,70,85,50,39,75,96,45,37,82,180,87,175
"COG2247",0,0,0,0,0,0,0,1,0,10,0,0,0,0,0,0,6,0,0,57,0,0,0,0,0,11,0,0,4,0,0,0,0,0,0,56,0,1,0,0,0,0,0,0,0,0,0,0,0,0,0,0,0,0,0,0,0,0,0,0
"COG2249",31,179,37,171,111,54,73,86,55,276,140,100,27,78,28,164,44,89,112,44,169,87,74,23,101,130,205,53,132,35,29,153,109,418,24,100,49,26,122,110,99,135,149,49,94,147,42,61,97,104,180,157,121,86,141,72,47,146,62,22
"COG2250",0,13,0,0,0,0,0,1,6,0,0,2,0,0,0,0,0,3,0,0,3,1,0,0,1,0,0,0,0,4,0,3,0,0,3,0,0,0,0,0,2,2,0,1,0,0,1,0,2,1,2,0,0,0,6,1,3,0,0,1
"COG2252",651,406,458,169,240,818,364,499,428,569,388,466,631,263,599,247,582,395,528,826,228,358,519,496,479,398,186,476,262,512,469,256,315,1285,623,355,625,633,834,281,455,417,277,469,230,539,512,275,203,275,260,230,393,329,325,496,581,948,392,578
"COG2253",0,0,22,2,16,309,11,60,0,0,0,66,815,2,1,0,0,2,0,1,2,0,0,6,0,5,0,124,9,11,2,1,0,0,1,0,1,136,0,18,0,0,4,1,4,0,1,25,0,0,0,0,0,0,0,2,39,2,39,0
"COG2255",410,456,453,359,254,558,429,446,564,431,404,445,390,492,370,353,531,498,446,529,417,422,402,464,454,410,329,483,418,461,452,456,406,225,525,466,547,397,507,673,527,496,415,417,479,333,439,492,443,404,393,397,460,457,455,527,491,534,572,519
"COG2256",608,572,515,517,364,530,492,602,649,469,564,567,578,540,649,448,594,537,545,902,429,535,508,531,533,553,374,530,550,595,583,533,470,414,675,572,631,623,640,739,672,543,474,575,499,339,558,505,532,390,547,485,508,558,550,600,601,736,658,701
"COG2257",40,28,35,17,24,3,11,30,20,9,21,6,3,3,28,12,27,30,25,21,9,39,1,39,41,17,8,41,22,16,36,23,6,33,12,5,34,9,2,14,5,19,14,36,18,26,20,17,20,30,17,21,30,50,4,19,70,0,16,16
"COG2258",72,22,34,18,17,11,60,23,30,30,19,38,5,35,41,23,78,26,37,51,16,33,90,23,34,25,13,14,14,25,86,48,45,176,72,75,78,51,207,36,33,150,46,103,59,55,75,51,65,73,69,62,88,53,49,87,80,88,58,67
"COG2259",17,56,46,90,186,13,102,39,56,108,83,124,14,139,7,97,56,65,78,5,149,84,52,98,76,75,158,59,116,40,44,126,95,157,52,94,15,9,35,56,83,61,86,10,72,134,27,73,116,82,90,163,55,98,66,68,36,28,58,17
"COG2261",2,0,0,1,1,4,1,7,2,14,0,8,5,2,3,8,7,0,16,64,1,0,3,0,3,2,4,5,2,0,1,0,2,57,0,0,0,1,6,2,2,0,6,9,1,12,1,6,5,1,0,0,12,1,0,0,0,53,0,4
"COG2262",535,589,536,463,442,746,515,610,574,517,598,485,607,503,592,440,589,565,508,569,551,487,577,531,631,509,442,594,484,558,616,475,481,406,574,551,597,623,554,395,600,520,489,608,513,434,536,646,601,452,468,513,482,555,504,614,571,751,605,465
"COG2264",331,448,429,329,331,515,427,317,402,326,403,326,357,438,236,372,376,443,358,405,456,427,460,363,432,414,375,441,407,447,459,392,393,287,388,354,393,254,291,286,400,484,344,357,343,295,462,399,408,353,442,426,424,428,442,486,459,214,373,393
"COG2265",1063,767,822,661,516,842,744,969,886,667,716,690,713,680,978,591,989,783,733,1090,599,765,818,829,912,782,564,977,750,867,1038,729,507,909,908,771,925,756,780,845,684,819,605,917,664,513,816,652,659,675,665,633,662,704,650,659,922,920,739,853
"COG2267",501,226,309,130,161,71,226,145,317,235,270,229,76,188,180,109,434,264,226,225,94,219,375,219,301,265,133,303,173,278,339,168,118,526,306,282,325,147,400,169,198,275,158,266,147,206,280,142,234,184,174,103,243,195,196,159,324,480,164,257
"COG2268",147,194,326,287,204,180,40,66,170,79,129,135,46,128,91,136,220,203,226,79,159,355,78,142,144,231,169,331,203,122,198,210,91,366,214,147,157,96,113,117,171,194,203,122,196,290,227,52,99,376,131,145,354,242,165,96,276,107,159,119
"COG2269",3,2,1,8,6,14,10,17,5,47,0,23,15,3,5,24,11,0,30,5,5,4,10,0,21,21,19,1,7,0,2,1,2,249,0,4,0,4,0,0,4,3,3,3,5,26,5,3,5,1,0,3,9,3,2,2,2,34,0,1
"COG2270",170,76,91,77,14,10,155,64,117,64,101,61,15,125,107,44,196,121,76,226,28,112,221,73,139,110,41,84,43,98,137,71,73,88,146,109,157,71,283,51,74,140,40,130,67,33,84,59,113,114,119,27,86,100,84,84,170,532,78,93
"COG2271",21,184,197,372,148,109,151,508,329,416,263,368,390,218,693,308,126,440,131,269,461,217,216,285,225,289,439,90,296,279,129,653,168,717,146,299,141,26,76,175,503,374,422,186,318,467,135,159,151,238,483,383,120,224,184,348,82,147,495,182
"COG2272",255,327,232,138,37,583,154,715,401,136,305,222,810,291,965,149,374,271,432,440,162,213,113,164,228,217,193,171,121,468,230,157,238,11,319,178,461,926,445,265,292,117,130,586,448,78,203,362,263,103,199,133,284,242,304,153,242,346,557,196
"COG2273",118,373,500,659,798,1669,400,357,231,566,295,439,522,608,143,376,297,276,483,141,510,344,195,441,395,305,582,686,409,227,353,404,568,10,366,458,331,182,147,324,318,219,435,518,291,652,384,497,361,761,274,313,785,288,341,270,442,65,347,435
"COG2274",788,466,920,1438,453,1198,597,2968,1116,599,457,324,3936,939,273,967,711,414,648,733,739,781,645,1273,496,490,1122,1860,862,647,761,700,820,161,265,537,360,1811,205,1012,550,1231,953,1630,1004,241,388,1889,1314,975,549,403,773,670,681,430,594,415,744,492
"COG2301",88,62,76,24,28,158,144,26,59,170,27,72,14,68,24,33,120,60,34,50,21,37,67,142,87,83,25,85,34,50,43,37,64,192,25,45,33,39,103,35,28,49,85,34,62,111,170,53,61,142,24,94,69,25,87,178,83,76,19,36
"COG2302",250,123,233,76,54,25,134,56,229,83,139,142,41,105,102,53,330,189,108,316,64,155,218,188,176,143,57,109,134,188,175,132,68,39,248,129,222,95,209,168,111,188,71,155,75,83,208,73,188,124,91,52,134,158,108,110,248,103,140,244
"COG2303",0,6,2,7,4,14,5,29,9,156,1,24,2,14,0,21,7,4,41,0,16,7,2,7,4,27,14,3,11,6,0,5,10,285,2,11,1,1,0,11,4,13,3,2,16,8,2,1,9,0,5,5,33,8,8,0,2,21,4,0
"COG2304",307,704,586,726,779,953,365,641,468,444,806,530,874,524,556,690,284,565,620,300,742,704,355,501,376,610,692,541,568,703,544,755,628,144,503,567,569,742,150,462,724,622,676,510,710,682,876,766,477,611,586,633,854,840,660,600,533,444,680,639
"COG2306",0,1,0,0,0,0,0,0,1,0,2,0,0,0,1,0,0,0,0,0,0,2,0,0,0,6,0,2,0,1,3,3,0,0,12,1,7,0,0,5,1,0,7,2,0,0,11,1,0,5,0,0,1,4,2,0,10,0,6,60
"COG2307",0,0,2,1,2,7,0,0,2,51,82,23,0,0,13,0,2,0,3,27,3,1,1,0,0,7,0,0,1,0,0,0,0,0,6,25,73,0,443,0,32,6,0,0,0,0,1,0,7,0,2,1,7,0,4,1,2,349,0,0
"COG2308",1,3,0,1,7,11,0,8,4,80,114,38,7,8,11,8,3,0,2,22,16,14,1,6,17,15,18,3,6,55,0,15,19,0,11,23,67,2,434,10,40,12,2,2,1,1,4,0,5,0,3,1,4,1,10,4,8,344,4,7
"COG2309",574,248,305,123,128,34,285,125,311,168,148,220,34,222,240,112,557,332,169,280,121,264,388,325,311,280,73,255,176,227,336,185,102,281,347,271,320,109,410,371,161,279,126,327,133,285,187,156,165,222,166,142,214,284,244,204,437,166,208,377
"COG2310",203,11,45,19,30,13,153,9,144,351,21,16,372,16,29,36,63,56,43,17,185,34,55,40,61,54,7,140,30,22,55,51,9,0,102,26,16,270,14,30,8,31,52,177,26,2,600,492,40,27,17,36,20,87,35,39,39,70,20,49
"COG2311",168,341,271,632,874,112,209,378,253,490,160,323,343,315,39,639,131,170,405,184,435,384,202,283,283,311,497,199,499,166,169,485,291,145,80,277,180,394,49,253,409,181,488,73,510,627,251,394,450,388,348,299,583,289,295,286,111,88,341,219
"COG2312",29,6,8,22,61,37,1,2,8,17,3,86,1,2,3,311,1,4,44,1,7,4,39,8,11,23,3,4,25,8,5,21,8,0,1,0,8,6,0,1,5,3,2,19,32,4,6,12,28,3,21,9,47,6,0,0,18,5,0,7
"COG2313",11,61,24,13,10,24,2,6,48,5,18,21,10,24,3,21,12,35,7,9,12,10,35,17,2,14,22,8,17,29,10,12,2,27,5,11,7,0,0,5,15,3,9,4,8,18,4,1,7,0,2,1,5,1,10,2,6,19,6,10
"COG2314",1,7,4,3,3,2,6,14,2,2,27,54,1,9,3,3,6,1,1,76,0,5,15,4,1,2,2,12,7,13,15,6,3,18,15,8,33,3,95,8,1,5,6,5,4,6,4,5,7,0,11,5,4,1,2,0,5,162,8,25
"COG2315",253,224,230,313,383,193,184,111,239,201,251,318,148,261,160,325,276,266,297,163,314,282,210,257,215,257,375,261,310,203,221,331,304,176,177,276,156,149,155,359,184,244,276,194,200,413,272,243,271,245,243,355,342,307,286,213,252,108,393,248
"COG2316",69,49,105,45,39,23,63,33,100,31,57,100,17,35,40,43,114,42,45,64,46,43,77,135,71,54,23,40,50,80,42,63,39,55,58,61,75,19,202,56,59,61,31,41,32,52,49,31,60,23,49,59,42,78,65,63,56,36,57,64
"COG2317",120,77,77,52,38,10,87,51,122,119,54,55,7,88,50,16,142,94,57,47,30,51,221,65,78,69,33,47,38,87,86,63,49,97,117,57,83,36,33,53,37,36,63,74,33,69,96,109,111,70,82,33,67,57,60,148,63,21,56,24
"COG2318",0,0,0,0,0,3,0,6,0,88,0,0,0,0,0,0,0,0,1,0,0,1,0,0,0,0,0,0,0,0,0,1,0,0,0,0,0,0,0,0,0,0,0,0,0,1,1,1,2,0,0,0,0,0,1,0,0,1,0,0
"COG2319",5,35,32,78,173,12,21,23,2,32,12,14,424,34,8,99,5,12,131,5,25,18,16,39,4,69,102,33,58,48,31,23,48,1,6,8,6,1,0,18,135,0,64,3,51,64,417,499,8,130,44,23,200,26,7,37,97,13,0,57
"COG2320",12,9,22,5,37,10,2,14,26,67,20,35,20,13,11,23,48,22,16,1,6,32,85,32,17,21,36,31,20,27,21,30,44,40,21,53,28,5,10,27,14,6,22,12,20,77,15,79,44,68,16,8,36,22,25,44,31,13,11,12
"COG2321",3,0,0,3,7,17,21,17,6,44,5,27,9,8,6,19,3,0,25,6,8,3,11,3,21,18,11,2,8,11,14,1,7,65,0,0,0,6,1,2,1,6,0,5,2,5,5,0,1,0,0,2,4,1,1,0,0,8,0,2
"COG2323",77,107,119,20,20,11,99,29,215,123,152,95,35,81,69,17,223,120,100,123,37,104,192,167,115,68,35,98,54,126,125,148,79,91,211,181,105,69,43,466,134,110,46,87,75,49,232,22,176,69,85,24,106,105,62,71,165,81,99,232
"COG2326",296,145,214,144,205,58,97,72,215,123,164,180,12,107,141,131,123,112,122,314,48,130,130,133,199,115,96,117,160,125,149,132,71,133,167,168,234,73,390,124,118,158,115,161,94,157,119,69,93,122,95,93,153,101,106,112,175,534,164,189
"COG2327",50,98,147,213,222,26,87,42,148,54,194,158,105,256,465,98,134,54,152,201,60,73,103,175,128,110,119,83,64,151,110,60,36,10,102,78,156,41,192,392,117,101,114,58,139,76,125,41,131,255,58,213,74,139,51,73,114,355,106,48
"COG2329",0,0,3,0,3,4,11,3,0,4,2,1,1,5,0,0,0,0,0,3,1,1,2,0,0,1,0,3,3,1,0,7,0,0,0,18,4,3,0,8,8,7,1,0,3,16,8,2,2,0,6,17,1,4,4,0,1,3,0,1
"COG2331",2,0,1,0,1,4,4,4,2,2,20,12,0,5,0,2,4,0,1,9,0,1,2,2,2,7,1,2,3,6,0,4,2,0,2,5,12,5,40,5,2,9,0,0,4,1,0,1,0,0,1,4,1,1,0,3,2,94,1,0
"COG2332",11,3,1,5,7,15,9,5,6,29,5,9,3,4,5,7,2,1,17,10,7,3,10,3,20,15,10,2,4,0,0,2,5,83,0,3,1,7,0,5,8,8,0,7,4,10,3,0,1,1,10,8,4,4,4,4,0,10,3,0
"COG2333",619,361,570,169,135,140,281,193,446,268,265,474,90,271,290,165,727,518,300,633,216,268,528,619,396,461,185,252,265,528,518,351,162,473,607,552,413,166,815,908,278,330,229,360,219,245,354,166,322,340,246,279,385,526,355,250,634,348,284,652
"COG2334",9,5,16,24,26,25,14,19,12,98,40,27,18,29,5,34,53,38,38,23,15,13,19,6,30,36,24,2,16,14,7,2,8,85,8,5,4,2,16,1,11,8,23,4,6,27,19,9,4,6,3,9,19,6,11,9,1,79,5,0
"COG2335",2,9,0,0,0,0,0,0,5,0,0,0,209,0,0,0,0,0,0,0,0,1,0,2,0,0,0,23,0,4,12,0,0,0,0,3,3,0,0,0,45,0,0,139,35,0,9,0,0,0,0,0,0,0,0,0,0,0,2,6
"COG2336",1,0,0,5,4,4,1,4,1,0,0,14,4,1,0,4,1,0,12,0,1,1,4,0,1,7,8,0,2,1,1,0,6,190,0,2,0,0,0,1,0,3,0,0,2,19,0,0,1,1,0,2,1,0,1,0,0,30,1,2
"COG2337",345,224,395,318,124,36,1017,102,345,255,281,318,82,364,185,790,349,360,153,198,253,478,995,276,300,529,143,219,150,507,500,203,603,553,330,347,214,156,95,311,149,359,146,292,175,165,256,116,1280,360,209,138,195,359,224,305,387,117,190,445
"COG2339",23,37,38,2,0,2,0,7,53,3,14,36,2,13,10,3,17,59,3,0,7,8,21,27,23,7,4,28,14,47,43,41,10,0,52,2,62,3,17,124,40,20,9,116,17,0,26,3,21,48,3,7,4,36,21,6,31,1,72,58
"COG2340",62,61,156,13,31,4,9,19,72,31,109,34,38,18,33,3,127,136,46,2,12,91,17,109,67,109,25,102,32,82,118,46,27,49,130,17,49,13,75,49,42,111,48,44,18,39,86,17,126,18,29,18,93,79,24,33,192,3,59,71
"COG2342",0,0,0,0,0,0,0,2,2,0,0,0,0,0,0,0,0,0,0,0,0,0,0,0,0,0,0,0,0,11,0,0,0,0,0,0,24,0,0,0,0,1,0,0,0,46,0,15,0,0,1,0,0,0,0,0,1,0,0,0
"COG2344",272,325,289,277,334,59,332,166,285,263,344,325,51,289,120,302,330,340,382,200,345,301,320,314,320,335,275,259,288,225,347,313,304,84,316,329,296,92,249,208,268,304,286,137,250,198,244,201,331,293,282,329,293,282,269,257,241,105,255,348
"COG2346",2,3,5,0,2,0,0,0,8,6,0,3,0,0,0,0,0,0,1,0,0,10,0,0,7,5,0,0,0,0,0,0,0,0,1,0,0,1,0,0,4,0,1,4,5,0,0,0,0,0,4,0,0,0,5,2,0,0,0,2
"COG2348",102,31,45,7,0,39,4,2,128,14,155,94,17,10,37,7,219,50,50,108,5,36,42,93,45,156,8,49,47,37,34,89,58,2,119,158,207,35,38,815,89,30,113,101,31,17,233,4,170,9,29,144,172,10,29,12,165,934,53,246
"COG2350",2,2,4,10,37,1,4,7,2,47,0,2,2,1,1,22,4,0,35,1,2,19,1,1,14,8,6,0,2,1,14,1,3,38,2,2,0,1,2,0,11,0,34,2,6,4,2,2,6,5,4,1,28,4,0,1,3,13,1,3
"COG2351",6,13,5,3,3,20,1,12,6,100,11,11,7,6,3,4,4,7,65,1,8,0,1,5,72,7,10,0,8,11,6,4,6,31,8,1,23,0,0,0,0,1,2,0,1,2,16,2,0,3,0,1,4,0,6,18,0,5,3,26
"COG2352",24,1,5,21,16,49,17,35,14,177,102,71,7,9,26,32,55,4,43,267,22,12,6,9,48,43,17,7,10,3,3,3,6,280,15,62,130,14,503,2,86,31,45,43,10,28,10,14,13,1,16,14,25,3,23,2,0,1101,4,9
"COG2353",0,0,1,9,5,7,15,13,0,59,0,15,1,17,1,7,18,0,11,1,8,2,2,34,0,2,8,0,2,0,0,3,42,98,1,0,2,1,0,0,3,0,1,0,8,14,0,1,3,1,1,93,4,0,0,0,0,12,0,0
"COG2354",0,0,0,3,3,4,10,11,3,49,0,8,7,2,1,5,3,0,10,2,4,2,1,0,16,3,12,1,5,0,0,0,3,74,0,4,0,1,0,0,0,2,0,4,2,12,2,0,1,1,2,1,4,1,2,1,1,17,0,0
"COG2355",397,346,289,373,359,1175,473,651,394,445,273,338,953,443,739,481,326,309,455,406,371,350,401,335,311,280,353,540,364,509,314,242,469,205,345,200,454,767,141,329,512,254,339,685,524,314,475,617,431,346,284,450,156,257,458,391,299,229,533,399
"COG2356",9,525,51,5,6,597,11,48,51,59,3,244,150,8,3,14,2,14,19,4,4,33,8,64,18,26,15,176,0,78,335,22,90,111,56,39,147,127,0,6,137,21,39,11,50,5,231,67,4,29,15,11,15,38,6,47,79,17,36,69
"COG2357",655,203,436,113,255,66,310,101,246,166,292,331,73,207,243,137,568,306,283,447,150,265,278,391,434,266,80,254,185,315,397,284,121,335,335,239,278,141,543,465,125,286,202,347,172,223,332,227,256,278,140,268,299,311,209,195,416,637,162,437
"COG2358",182,146,196,81,81,25,278,85,250,74,171,77,21,163,104,63,188,169,109,105,69,209,138,166,167,150,49,188,104,130,178,152,129,149,211,156,122,95,130,140,123,183,63,156,117,143,119,59,125,213,108,79,227,134,165,88,249,32,130,162
"COG2359",4,39,18,0,0,2,0,0,11,4,12,7,3,2,5,4,18,6,2,0,4,19,6,133,1,8,0,14,1,49,7,9,2,0,26,13,18,0,9,114,5,5,2,9,3,2,30,2,1,2,0,1,2,4,1,3,20,1,10,58
"COG2360",72,73,78,80,20,384,17,214,69,99,49,71,294,56,288,95,30,55,51,119,33,59,28,59,8,35,99,182,111,90,16,50,97,112,21,22,40,275,10,45,61,69,26,204,124,13,77,112,93,79,95,57,30,44,110,84,82,14,205,30
"COG2361",41,72,82,58,116,96,64,19,53,77,39,72,97,54,188,93,14,21,45,51,125,79,29,68,36,82,85,233,17,237,92,35,75,1,60,44,62,62,18,39,79,30,169,126,42,106,167,161,68,87,27,44,47,36,59,44,71,15,114,79
"COG2362",50,9,16,9,47,0,10,12,24,10,5,18,0,15,10,19,38,18,8,10,2,7,28,11,3,13,7,9,11,6,10,10,16,122,46,28,16,5,28,26,17,13,28,16,18,43,1,7,7,4,22,18,33,11,31,23,9,1,6,15
"COG2363",1,1,0,2,3,6,4,9,2,40,1,10,4,2,1,19,1,0,17,2,4,1,5,3,12,5,9,4,2,3,0,0,4,88,0,2,0,2,0,0,3,4,0,2,7,15,1,4,0,1,1,1,6,2,2,0,1,5,1,2
"COG2364",411,272,257,131,205,128,224,156,226,296,211,229,152,105,573,108,420,213,445,162,151,188,207,299,424,276,146,196,150,233,257,176,182,112,297,150,257,274,409,167,130,284,168,238,207,311,297,110,200,256,125,231,283,144,177,290,159,45,162,467
"COG2365",62,106,66,158,141,14,103,39,63,60,88,70,3,103,18,119,57,109,89,114,107,103,212,35,29,104,133,47,111,44,160,359,253,13,158,238,86,88,69,167,212,271,223,66,200,347,131,110,205,290,430,239,470,225,227,184,157,213,186,90
"COG2366",0,0,0,0,2,0,45,2,20,0,0,53,0,0,0,0,0,0,49,9,10,1,0,0,2,11,4,0,0,0,0,1,0,0,0,3,4,0,0,0,0,0,0,0,3,0,0,0,1,0,1,28,4,0,0,0,0,1,1,9
"COG2367",481,240,244,404,338,108,341,336,319,280,293,341,700,280,575,275,250,279,303,213,299,268,307,343,259,369,1196,350,300,344,100,120,187,198,69,142,110,271,47,98,77,105,133,37,133,112,74,373,120,151,143,237,105,81,112,108,75,59,241,119
"COG2368",13,34,18,16,9,4,48,27,67,81,11,169,5,53,8,90,9,18,54,94,45,18,21,66,13,37,42,15,38,47,22,48,21,26,18,99,38,1,114,43,80,18,150,10,58,51,14,15,14,14,22,34,53,16,69,18,15,27,25,14
"COG2369",4,27,43,141,4,10,23,47,10,20,4,53,10,26,5,0,30,41,2,55,75,81,0,22,67,2,267,101,53,76,73,8,5,10,11,72,3,16,1,61,56,8,131,14,42,259,13,14,112,2,0,325,6,6,7,15,56,14,28,23
"COG2371",32,7,9,3,4,12,12,13,10,37,19,6,1,11,2,5,12,10,6,7,18,27,12,13,14,18,6,6,3,6,53,10,0,0,20,10,18,3,26,7,8,18,56,15,18,0,9,13,6,5,5,9,6,9,10,11,10,10,11,23
"COG2372",1,0,0,1,7,4,1,9,0,35,1,6,2,0,1,5,1,1,14,0,5,0,2,0,1,7,4,0,2,0,0,0,5,89,0,4,0,1,0,0,0,0,0,0,4,10,0,4,3,0,1,1,11,1,2,0,0,11,0,0
"COG2373",322,1112,869,2001,1336,2639,957,1289,632,1104,807,828,1069,1111,645,1646,331,863,1394,764,1042,1174,678,547,690,1145,1599,1184,1293,604,897,1288,951,658,596,961,937,1672,142,677,1721,840,1508,830,1386,1256,1067,1628,816,1571,1448,928,1156,1011,1031,1163,531,187,1204,602
"COG2374",16,187,4,0,0,11,169,40,83,1,0,32,1,1,5,0,49,70,2,6,161,82,44,54,73,28,7,19,1,36,39,2,42,1,20,54,3,19,55,6,44,22,19,1,85,0,20,102,85,6,9,155,4,13,14,10,28,15,13,20
"COG2375",0,0,0,5,6,11,1,3,3,45,0,14,3,2,0,21,2,0,18,1,3,3,1,0,2,15,8,0,3,0,0,0,2,97,0,1,0,2,0,0,4,0,1,0,1,11,1,1,5,0,1,1,8,2,2,1,0,12,0,0
"COG2376",104,91,197,118,133,96,109,54,61,213,56,247,21,91,88,216,84,59,99,318,145,117,130,219,82,105,108,82,113,68,83,59,108,693,69,98,83,9,264,161,127,36,202,70,90,350,54,84,73,170,89,107,98,53,149,165,68,173,87,146
"COG2377",4,103,16,21,10,27,32,72,51,70,60,45,6,86,12,51,34,77,30,12,33,34,46,16,64,76,47,11,98,71,36,57,92,103,68,27,8,15,23,65,19,43,11,11,62,27,26,5,50,15,40,63,74,62,129,83,85,26,69,12
"COG2378",94,320,170,179,171,139,104,100,211,144,91,200,40,98,42,42,190,135,255,80,290,152,108,218,123,378,118,209,264,193,69,67,14,280,97,105,82,19,13,54,79,81,63,40,106,194,83,78,136,65,101,106,28,68,70,39,57,37,46,48
"COG2379",57,68,94,28,42,2,128,61,142,97,65,31,8,151,26,34,121,65,11,100,25,102,241,35,38,71,11,75,31,92,83,70,57,54,133,75,92,24,8,68,59,110,35,88,34,28,55,3,87,144,81,13,47,59,64,32,100,2,106,44
"COG2382",140,159,121,130,61,132,158,301,93,230,224,115,341,235,166,179,92,221,188,190,189,139,95,79,171,202,148,165,147,151,290,325,555,302,305,164,322,374,7,300,345,439,414,603,593,313,341,749,338,347,482,788,311,444,409,478,419,61,586,267
"COG2384",202,94,152,48,58,35,92,52,103,51,103,123,14,87,130,70,202,142,67,199,86,121,104,208,135,104,49,97,95,172,173,85,34,70,205,142,113,57,207,140,57,74,67,134,69,67,132,55,56,77,49,93,129,115,76,67,217,128,78,146
"COG2385",648,641,566,340,432,147,660,279,527,401,502,437,77,651,232,333,626,629,469,395,428,489,653,525,653,522,361,387,472,469,595,587,508,248,664,372,507,180,396,708,351,485,349,365,374,338,429,311,484,494,411,542,496,625,475,527,682,155,471,641
"COG2386",7,0,1,4,10,10,12,6,5,28,4,10,0,2,3,8,7,2,3,2,7,6,4,0,13,11,6,0,7,5,0,1,6,43,0,3,4,5,0,7,11,9,1,14,7,5,3,1,2,1,3,2,5,3,7,3,1,8,1,1
"COG2388",14,77,63,94,189,28,76,45,58,82,49,105,10,76,7,127,32,32,83,61,81,87,37,106,53,59,124,40,69,37,47,68,104,94,23,64,49,7,60,66,66,35,137,6,50,130,30,50,71,103,58,85,77,56,71,64,36,24,42,37
"COG2390",62,30,122,89,44,88,59,71,57,385,62,198,38,27,78,93,111,42,109,320,62,30,101,176,68,86,48,34,67,50,31,46,49,202,71,106,103,27,354,58,104,31,42,46,13,177,46,34,31,43,56,68,53,55,74,65,50,154,50,79
"COG2391",8,1,9,16,14,21,28,13,5,35,8,28,9,7,24,18,16,2,45,3,6,5,18,10,48,33,30,2,11,0,0,3,13,287,0,10,2,7,6,16,9,3,24,38,13,64,4,3,12,2,6,4,29,2,5,0,0,40,2,1
"COG2404",0,7,0,0,1,1,0,2,4,0,0,0,2,0,3,0,6,3,0,50,1,0,4,23,8,2,0,24,0,14,7,8,35,2,0,0,0,0,28,0,0,0,0,9,8,0,3,20,0,0,5,4,0,0,24,13,9,2,14,0
"COG2405",11,1,12,0,2,0,6,1,1,1,2,1,0,8,22,3,4,0,0,4,5,19,15,0,7,10,1,8,1,3,5,0,2,23,0,1,7,3,0,1,0,1,5,4,2,1,1,4,1,0,1,20,6,0,3,10,4,0,7,11
"COG2406",0,12,12,110,106,1,22,15,7,28,15,27,2,23,4,63,2,17,68,12,37,31,18,11,10,33,66,19,41,12,12,51,21,1,11,53,4,0,0,14,40,8,87,2,28,97,6,8,16,53,32,20,81,32,30,18,5,3,8,10
"COG2407",934,1097,674,883,885,943,769,822,668,950,797,590,1108,1004,1020,770,657,946,788,538,1002,802,636,680,875,787,963,915,1220,787,677,922,1190,912,853,844,730,571,409,619,703,760,493,613,950,704,779,794,1141,879,846,1095,933,997,1077,929,828,346,833,726
"COG2409",0,1,0,0,0,0,0,0,0,9,1,0,0,0,0,0,0,0,0,335,0,0,1,0,0,0,0,0,0,0,0,0,0,0,0,0,0,0,49,0,0,0,0,0,0,0,0,0,0,0,0,0,0,0,0,0,0,166,0,0
"COG2414",73,46,75,11,28,23,231,53,90,59,39,82,13,143,36,43,91,38,61,75,24,65,255,24,76,81,28,68,24,97,96,31,107,303,44,34,55,20,3,34,71,82,14,41,72,25,33,19,65,107,61,12,37,55,44,48,72,39,53,43
"COG2421",0,12,16,17,18,9,8,9,10,27,8,6,0,21,4,24,14,11,13,3,12,20,27,33,6,16,8,13,22,19,17,15,29,167,9,13,10,3,37,17,27,10,27,7,14,92,4,21,17,10,36,12,27,11,35,87,19,21,33,6
"COG2423",84,60,109,67,171,5,21,17,88,25,74,63,15,49,28,14,62,128,31,21,41,120,43,91,63,101,32,84,41,85,161,83,22,100,94,70,31,8,41,50,50,99,105,28,62,13,28,14,40,42,35,15,47,18,56,33,56,16,86,116
"COG2425",43,93,61,107,108,228,39,114,53,107,58,68,208,57,121,113,24,60,127,91,89,88,48,49,69,42,125,141,90,80,89,194,152,287,123,116,152,360,27,101,214,94,91,360,301,279,55,209,258,234,145,171,231,108,187,200,99,68,266,160
"COG2426",12,39,19,2,0,6,3,5,83,2,28,29,9,5,32,1,12,29,4,1,9,4,15,37,29,5,8,13,9,44,20,27,6,0,14,27,13,3,12,22,20,8,20,25,11,5,15,2,40,6,7,6,7,6,18,11,17,1,13,51
"COG2431",102,297,200,459,407,295,322,326,183,402,235,244,280,309,202,440,142,209,364,152,396,253,174,226,340,283,430,252,357,210,146,277,410,203,169,268,197,207,61,206,300,253,314,191,311,452,233,302,330,289,338,421,289,252,369,388,146,69,295,303
"COG2440",2,1,1,3,8,7,3,6,5,0,0,37,7,4,3,17,8,2,23,40,4,2,2,0,5,7,7,0,2,0,0,2,4,128,0,5,7,2,43,1,4,0,0,0,6,20,1,1,1,0,2,0,13,0,2,0,0,16,0,1
"COG2452",174,11,41,9,34,40,77,40,23,44,45,62,8,18,91,13,129,68,74,139,45,80,59,88,167,50,12,33,24,48,40,48,10,0,30,78,95,384,210,36,35,89,16,57,40,2,28,49,30,49,36,172,29,37,29,62,49,52,13,58
"COG2453",0,0,0,7,6,5,3,3,4,0,0,16,6,9,0,0,1,0,27,1,1,1,5,0,0,9,1,0,3,0,0,2,7,163,0,2,0,0,0,0,3,0,0,0,3,66,0,1,1,2,0,1,19,2,1,0,0,2,0,0
"COG2454",1,0,0,0,0,0,1,0,0,0,1,1,0,0,0,0,0,0,0,0,1,0,0,0,0,2,0,0,0,0,0,1,0,0,0,2,0,0,3,0,0,0,0,1,1,3,1,1,0,0,0,0,1,0,0,1,0,0,0,0
"COG2461",58,7,43,28,21,73,9,5,26,23,16,10,4,28,15,18,78,15,25,167,11,35,9,18,33,25,21,40,15,27,93,37,6,87,77,26,151,201,134,42,28,63,45,85,44,105,466,38,26,72,28,23,59,78,42,23,242,155,16,51
"COG2501",111,56,105,32,36,14,77,16,82,30,80,89,11,66,58,16,110,75,41,90,38,67,109,80,71,62,35,63,42,91,91,56,38,97,78,66,47,26,100,47,38,65,72,90,54,47,90,34,57,58,31,49,52,53,47,49,85,65,45,107
"COG2502",396,336,291,334,205,388,393,497,319,338,294,326,567,327,532,373,299,334,312,449,375,254,406,247,303,336,295,291,312,340,357,290,306,292,318,300,277,549,107,206,343,331,362,387,426,275,232,432,314,321,343,325,221,268,342,327,192,181,378,323
"COG2503",0,0,1,4,3,2,7,0,0,18,0,0,0,1,2,11,11,0,6,4,1,0,0,0,18,0,1,0,2,0,1,1,1,0,1,0,4,4,13,0,8,0,9,9,0,40,3,1,1,0,0,3,8,0,1,9,0,7,0,0
"COG2508",1185,413,655,169,307,118,365,142,555,329,495,399,119,323,471,249,909,560,436,640,224,420,616,580,620,389,182,511,362,750,602,405,235,559,703,604,598,272,1341,413,270,573,323,543,304,437,670,257,459,432,288,287,397,392,418,290,673,702,309,620
"COG2509",950,834,871,615,411,704,933,613,1072,534,705,739,596,836,721,603,1016,826,553,746,661,914,1021,796,765,804,566,782,798,968,906,740,655,248,1070,919,903,624,780,1185,840,996,570,783,705,502,910,766,1006,775,837,760,777,884,806,818,1111,299,861,905
"COG2510",198,77,146,29,28,12,13,173,138,20,47,53,24,45,127,30,120,97,53,55,27,93,134,100,79,51,25,85,56,123,116,68,39,65,103,76,124,27,65,189,40,97,41,99,36,92,71,16,81,52,30,21,66,99,39,42,149,12,43,186
"COG2513",28,156,34,116,179,24,35,87,76,65,44,40,7,66,33,203,51,156,125,16,36,33,32,63,96,68,214,41,150,42,78,164,83,185,26,160,17,739,9,38,117,115,172,72,111,158,53,111,215,54,174,46,256,271,32,85,43,20,84,26
"COG2514",4,0,0,1,0,0,0,0,0,0,0,0,0,0,1,0,3,0,1,0,0,0,0,1,2,0,0,0,0,0,1,0,0,2,0,0,0,0,7,0,0,0,4,8,1,1,0,0,0,0,0,0,3,0,0,0,0,8,0,0
"COG2515",71,39,47,44,14,22,18,16,36,35,10,89,156,27,6,59,18,30,17,81,32,16,34,27,41,27,46,14,50,40,27,35,29,149,22,62,34,17,111,29,45,39,54,20,30,143,19,8,10,39,25,46,28,16,26,69,19,29,18,12
"COG2516",0,0,0,0,0,0,0,1,0,0,0,2,0,0,0,0,0,0,0,0,0,0,0,0,0,0,0,0,0,0,0,0,0,0,15,0,0,0,0,187,0,0,1,0,0,0,4,0,0,0,0,0,0,0,0,0,20,0,4,3
"COG2518",0,2,0,2,2,2,0,6,4,16,0,4,3,4,0,2,1,0,8,0,4,1,0,1,1,6,6,1,3,0,1,0,1,59,0,2,1,0,0,3,0,1,3,0,5,6,0,1,0,2,6,2,8,1,4,0,2,9,0,1
"COG2519",0,2,0,2,0,5,0,3,3,4,38,20,0,2,7,0,4,0,3,37,1,2,1,1,1,5,1,2,2,0,0,8,1,0,4,19,34,0,144,6,18,21,1,4,2,0,3,1,0,0,6,4,10,0,3,2,0,327,0,1
"COG2602",131,60,149,15,18,129,79,23,51,33,37,111,16,30,95,74,95,53,62,35,69,36,57,89,74,47,10,231,48,102,83,29,21,150,21,76,45,49,61,85,8,35,117,90,25,41,66,46,59,58,33,123,44,116,37,22,114,104,62,101
"COG2603",3,0,0,8,4,12,5,13,5,57,0,9,1,5,0,15,2,2,25,1,9,1,2,0,8,13,14,0,10,0,0,0,4,160,0,4,1,2,0,0,4,2,8,7,4,40,2,12,2,0,0,5,10,0,2,36,0,11,0,0
"COG2604",41,41,35,40,9,6,39,180,91,16,35,11,6,0,8,0,136,63,57,0,17,133,1,76,203,6,41,9,22,23,14,32,0,0,13,9,9,45,58,22,6,90,4,105,5,0,86,90,76,49,37,1,80,165,5,36,50,1,11,22
"COG2605",332,312,271,382,582,223,453,545,264,346,274,251,70,441,91,361,270,304,419,303,495,350,343,298,447,368,317,273,281,258,262,328,426,182,283,308,508,164,209,270,355,151,374,132,480,553,330,400,406,501,173,445,111,395,319,480,235,60,179,300
"COG2606",271,258,278,177,244,92,193,159,315,372,362,317,52,246,138,160,265,286,274,215,213,281,253,345,261,295,189,177,234,285,111,142,88,119,116,100,125,33,180,165,102,104,97,78,95,98,82,52,82,77,93,95,97,106,91,95,122,115,99,140
"COG2607",356,172,379,84,88,53,231,103,231,67,169,172,52,202,201,92,429,255,189,262,127,271,385,272,242,211,100,194,179,294,357,178,113,116,329,343,259,147,371,175,141,267,86,207,164,101,292,102,275,237,184,168,232,292,149,173,354,121,182,299
"COG2608",547,100,199,76,77,52,104,102,125,106,127,76,25,121,86,70,243,200,123,301,55,184,191,98,193,158,60,118,94,167,158,130,61,88,198,280,228,125,120,123,48,179,47,200,59,41,97,64,147,113,134,116,151,135,93,70,194,124,117,170
"COG2609",4,0,0,2,14,27,23,24,10,85,0,23,18,10,4,18,8,2,34,4,12,6,9,0,57,29,21,1,13,1,0,1,7,246,0,3,0,17,1,0,0,6,0,17,12,28,5,9,12,2,3,3,19,4,27,2,0,30,1,2
"COG2610",354,181,281,361,407,147,271,194,201,491,219,375,78,262,137,518,149,264,262,300,201,292,512,241,305,334,300,196,291,197,45,63,104,611,63,142,80,43,273,72,105,89,130,72,117,387,39,77,70,89,136,183,139,78,124,135,71,223,51,90
"COG2703",111,45,81,38,80,7,12,29,37,16,43,29,6,30,67,3,77,84,69,72,36,71,13,92,151,86,19,101,78,59,101,46,2,3,41,13,77,45,11,35,5,29,23,82,25,3,76,60,37,57,33,21,44,70,23,39,132,2,23,60
"COG2704",71,247,210,367,300,510,534,233,278,431,340,245,46,370,107,469,240,253,388,132,531,210,254,257,318,419,441,224,463,176,147,290,451,1206,135,238,197,61,82,237,332,452,355,70,306,475,154,177,386,203,442,465,261,310,454,368,165,215,210,205
"COG2706",257,273,222,241,456,92,269,148,129,372,241,255,181,249,70,234,277,293,336,241,267,244,167,223,318,294,216,224,284,198,188,188,267,352,287,206,181,57,383,216,185,157,172,223,309,397,179,348,278,279,168,340,285,184,223,245,185,126,187,211
"COG2707",0,0,22,1,3,4,4,3,1,19,1,15,2,1,7,15,3,1,16,33,10,0,1,10,7,3,5,0,5,0,0,0,1,77,0,0,6,5,1,0,0,0,4,8,3,10,1,1,1,0,3,1,11,1,0,4,0,30,4,14
"COG2710",267,60,104,112,71,49,42,122,63,218,127,234,32,63,71,76,159,115,91,362,67,161,214,232,67,99,56,137,103,217,74,109,110,133,103,159,125,22,423,113,174,226,80,85,79,261,99,118,98,112,43,82,217,67,87,105,152,36,37,132
"COG2715",253,359,246,330,280,447,367,493,307,278,316,220,634,298,526,346,236,292,409,212,408,280,200,284,297,304,340,348,376,399,354,262,388,90,262,255,385,657,133,263,369,378,328,467,376,269,413,541,380,311,358,480,291,282,392,365,254,65,445,338
"COG2716",0,0,1,2,3,3,4,5,1,43,0,10,8,0,1,10,1,0,21,1,4,1,5,0,1,8,8,0,2,1,0,1,2,90,0,2,0,2,0,1,1,3,1,0,4,14,3,1,4,0,1,2,10,1,4,0,0,17,2,0
"COG2717",20,8,23,18,305,9,24,26,10,52,20,67,10,186,15,17,16,2,21,3,9,42,17,13,35,96,8,50,16,12,18,44,101,111,15,4,7,2,2,16,7,25,0,13,13,101,4,5,34,13,17,16,29,5,36,22,22,17,8,10
"COG2718",1,0,1,8,2,11,0,5,7,63,1,14,4,2,3,15,1,0,26,2,8,2,1,0,4,20,25,0,6,0,0,0,7,143,0,6,1,0,1,0,5,1,2,1,4,22,0,3,14,1,0,2,16,0,2,3,1,22,1,3
"COG2719",0,0,1,5,6,9,1,17,1,110,4,19,11,1,0,10,0,0,23,4,7,1,5,0,1,27,12,0,8,0,1,0,1,125,1,3,3,0,2,0,1,3,4,1,3,20,1,8,16,0,0,2,15,1,5,1,4,23,1,0
"COG2720",164,192,207,45,66,37,91,56,206,50,157,167,30,100,167,64,419,149,93,119,77,90,134,187,186,117,49,95,143,196,232,153,70,199,418,165,153,91,345,722,126,123,83,182,78,88,353,113,93,166,90,183,130,238,146,210,261,37,148,457
"COG2721",217,225,150,179,161,270,227,232,176,214,176,185,212,189,239,203,146,198,170,162,128,169,511,143,153,224,165,179,225,227,477,449,619,1117,445,457,513,425,406,323,429,571,297,447,469,584,247,591,424,394,603,673,432,556,444,641,351,220,471,311
"COG2723",1269,287,574,288,237,209,255,348,547,1300,357,423,188,506,429,255,1438,871,483,922,192,653,1209,627,612,489,201,235,242,490,703,476,739,1668,698,705,486,312,1217,361,218,560,572,971,335,902,359,337,320,401,555,227,631,529,382,348,747,1054,511,664
"COG2730",680,774,969,287,466,140,115,1184,687,156,949,464,1115,541,1827,237,479,733,589,838,270,780,290,744,590,553,411,741,360,848,920,513,815,121,806,345,568,1852,258,753,349,305,309,1050,1096,449,503,193,356,735,344,338,428,1113,589,593,1252,860,935,1084
"COG2731",211,192,264,212,245,452,186,167,201,335,213,344,336,216,191,259,171,363,306,193,356,238,235,235,232,267,309,341,209,193,180,307,273,504,179,201,305,134,110,188,213,181,368,291,220,326,124,295,266,263,231,317,245,215,231,226,188,122,226,265
"COG2732",0,4,0,0,4,5,2,4,6,25,0,13,4,0,0,5,0,0,13,0,4,0,2,0,10,2,6,0,1,0,1,1,5,91,1,2,0,0,0,0,1,0,0,0,0,10,0,0,5,0,0,0,8,0,0,0,0,12,1,0
"COG2733",9,0,79,2,17,16,37,44,106,101,26,158,20,13,57,61,64,20,42,212,42,6,4,81,12,20,20,1,19,2,1,3,6,230,0,5,84,24,299,42,40,22,15,15,17,27,7,27,9,0,10,3,35,5,11,6,2,46,26,62
"COG2738",251,271,185,232,375,49,252,125,207,165,247,180,44,247,89,274,260,235,293,101,276,202,178,241,284,247,218,180,286,230,260,212,249,63,301,307,220,93,145,155,259,246,243,109,221,146,228,164,249,234,293,332,252,251,246,226,156,98,188,236
"COG2739",139,80,142,41,41,9,97,43,115,48,108,117,15,72,81,35,188,127,72,148,47,108,199,137,120,98,36,122,73,151,173,106,63,46,149,104,121,75,112,210,61,123,61,122,48,59,133,50,62,89,96,68,126,126,106,71,169,54,93,183
"COG2740",110,57,105,21,28,12,76,24,101,56,86,55,16,40,50,17,147,95,75,116,39,60,69,91,72,67,26,72,52,92,35,25,7,17,50,32,27,12,37,63,36,30,16,34,20,21,62,11,36,14,11,19,31,25,17,35,48,21,26,55
"COG2746",48,16,55,26,43,9,15,9,20,18,37,43,2,13,8,5,32,42,15,89,5,43,7,18,60,50,1,56,33,26,35,16,1,349,14,12,57,4,0,13,23,37,16,32,55,1,57,21,27,23,12,24,23,28,14,32,43,57,26,25
"COG2747",0,0,0,0,1,0,0,0,0,0,0,0,0,2,0,2,0,0,0,0,1,0,0,0,0,3,0,1,0,0,0,0,0,2,0,0,0,0,0,0,0,0,0,0,1,1,0,0,0,0,0,0,0,1,0,0,0,1,0,0
"COG2755",1115,1737,1592,1915,1554,902,1988,1954,1366,1343,1719,1201,2129,1317,1470,1900,1101,1500,1738,1139,1601,1668,1628,1402,1450,1703,1928,1364,1897,1330,1371,1575,1538,304,1267,1215,1599,1329,637,1133,1607,1770,1279,2295,1558,1380,1115,2159,1705,1670,1969,1849,1376,1539,1403,1499,1136,383,1545,1482
"COG2759",777,560,747,560,518,763,650,583,800,504,593,659,755,689,740,548,697,683,566,836,568,607,646,678,596,647,483,720,565,734,639,638,510,148,759,745,711,791,759,883,712,732,594,645,584,398,779,578,618,529,564,490,606,586,732,686,625,839,662,661
"COG2761",2,0,0,0,1,2,4,10,2,52,3,7,1,4,0,0,0,8,1,29,5,1,2,2,1,0,2,0,0,1,0,10,0,1,2,1,4,2,19,5,0,4,0,9,2,16,3,4,0,0,0,12,0,12,3,0,0,12,1,12
"COG2764",8,3,4,5,2,8,1,13,5,99,1,3,3,10,0,6,2,1,12,31,9,1,4,1,1,5,23,0,2,0,3,1,9,73,0,1,0,1,9,5,0,1,4,0,7,7,1,0,6,14,1,1,6,0,4,1,1,8,1,0
"COG2766",2,0,2,3,9,12,7,16,2,115,2,19,16,5,3,21,2,2,29,1,19,4,6,0,4,24,17,0,6,0,0,0,8,179,0,6,0,0,3,0,4,3,0,0,9,24,2,5,13,0,0,2,9,1,4,2,1,29,1,1
"COG2768",295,367,233,310,91,71,353,121,303,141,232,305,30,209,113,305,289,258,142,222,282,260,445,331,195,232,234,170,308,266,318,231,235,83,335,264,251,69,249,231,279,403,272,155,239,141,190,103,242,186,432,328,153,213,323,255,219,250,253,191
"COG2770",10,0,0,1,11,1,6,9,1,72,0,0,0,0,5,0,1,0,1,0,10,1,0,0,0,6,0,0,0,1,0,0,0,0,0,0,0,0,0,0,0,1,0,1,0,0,2,1,31,0,1,0,0,0,5,1,0,3,1,0
"COG2771",23,3,7,38,68,65,15,60,17,267,7,173,65,23,7,130,38,13,172,8,41,17,36,41,41,83,139,5,23,16,10,9,28,1037,26,75,16,25,20,42,37,14,10,11,43,156,16,53,39,4,12,21,83,15,27,22,17,171,10,15
"COG2801",1362,2485,1932,1066,1267,558,1798,1580,2154,1187,2532,3568,5291,1347,3206,1759,1527,1179,1378,2483,2345,2183,1263,2117,1337,1109,965,2373,1087,1474,1537,1554,1516,4428,1501,1262,1489,2375,4620,2515,1708,1557,1612,1906,1383,806,1638,1298,703,1506,1486,803,1915,887,1445,2410,1825,2642,1114,2486
"COG2804",184,170,323,76,121,83,94,102,293,218,163,212,92,117,156,89,268,234,173,206,143,345,75,285,179,262,80,234,154,247,364,124,87,588,432,95,151,47,177,119,149,212,196,239,134,238,230,78,58,126,80,97,255,354,135,118,486,173,252,384
"COG2805",248,152,306,114,120,55,93,79,200,96,170,145,25,97,175,50,274,213,93,172,105,297,104,239,192,253,63,284,166,209,312,126,67,205,387,93,213,50,159,135,99,163,93,198,103,125,200,48,65,114,88,122,183,288,102,149,317,84,203,347
"COG2807",4,16,4,22,7,39,11,31,22,114,2,52,10,6,6,23,11,3,49,19,18,11,5,0,8,27,20,3,7,1,1,13,8,309,4,5,9,2,62,3,24,10,25,13,13,68,2,5,7,1,16,11,27,1,7,18,0,42,37,4
"COG2812",1215,1382,1015,941,903,1320,970,1300,999,959,1187,920,1138,1094,1136,932,1135,1017,940,1097,1040,1041,801,1120,1140,1015,892,1056,1150,1003,972,973,1011,594,1105,956,1100,1129,1261,1374,970,992,870,1172,1106,831,1231,1052,992,953,967,1212,934,1054,1135,1204,1175,1034,1287,1185
"COG2813",28,1,2,17,16,28,16,82,15,121,25,42,16,18,11,32,36,10,52,60,14,4,21,12,27,34,33,10,12,11,21,16,7,277,35,18,23,9,120,100,17,12,21,35,21,31,29,6,10,5,6,9,27,31,8,6,21,234,7,19
"COG2814",118,252,339,302,209,304,302,486,264,658,276,341,411,305,319,279,86,183,290,264,307,231,177,328,132,286,342,158,280,235,162,292,235,752,179,352,336,390,637,176,380,212,309,268,332,396,290,294,156,228,351,247,157,275,258,255,291,596,320,200
"COG2815",293,179,294,53,97,77,144,60,150,89,203,141,28,113,102,75,266,239,98,349,60,174,168,176,213,247,55,144,138,204,274,159,42,171,357,195,227,49,673,415,166,212,99,205,133,118,299,68,103,186,82,128,132,271,123,237,316,877,123,302
"COG2816",133,91,132,102,97,137,81,116,68,106,132,103,146,88,156,116,109,91,127,140,90,93,95,67,128,122,77,134,84,104,253,272,161,289,160,192,351,374,409,145,258,262,179,299,308,190,258,288,230,264,192,216,273,200,192,181,192,471,239,257
"COG2818",89,220,105,159,172,37,160,65,132,145,216,189,19,211,24,226,174,141,149,164,274,133,104,145,109,200,184,67,197,90,90,173,262,196,119,157,67,23,154,349,106,136,173,64,175,180,121,105,197,135,244,226,269,162,232,151,148,90,178,135
"COG2819",248,134,235,67,101,51,265,68,210,165,224,199,52,166,120,104,272,173,96,184,96,241,459,132,129,230,106,98,119,246,280,152,331,0,240,133,192,106,144,301,71,179,101,155,125,55,161,97,139,223,157,102,115,224,106,129,175,47,139,245
"COG2820",117,115,120,124,127,181,98,109,111,122,116,116,96,116,91,128,100,122,95,87,161,74,120,98,96,125,110,130,115,111,283,310,321,301,261,253,224,290,149,188,350,310,342,249,330,316,348,326,221,266,360,460,335,229,344,390,224,142,255,236
"COG2821",6,4,10,6,16,35,24,29,19,66,13,36,13,21,3,17,6,1,51,8,8,17,6,18,47,36,17,7,13,19,5,5,14,166,3,1,6,16,0,21,21,25,8,11,30,23,8,13,5,2,15,15,28,11,15,13,5,24,3,3
"COG2822",3,0,0,8,3,10,3,15,1,63,0,14,3,5,2,17,9,0,23,2,11,0,3,0,4,14,15,0,2,0,0,0,2,128,0,2,0,0,5,1,8,1,7,11,5,22,0,5,3,2,0,0,13,1,1,0,0,14,2,0
"COG2823",4,1,0,1,6,10,6,33,2,35,2,10,5,5,0,12,4,0,19,3,9,4,7,2,16,5,13,1,4,3,0,2,10,249,0,11,4,4,0,6,15,17,5,7,18,33,3,6,4,0,12,11,16,4,15,7,5,28,7,1
"COG2824",5,0,0,6,11,8,9,9,3,20,0,12,15,2,3,15,12,0,28,2,4,2,4,0,15,18,23,0,3,0,0,2,5,145,0,4,3,2,3,0,0,1,4,7,9,25,4,2,7,1,1,2,14,4,8,9,1,23,1,2
"COG2825",6,8,21,79,61,9,20,51,12,58,9,40,11,30,3,37,11,10,35,1,22,33,25,2,32,29,44,16,22,13,7,33,17,111,9,58,6,7,1,10,38,15,14,5,15,102,9,13,23,26,31,11,30,18,21,14,5,14,7,9
"COG2826",854,358,1008,487,2905,293,361,476,721,150,639,898,859,530,835,226,893,641,338,1271,242,359,1999,945,560,495,323,1140,543,798,678,317,203,378,1051,410,775,6704,992,563,391,915,355,1671,433,156,614,507,156,290,198,1344,275,1803,701,144,651,1073,646,511
"COG2827",106,42,57,18,31,22,31,19,57,47,25,54,6,29,38,30,72,45,38,145,23,40,46,37,34,44,19,26,24,74,30,46,13,66,25,38,38,17,79,70,43,46,43,42,25,49,49,7,25,23,25,30,32,21,41,38,38,66,32,57
"COG2828",23,17,12,6,9,30,73,11,12,39,4,36,14,11,7,74,17,5,27,56,27,7,25,11,22,25,14,3,12,32,3,6,25,145,10,12,15,4,111,23,20,11,8,7,14,17,10,10,12,17,11,129,50,6,10,22,44,30,2,1
"COG2829",1,6,14,25,19,12,33,12,32,46,6,54,13,15,1,43,1,4,31,20,21,20,11,24,4,39,20,6,9,17,102,12,16,92,25,16,13,23,0,12,17,4,96,0,19,9,9,13,7,6,8,8,6,6,17,12,0,16,10,5
"COG2830",18,160,65,235,181,40,139,106,84,150,126,105,9,163,10,174,41,143,163,26,179,111,107,86,140,169,213,66,189,65,159,150,132,0,97,107,96,6,32,91,164,137,165,4,103,170,66,115,217,147,212,245,117,132,214,123,45,24,97,91
"COG2831",15,7,51,55,17,35,50,103,21,121,0,71,17,29,16,24,39,32,17,4,48,19,90,33,36,26,42,11,52,23,8,22,15,1,10,25,9,4,80,12,74,4,52,31,7,200,23,20,50,10,29,105,42,12,47,62,129,3,9,3
"COG2832",63,24,54,7,25,19,25,19,18,46,26,27,15,11,26,24,34,37,32,46,29,15,18,35,26,47,19,18,33,32,18,21,5,121,34,23,68,25,14,26,11,12,65,63,16,39,24,18,22,27,21,20,27,7,24,27,24,56,20,46
"COG2834",5,9,4,3,9,16,13,51,24,48,5,14,12,15,4,10,43,5,14,8,8,6,6,22,21,33,16,13,6,16,12,24,4,113,26,6,3,7,1,196,7,11,6,17,17,22,36,6,8,4,11,8,19,5,9,10,41,17,3,41
"COG2835",3,0,0,2,0,4,9,0,1,13,4,2,3,4,1,3,3,0,3,1,2,2,3,2,4,7,3,2,2,2,0,1,5,40,0,1,0,1,0,2,0,3,1,2,0,13,1,3,0,0,0,3,2,2,0,0,1,3,1,1
"COG2836",39,27,2,4,5,6,45,4,60,7,9,15,0,4,2,5,15,0,1,1,8,45,16,18,72,28,1,8,0,14,13,2,1,0,3,4,12,5,84,15,7,2,1,14,11,0,25,2,31,0,9,51,16,4,2,0,4,1,3,9
"COG2837",4,30,26,139,175,18,44,25,16,118,29,39,5,40,4,112,26,14,144,53,50,62,38,6,17,65,119,28,70,15,11,79,36,212,18,46,1,1,6,35,48,7,53,17,44,147,5,14,29,58,44,40,160,22,29,22,27,35,3,6
"COG2839",3,47,19,69,69,8,33,7,18,30,43,27,2,46,0,52,15,56,7,15,60,23,40,4,26,49,63,9,49,15,18,79,57,0,7,41,8,5,0,25,62,67,43,2,28,57,11,27,35,37,79,78,53,54,44,36,12,4,15,9
"COG2840",5,4,1,8,4,22,15,44,6,66,7,22,4,18,3,17,9,2,30,6,12,10,3,4,22,16,9,3,11,5,9,3,9,199,3,7,3,5,0,7,13,14,4,5,12,27,1,5,0,2,13,7,19,6,9,11,0,24,0,1
"COG2841",2,0,0,1,3,2,2,1,0,0,0,6,3,0,1,7,1,0,11,0,0,0,2,0,5,4,6,0,0,0,0,0,1,36,1,3,0,0,0,0,0,0,0,2,2,6,1,0,0,1,0,1,4,1,0,0,0,6,0,1
"COG2842",19,50,38,38,6,373,20,34,11,22,12,10,23,28,8,24,42,39,54,1,7,30,18,42,140,19,26,40,6,21,49,9,13,12,8,29,12,16,36,107,81,4,32,15,36,23,13,36,14,13,114,65,11,20,35,100,45,5,199,53
"COG2843",481,535,395,540,477,64,535,197,484,292,524,372,77,447,194,422,646,573,323,292,443,464,346,478,533,487,554,1064,450,493,297,232,194,24,273,145,161,54,110,309,149,216,162,110,129,147,150,137,171,217,176,260,214,253,147,128,209,280,157,218
"COG2844",20,10,10,24,30,47,47,119,40,114,86,71,12,32,19,29,23,3,56,73,13,24,20,8,76,72,26,13,22,21,2,6,18,384,10,42,72,19,305,20,56,62,3,21,23,26,21,3,17,2,25,25,30,8,8,19,8,602,8,13
"COG2845",0,0,0,0,0,0,0,1,0,0,0,0,0,1,0,0,0,1,3,0,0,1,1,0,0,1,0,1,1,0,0,1,0,0,0,0,2,0,0,0,0,2,3,0,3,0,0,0,0,2,0,0,5,1,5,0,1,0,0,0
"COG2846",14,119,40,54,86,47,76,47,20,115,128,105,136,131,8,117,62,126,163,64,90,63,30,57,146,29,115,52,138,99,11,26,81,38,32,17,45,3,57,32,25,26,13,12,33,16,13,16,34,16,35,52,38,33,58,37,37,12,37,48
"COG2848",549,242,379,114,93,514,291,344,403,273,345,308,594,226,508,102,447,302,342,515,135,312,401,316,371,286,97,380,163,394,419,192,93,93,463,278,492,354,571,172,359,380,202,427,358,150,246,293,277,190,200,161,243,262,245,352,376,452,324,430
"COG2849",25,246,84,225,101,61,367,7,28,227,154,54,8,89,5,154,68,21,9,5,434,39,128,40,52,146,226,27,246,100,41,75,114,0,44,233,66,6,5,50,164,477,260,115,83,611,60,130,40,178,245,72,91,228,166,278,39,3,61,73
"COG2850",4,0,0,7,6,16,12,18,4,95,0,12,8,9,4,16,5,0,25,2,10,5,5,0,30,56,42,0,7,0,1,5,46,170,1,2,0,2,1,0,5,5,1,8,5,15,6,2,7,1,4,2,8,2,6,0,0,19,0,1
"COG2851",62,30,23,9,10,30,160,21,18,30,22,180,12,76,31,61,42,26,28,120,53,53,24,26,84,60,7,86,41,39,65,37,24,58,21,73,75,15,153,29,40,28,32,17,48,74,32,49,48,70,54,153,79,36,70,69,36,1,23,30
"COG2852",21,21,17,7,13,4,8,12,27,21,15,30,18,10,22,12,16,19,7,20,8,20,67,16,13,19,3,27,1,37,32,26,41,44,50,57,48,20,83,36,25,33,7,38,15,15,49,10,21,22,33,2,33,42,13,14,43,0,57,69
"COG2853",5,6,5,1,13,23,26,50,22,84,6,26,6,13,2,23,4,1,32,9,6,13,9,5,39,39,11,4,12,21,10,6,14,151,3,4,4,7,0,11,10,15,5,7,6,42,7,8,9,6,6,12,12,4,12,45,3,14,1,4
"COG2854",5,11,2,7,6,18,14,51,18,48,6,23,10,12,4,11,11,4,23,10,3,12,13,4,21,21,12,7,5,22,1,3,17,117,4,4,4,6,1,10,15,28,5,9,11,7,5,3,5,1,6,8,7,3,12,13,4,13,6,2
"COG2855",221,352,338,444,450,205,264,901,347,286,309,458,193,316,84,599,355,286,409,538,481,328,226,407,278,339,538,325,480,238,294,368,399,244,223,433,317,812,272,263,377,381,555,195,467,244,359,630,347,357,540,404,469,269,454,392,291,505,421,226
"COG2856",145,194,267,120,304,269,78,618,133,134,166,325,260,60,110,57,254,183,344,140,126,178,236,262,155,206,282,565,82,494,85,40,46,138,74,100,61,216,41,25,87,58,57,222,30,59,228,120,33,126,63,33,39,48,53,175,97,66,36,119
"COG2859",75,157,90,54,99,343,113,230,83,141,186,172,358,134,226,131,56,155,127,125,144,57,70,130,134,99,102,221,109,165,117,125,217,30,85,87,173,409,28,91,160,94,124,215,140,40,255,269,127,70,117,157,58,152,167,159,100,10,228,137
"COG2860",134,204,104,153,194,76,177,108,151,227,213,209,74,174,49,236,104,171,164,121,260,123,136,158,139,181,194,96,183,117,182,161,217,314,102,187,155,41,280,134,180,203,224,56,173,148,73,142,163,122,186,233,94,164,200,179,97,293,154,173
"COG2861",6,14,12,10,33,22,26,41,43,69,15,27,19,29,31,39,6,17,42,17,19,7,36,27,13,32,30,12,22,39,7,8,23,178,7,10,19,12,73,23,25,17,23,14,22,44,12,18,10,13,12,17,22,6,35,21,23,29,5,6
"COG2862",2,1,0,5,14,13,7,3,4,49,2,21,7,4,1,9,7,0,27,1,8,4,2,0,29,20,9,1,4,1,0,1,3,138,1,2,0,5,0,3,8,1,2,7,6,13,1,3,3,1,12,0,10,1,6,8,0,23,4,3
"COG2863",0,0,0,1,1,0,0,0,0,2,0,1,0,0,0,0,0,0,0,0,0,0,0,0,1,1,0,0,0,0,0,0,0,0,0,0,0,1,0,0,1,1,1,0,0,0,1,0,0,0,4,0,0,0,1,2,0,0,1,1
"COG2864",6,5,2,3,9,21,15,27,15,80,0,15,10,10,4,17,6,3,37,3,12,12,12,7,21,12,12,8,10,16,0,4,12,214,4,6,2,2,11,7,9,13,7,10,13,17,8,11,4,0,8,4,17,4,20,6,3,27,0,8
"COG2865",1481,1063,1639,1036,1273,1128,866,1051,1005,1052,1215,1822,2992,817,4129,967,1495,1310,921,1469,925,1218,777,1535,1032,850,853,1826,991,1654,997,910,870,83,1330,1148,1043,1293,1257,860,1057,933,904,2196,1492,752,2324,2207,1233,975,1250,1032,872,1212,890,991,1015,1163,800,937
"COG2866",69,264,112,123,30,13,26,52,158,80,87,155,19,184,14,39,163,96,69,38,127,123,82,154,94,151,227,352,47,195,81,100,244,134,155,150,55,32,68,224,131,176,74,89,81,103,155,35,93,102,68,104,95,219,88,188,321,38,110,97
"COG2867",0,0,0,3,5,7,3,9,2,39,0,14,1,1,0,6,1,0,16,1,2,1,0,0,2,8,2,0,5,0,0,1,1,72,0,2,0,0,0,0,0,0,0,0,2,9,1,5,1,1,0,1,4,1,7,1,0,16,0,0
"COG2868",146,47,110,50,49,18,46,31,74,47,61,80,15,29,45,29,123,85,61,97,42,74,40,127,88,71,33,64,66,105,109,55,29,33,92,89,85,30,113,133,48,64,47,71,24,65,86,54,80,62,48,55,80,80,64,112,117,41,29,81
"COG2869",45,117,100,215,121,187,100,213,111,123,122,148,255,107,153,232,53,106,195,109,164,115,79,105,127,124,237,170,171,130,120,173,136,12,85,160,155,214,15,94,211,165,177,93,165,123,155,155,127,134,206,136,126,103,108,127,63,13,145,90
"COG2870",24,112,88,44,40,46,68,110,110,126,63,195,37,96,42,101,57,66,67,111,88,49,112,109,65,92,67,32,115,36,23,78,100,221,17,28,61,31,159,88,120,68,93,47,67,137,40,57,58,32,63,78,176,65,102,165,110,36,153,53
"COG2871",66,250,186,287,206,412,190,421,185,177,211,237,350,221,280,301,93,192,266,184,277,203,131,213,271,170,254,315,206,173,217,262,264,4,154,213,290,387,23,160,343,197,302,163,306,180,385,292,146,203,284,225,178,227,235,261,120,39,224,229
"COG2872",276,87,88,49,55,45,169,55,173,113,84,96,11,149,123,79,178,88,53,114,47,137,297,105,57,97,41,80,74,139,105,88,41,113,199,152,108,75,94,136,89,132,60,148,88,92,78,85,92,88,119,92,78,68,125,91,116,111,107,96
"COG2873",1317,889,1056,923,844,1221,1097,1417,1102,718,892,783,1388,1049,1596,813,1049,887,791,992,861,1101,1075,891,1119,1097,689,1125,872,968,1079,834,915,246,814,1005,1174,1347,873,528,1009,1018,567,1372,983,601,1043,1032,1130,881,884,875,944,944,869,936,1067,877,1024,1055
"COG2875",178,249,194,287,272,58,432,126,181,211,223,186,20,417,112,336,240,240,198,164,247,246,340,215,177,320,314,132,406,135,217,176,339,48,254,195,105,62,213,202,147,311,144,103,236,251,130,211,260,250,354,352,244,275,302,318,182,95,209,131
"COG2876",337,477,407,424,285,573,613,478,474,370,461,405,370,529,484,422,365,382,357,424,465,390,699,414,276,441,419,418,442,412,388,424,476,121,390,403,435,485,320,311,504,481,473,333,442,396,461,409,378,375,550,470,392,398,515,477,358,126,559,392
"COG2877",70,257,177,203,248,180,237,347,220,280,222,256,361,222,319,279,102,189,218,176,341,171,154,241,163,239,267,146,266,188,162,191,279,115,128,188,247,366,143,177,295,227,272,178,254,259,71,317,191,181,307,372,208,233,245,276,103,45,278,188
"COG2878",290,339,269,264,235,208,234,391,298,276,245,255,274,335,354,259,236,344,308,288,182,331,389,223,284,312,230,231,266,320,318,289,245,180,349,204,314,251,232,214,323,285,275,273,317,214,180,229,248,247,284,276,272,327,312,375,292,113,343,244
"COG2879",0,0,0,2,4,5,2,8,1,31,0,9,4,4,0,6,0,1,13,0,2,3,1,0,2,8,7,0,2,0,0,1,3,101,0,3,0,0,0,0,4,1,0,0,2,12,2,2,2,0,0,0,9,0,0,0,0,10,3,0
"COG2882",4,0,1,1,3,6,2,31,0,1,0,11,2,4,1,8,2,0,9,3,2,0,1,0,5,9,10,0,1,0,0,0,2,83,0,3,0,2,0,0,2,1,0,4,0,10,1,1,2,0,3,0,2,1,0,0,2,12,0,0
"COG2884",399,342,420,307,270,402,312,359,440,293,388,405,323,365,405,323,375,375,315,341,381,344,364,412,355,370,327,448,317,362,344,357,375,193,486,385,438,462,429,513,334,386,302,321,388,237,489,323,418,293,391,403,310,382,388,345,429,513,431,408
"COG2885",407,681,581,879,1494,1940,587,1209,621,629,314,691,2292,401,1302,889,165,311,1334,544,762,576,327,633,356,643,754,914,574,795,700,356,711,707,373,488,470,1836,120,431,680,576,769,780,1204,671,541,1124,650,491,750,637,657,381,636,597,283,141,775,419
"COG2887",0,0,0,13,0,16,0,2,21,14,167,57,0,0,21,0,20,7,4,139,1,1,0,0,0,18,35,0,0,40,18,2,0,0,15,77,170,6,555,3,73,53,0,3,2,3,10,0,1,0,23,7,10,3,7,1,23,1427,4,5
"COG2890",433,416,433,320,339,411,460,533,472,409,414,364,382,369,494,377,461,408,440,586,317,437,385,461,426,414,359,424,424,345,357,422,328,368,424,420,487,579,463,574,423,443,347,509,448,322,435,438,468,338,376,421,403,461,361,451,439,561,500,460
"COG2891",14,1,5,6,6,20,18,40,16,42,4,17,7,7,6,14,14,1,22,12,9,5,8,0,18,21,9,3,3,5,0,3,10,152,0,4,1,9,11,2,5,10,16,13,12,12,4,11,0,1,4,11,9,2,2,4,2,31,4,3
"COG2893",268,27,131,91,77,70,132,66,61,281,60,156,38,83,67,73,230,73,138,274,88,85,376,97,102,77,49,45,76,80,63,54,110,479,56,169,138,28,266,62,55,43,93,178,70,149,79,55,52,90,60,99,86,37,77,100,64,236,56,141
"COG2894",232,126,242,72,71,36,85,101,178,124,163,130,30,113,169,65,332,167,131,194,71,176,116,182,230,148,67,135,142,162,224,111,38,221,279,127,156,74,247,268,67,166,74,151,108,97,199,112,90,94,61,128,183,180,94,172,232,122,123,258
"COG2895",320,370,284,315,245,104,214,127,166,298,351,212,79,189,497,317,198,295,450,244,292,294,179,142,395,360,317,224,351,125,270,252,346,150,183,297,396,146,249,229,261,410,207,169,259,163,223,139,197,324,328,276,441,290,316,353,374,105,250,306
"COG2896",262,84,135,71,44,39,171,101,117,151,70,137,87,118,130,84,286,110,84,190,78,134,247,95,133,133,37,50,80,126,93,79,51,241,176,113,114,129,272,57,70,165,63,139,64,219,76,105,77,61,78,78,109,57,69,129,92,112,105,129
"COG2897",12,12,3,16,20,20,7,23,9,83,10,38,10,19,4,22,34,8,42,14,20,11,11,3,27,29,16,7,18,14,4,13,23,294,1,26,7,7,1,16,17,16,2,28,20,28,5,8,10,2,10,5,27,5,17,7,4,35,3,8
"COG2898",32,14,8,12,3,23,37,10,20,14,89,43,3,10,13,4,58,9,22,132,23,11,11,14,19,31,12,20,18,7,11,8,3,49,12,36,49,7,529,10,25,31,52,32,13,101,2,9,8,7,11,58,31,11,15,6,12,635,10,8
"COG2900",1,0,0,2,3,2,1,1,3,11,1,3,0,2,0,4,0,1,13,0,2,2,1,0,5,4,2,0,0,1,0,0,1,49,0,4,0,1,0,0,2,0,0,5,3,4,2,1,3,0,0,1,6,0,5,0,0,5,0,0
"COG2901",2,4,3,2,5,21,3,7,7,35,1,12,5,3,3,5,10,1,26,3,4,8,1,0,18,20,7,2,2,0,0,2,0,109,1,1,2,2,0,5,6,6,6,2,9,14,3,3,3,1,10,11,3,1,5,3,1,16,1,0
"COG2904",4,7,5,6,14,16,6,67,12,45,0,30,17,3,3,22,4,3,43,2,20,19,7,43,34,17,14,3,9,7,4,3,2,180,3,11,1,1,0,13,13,4,59,5,20,20,5,6,6,2,3,3,16,8,11,7,0,22,6,4
"COG2906",0,0,0,0,2,3,0,1,1,15,0,13,3,0,0,8,1,0,8,0,3,2,1,0,4,1,2,0,1,0,0,1,2,57,0,0,0,0,0,0,0,0,0,0,0,6,0,1,1,0,0,1,5,0,1,0,0,7,0,0
"COG2907",0,0,0,0,0,4,0,9,1,68,0,0,0,0,1,0,0,0,0,0,3,1,0,0,0,0,0,0,0,10,0,0,0,0,0,0,0,0,0,0,0,1,0,0,0,0,0,0,2,0,0,0,0,0,2,0,0,2,0,0
"COG2908",116,321,196,318,353,432,250,347,235,326,274,221,360,291,265,370,106,235,376,132,332,219,143,216,268,233,318,261,314,190,203,254,391,165,173,194,350,342,27,190,311,244,364,207,298,327,214,396,258,272,328,370,250,277,313,307,154,51,360,226
"COG2909",109,90,192,55,72,71,44,122,141,181,64,93,25,62,41,51,133,174,44,14,67,147,79,124,86,232,48,110,64,182,109,75,29,250,92,96,144,37,97,53,65,104,41,108,47,68,150,34,78,86,61,77,68,69,107,28,69,61,91,82
"COG2910",6,55,21,51,106,11,17,37,55,15,41,23,3,19,14,51,38,7,37,17,30,29,24,23,8,18,81,24,35,88,80,47,37,4,10,32,23,32,81,42,41,19,98,7,33,110,12,22,25,52,20,14,60,11,7,18,16,13,16,9
"COG2911",20,36,191,73,39,68,98,240,125,213,57,255,20,39,102,145,98,12,76,247,107,76,76,197,155,102,63,43,67,38,20,39,37,407,14,23,124,56,372,73,137,24,73,66,28,119,43,49,54,20,71,42,81,32,81,89,62,87,76,110
"COG2912",1,0,1,2,8,11,4,9,5,36,0,20,3,3,0,13,5,1,19,3,6,0,1,0,21,7,18,1,7,1,1,0,8,128,1,2,0,4,0,0,6,3,0,6,1,10,7,2,4,0,4,2,15,1,6,1,0,16,2,0
"COG2913",6,3,4,1,7,11,9,34,9,21,0,9,6,2,5,4,6,0,15,4,6,7,4,3,29,12,12,1,5,4,4,1,8,90,0,3,1,3,1,3,5,1,4,12,4,10,4,4,3,0,6,5,10,2,5,3,1,10,1,2
"COG2914",0,0,0,1,4,5,5,6,1,35,0,13,3,1,1,8,1,0,15,0,2,1,2,0,7,9,5,0,2,0,0,1,1,63,0,1,0,1,0,0,2,0,0,3,2,8,2,2,1,4,1,2,2,1,1,0,0,11,1,0
"COG2915",1,0,0,2,5,4,4,34,4,28,0,6,0,2,1,6,5,0,16,0,1,0,0,0,20,8,6,1,4,0,0,0,0,75,0,3,0,3,1,0,5,0,0,9,9,5,4,2,4,1,3,4,4,1,4,1,0,5,0,0
"COG2916",5,1,2,6,11,12,7,30,6,112,2,13,5,7,0,27,7,0,26,7,8,1,9,3,10,8,14,0,5,1,0,4,6,262,0,4,1,4,0,1,7,7,2,4,6,18,2,5,2,0,0,3,8,2,0,3,0,49,1,1
"COG2917",3,3,3,6,13,9,10,28,10,35,4,20,9,7,1,9,3,0,14,2,4,13,7,0,20,15,11,1,4,3,0,3,8,65,1,2,3,6,0,7,9,9,0,7,8,13,4,5,2,2,4,6,4,6,6,5,0,15,1,9
"COG2918",9,1,1,83,7,148,22,16,49,117,0,74,9,134,12,17,26,4,41,136,10,10,3,43,252,40,16,1,493,0,11,18,72,169,8,4,6,13,85,6,17,4,66,35,9,25,33,5,10,26,4,29,19,4,27,2,13,49,18,5
"COG2919",5,1,3,4,6,13,9,29,9,34,35,18,0,6,5,2,15,0,13,26,4,7,4,9,25,9,7,4,4,6,2,3,5,41,2,7,19,5,129,6,3,12,25,14,5,7,0,5,3,1,7,6,5,3,6,1,4,216,4,2
"COG2920",0,3,2,0,6,2,6,20,4,20,1,9,6,5,0,4,2,1,22,2,0,2,1,3,4,6,12,0,2,0,1,2,5,69,2,3,1,1,0,2,1,3,3,1,4,8,1,3,0,3,1,3,9,3,8,5,0,12,2,0
"COG2921",6,1,3,1,7,7,3,2,4,18,1,4,2,6,4,4,4,0,9,4,5,4,4,3,17,9,11,0,1,5,0,3,4,55,0,2,4,4,0,3,5,2,1,6,6,5,1,1,0,0,2,2,1,2,8,4,1,6,4,2
"COG2922",0,0,0,7,7,5,2,7,0,49,2,11,6,3,0,16,2,1,15,1,10,1,4,0,0,8,8,0,4,1,0,2,4,76,0,3,0,0,0,0,4,0,1,0,6,19,3,6,1,0,0,1,7,1,8,1,0,14,1,0
"COG2923",2,0,0,3,5,4,8,4,6,28,0,13,3,2,0,4,2,0,17,1,4,0,2,0,6,10,5,0,4,0,0,0,3,100,0,2,0,1,0,1,0,0,0,4,3,9,3,2,3,0,2,4,4,0,1,0,0,10,1,1
"COG2924",3,1,5,3,3,13,6,8,4,10,0,15,2,3,2,8,2,0,18,2,4,4,2,3,16,7,11,2,5,2,0,0,3,53,1,2,0,2,0,1,4,10,1,3,1,6,4,2,0,0,6,3,10,2,2,3,1,13,2,2
"COG2925",6,3,5,7,21,28,26,17,12,82,15,13,4,15,3,18,12,0,38,16,4,20,5,6,35,23,19,9,13,15,0,9,14,121,1,3,5,16,0,9,17,26,3,13,16,11,9,5,5,0,12,4,8,5,8,14,4,23,3,5
"COG2926",1,0,0,1,9,6,4,4,3,35,0,17,2,1,3,5,1,1,12,0,2,2,2,0,5,7,9,1,4,0,0,0,2,82,0,0,0,2,0,1,0,1,2,3,2,31,0,7,3,1,0,1,9,2,4,18,3,9,0,0
"COG2927",1,1,2,6,8,7,8,18,10,38,0,13,1,2,5,12,6,0,16,5,6,9,2,2,26,19,6,1,5,10,10,1,8,117,2,4,0,3,0,2,6,6,3,10,10,11,1,2,4,1,4,4,2,2,3,1,0,13,2,2
"COG2928",2,2,21,0,3,8,3,0,10,10,5,6,0,6,2,0,3,0,0,10,11,0,0,17,0,0,4,0,4,6,8,5,0,0,0,1,2,3,10,3,0,5,13,0,9,28,1,17,0,0,0,9,1,1,1,30,0,0,7,12
"COG2929",14,3,23,0,6,7,33,3,9,6,4,13,3,12,5,0,20,7,28,7,4,11,5,3,6,22,4,2,6,33,14,4,59,103,15,6,11,12,1,6,13,18,26,10,20,0,20,9,12,3,19,4,13,1,13,1,10,4,5,12
"COG2931",28,47,89,225,199,1,18,31,25,32,78,41,5,46,4,82,34,238,33,3,95,141,50,45,16,64,205,104,100,99,153,288,62,0,68,74,24,3,0,137,19,21,132,23,51,325,84,12,9,161,28,7,300,46,30,38,52,10,21,155
"COG2932",154,72,93,58,56,30,106,94,168,119,72,129,33,50,109,64,146,68,80,71,55,145,115,114,142,104,62,61,48,118,78,31,30,32,26,37,19,28,9,39,26,21,27,42,17,31,39,25,33,25,40,28,35,32,41,35,40,32,25,60
"COG2933",2,3,1,4,6,14,8,10,6,68,0,20,4,4,8,13,3,0,30,4,3,2,5,1,15,23,16,4,7,0,0,1,4,131,4,1,0,6,0,3,1,1,2,5,10,10,5,6,1,3,0,2,14,1,2,2,1,12,2,1
"COG2935",0,0,0,0,0,7,1,0,0,1,8,8,0,8,0,0,0,0,0,8,0,2,0,0,0,15,3,0,0,0,0,3,0,1,0,0,4,4,0,2,0,8,2,0,0,0,0,0,0,0,0,9,0,3,0,0,0,0,1,3
"COG2936",82,82,82,87,312,11,226,48,154,156,230,147,4,262,74,124,168,237,272,22,301,240,111,179,159,97,104,84,139,122,134,210,191,42,174,70,267,33,381,142,187,110,90,36,182,100,70,128,295,146,113,204,35,187,128,110,70,43,86,66
"COG2937",7,2,0,15,20,59,15,131,6,128,0,30,12,17,15,41,16,1,74,11,24,10,9,0,44,34,35,3,18,0,0,2,16,495,0,18,0,10,0,0,11,4,2,19,23,38,9,5,18,4,7,8,28,1,5,0,1,50,4,4
"COG2938",3,0,0,1,3,9,4,5,4,26,1,8,3,1,0,4,5,0,20,2,4,0,4,0,9,5,10,2,2,0,0,0,3,53,1,5,0,3,0,0,1,1,0,5,0,4,4,0,3,0,1,2,9,0,8,2,0,15,0,0
"COG2939",66,0,2,0,0,3,0,0,1,0,2,2,3,1,6,0,0,33,0,6,0,6,0,0,0,1,0,0,0,0,2,0,0,0,5,1,40,0,28,5,4,0,0,28,5,0,0,0,1,0,0,0,0,2,0,0,6,0,0,6
"COG2942",235,448,412,710,394,119,312,702,314,392,687,325,603,476,442,553,261,616,427,298,481,345,357,230,249,496,666,304,562,351,361,599,599,313,440,403,344,496,269,431,429,495,434,510,541,337,215,480,526,425,516,557,714,447,601,447,342,461,645,367
"COG2943",1,1,1,11,13,25,5,28,27,117,0,42,7,11,2,22,2,1,44,3,11,6,14,2,4,32,25,3,13,18,6,1,11,361,0,11,0,1,0,0,9,3,5,0,9,40,2,7,5,2,4,6,17,0,3,0,0,46,3,0
"COG2944",6,6,6,15,6,38,18,14,11,30,16,126,14,4,15,17,22,7,30,2,14,10,72,7,9,8,45,24,17,27,17,3,1,111,1,16,8,2,13,14,12,23,2,8,9,48,15,5,10,0,9,5,35,5,8,4,17,55,8,21
"COG2945",0,2,0,2,5,0,0,0,6,6,7,0,0,0,0,0,2,0,0,0,0,17,0,0,12,0,0,0,2,10,3,0,0,0,0,0,0,0,0,0,7,0,0,1,0,0,1,0,0,0,10,0,0,0,4,4,0,0,1,3
"COG2946",342,72,144,76,113,79,285,54,69,115,96,88,7,197,157,158,371,192,195,325,80,74,316,178,240,168,32,160,165,123,115,51,41,631,182,302,94,111,266,132,113,122,152,250,86,180,292,84,272,211,113,72,126,87,201,119,172,223,71,166
"COG2947",2,1,9,0,0,0,3,1,6,2,5,2,0,2,1,3,0,1,3,0,0,3,7,6,1,8,0,8,3,11,1,0,3,0,2,0,0,0,0,4,0,4,2,1,3,1,4,0,0,0,4,2,6,0,4,4,1,0,0,3
"COG2948",2,3,3,0,1,10,9,6,27,69,4,0,6,0,0,0,10,0,4,0,1,17,12,49,2,4,1,0,9,52,26,12,9,0,3,1,0,3,93,8,10,0,2,3,1,0,7,17,5,0,5,0,16,0,15,7,6,65,1,0
"COG2949",4,10,11,20,36,2,4,31,32,30,15,31,6,20,3,22,16,8,12,4,14,26,14,37,3,22,34,16,18,22,50,93,39,150,59,69,37,9,0,219,47,14,59,32,34,99,57,14,14,81,37,25,77,99,33,19,115,28,36,55
"COG2951",5,7,4,3,11,17,14,74,19,52,11,34,6,16,3,15,10,3,39,9,9,8,15,8,23,23,21,6,7,22,7,8,9,167,4,6,2,4,0,11,6,25,4,11,16,28,10,3,3,3,5,16,22,9,10,10,6,22,5,1
"COG2954",268,203,280,180,166,190,225,334,217,177,260,206,584,157,486,170,255,212,248,280,341,197,182,238,249,212,204,187,169,232,242,220,190,58,201,190,252,518,249,249,247,287,239,465,305,172,242,490,204,238,202,229,221,197,191,176,232,391,273,200
"COG2956",14,5,11,5,21,18,22,50,15,78,10,22,7,11,5,15,12,0,16,4,16,13,5,9,50,27,7,7,7,16,1,5,9,118,1,5,1,10,0,10,10,24,1,7,17,20,13,2,6,0,9,8,6,5,7,7,4,17,3,8
"COG2957",269,290,276,393,395,843,214,199,185,211,284,182,288,275,205,342,229,329,544,168,380,239,167,267,363,289,357,567,318,225,271,307,261,1,217,230,351,170,129,148,395,370,274,271,340,224,693,464,344,287,294,336,346,210,249,246,244,30,211,319
"COG2958",0,12,7,0,0,0,0,3,3,2,0,0,0,3,0,0,0,0,3,0,5,1,67,0,5,0,1,65,0,11,1,0,1,20,0,0,1,0,0,0,0,1,7,1,0,0,0,2,0,0,3,0,1,245,7,0,8,0,1,22
"COG2959",2,0,0,2,2,5,8,50,1,92,0,1,4,2,4,3,8,0,7,0,6,3,2,0,19,4,9,0,1,0,0,0,0,22,0,0,0,0,0,0,0,0,0,3,1,3,2,2,2,1,0,1,0,0,5,0,0,7,1,1
"COG2960",0,0,0,1,8,8,1,5,3,18,0,10,6,2,0,11,1,1,12,0,3,0,0,0,1,4,6,0,0,0,0,0,1,55,0,1,0,2,0,0,2,1,1,0,3,5,0,1,2,1,0,1,5,0,1,0,0,7,0,0
"COG2961",0,33,22,107,96,18,14,53,9,53,21,26,12,24,3,96,18,9,58,1,41,51,15,10,20,14,98,57,47,20,23,81,22,124,11,50,2,6,1,25,14,25,28,11,23,122,16,16,49,81,20,44,93,19,20,12,19,19,5,1
"COG2962",16,10,21,20,28,39,36,33,49,76,15,86,13,23,15,30,38,20,43,68,27,25,40,36,60,46,21,23,17,48,10,15,18,119,8,13,40,12,137,30,41,37,35,25,15,61,13,25,21,13,16,44,31,12,29,21,34,29,11,11
"COG2963",97,221,356,205,350,167,363,196,258,267,255,882,221,178,95,473,345,140,475,121,132,300,205,366,234,253,173,151,160,126,222,201,148,2430,334,189,230,97,436,118,176,148,343,114,145,291,406,149,109,102,293,92,251,94,173,225,193,961,158,256
"COG2964",168,95,105,18,79,37,99,42,157,86,46,200,29,98,53,68,101,81,72,189,41,59,55,135,77,64,26,34,62,149,59,90,74,335,57,112,73,29,256,56,63,67,99,81,73,84,38,27,78,39,50,53,106,54,86,53,47,113,56,92
"COG2965",3,1,3,3,16,10,14,4,5,40,3,13,6,8,1,5,5,1,16,8,12,8,6,1,21,15,9,2,2,7,0,1,2,34,0,2,0,4,0,3,2,4,1,1,3,3,1,0,2,0,3,0,0,0,1,3,1,6,0,0
"COG2966",710,455,565,433,358,815,622,643,555,477,397,492,526,471,669,474,582,432,466,663,546,434,512,472,530,431,384,464,402,517,447,394,477,318,417,513,482,677,316,298,472,636,446,590,547,344,546,583,586,393,674,477,425,402,449,449,380,190,530,482
"COG2967",0,1,0,6,3,3,1,6,2,20,0,8,2,1,0,4,2,0,12,0,6,0,2,0,4,5,7,0,2,11,3,0,5,93,0,6,0,0,0,0,2,1,1,0,5,10,0,2,2,1,1,2,8,0,3,0,0,11,1,0
"COG2968",23,27,36,14,19,41,45,44,54,64,39,94,18,29,34,40,39,26,38,65,53,14,27,68,31,37,31,29,20,37,33,23,37,204,50,25,44,19,94,33,33,26,34,26,30,67,49,18,23,24,26,59,40,17,47,63,27,26,32,44
"COG2969",7,4,2,5,9,12,7,35,5,47,10,11,7,9,2,13,2,0,16,7,9,11,8,2,18,19,10,0,7,8,0,5,6,136,1,4,0,5,1,13,6,12,2,5,10,5,2,5,5,2,4,6,13,1,5,4,1,12,2,0
"COG2971",14,8,26,6,11,2,1,1,35,21,31,39,3,21,5,33,34,31,13,68,5,23,41,22,12,26,4,5,28,80,32,14,16,21,40,33,22,10,22,11,16,11,48,26,19,68,43,18,36,12,17,13,24,4,12,24,17,88,27,44
"COG2972",4231,1963,3237,1595,2497,865,2252,1134,2324,1095,2304,2063,806,1642,2471,1287,4502,2391,2352,2072,942,2714,2637,2558,3537,2192,1272,2470,1808,3709,3858,2015,1513,3389,3894,2145,2276,1602,2946,2181,1135,2670,2526,3567,1667,2131,3278,1589,2028,2458,1473,1906,2919,3022,1450,1857,3547,2775,1715,3178
"COG2973",1,0,0,2,0,4,1,2,3,13,0,2,0,0,3,4,3,0,2,1,0,1,1,0,11,2,1,0,0,0,0,1,0,11,0,0,1,3,1,0,0,1,0,5,0,1,2,1,0,0,0,0,1,0,0,0,0,3,0,1
"COG2974",4,0,0,11,9,9,4,45,8,61,0,46,6,3,2,15,5,1,32,6,9,6,6,0,13,15,16,0,8,0,0,2,4,184,0,5,0,1,0,0,4,5,2,10,2,15,5,7,3,2,0,6,14,2,5,0,0,52,1,0
"COG2975",0,2,0,3,10,5,6,5,5,17,4,14,4,3,0,7,0,0,3,6,0,2,1,0,5,4,5,0,1,2,0,2,1,45,0,2,1,1,0,2,3,2,0,2,1,2,1,1,0,0,3,1,1,1,0,1,0,4,0,0
"COG2976",6,2,2,7,6,26,17,48,8,53,6,22,5,19,1,14,2,1,18,6,8,12,5,1,26,21,13,4,5,7,0,1,5,134,0,3,2,8,0,5,7,8,2,7,8,18,8,1,1,2,4,8,8,4,7,4,1,13,1,5
"COG2977",1,0,0,4,6,8,0,5,7,15,1,10,8,3,0,10,1,1,12,1,2,1,8,53,1,19,9,1,2,0,2,0,5,77,0,0,0,0,0,0,2,0,0,0,3,10,0,0,3,0,2,0,4,0,0,0,0,71,27,0
"COG2978",78,133,123,255,225,83,199,205,88,297,160,208,29,201,32,386,90,201,180,11,272,124,158,206,166,236,252,128,234,161,137,282,211,448,107,183,206,31,267,344,210,144,204,117,178,717,124,236,177,149,175,495,207,217,205,319,129,44,69,168
"COG2979",4,0,0,1,8,12,3,10,3,37,0,13,8,5,1,10,3,0,17,1,5,2,3,0,12,11,10,1,2,0,0,0,6,97,0,3,0,6,0,0,4,0,0,8,4,13,2,2,3,1,5,1,6,1,1,0,0,14,0,0
"COG2980",2,3,0,2,2,12,12,50,12,40,7,6,1,4,3,5,5,0,22,1,4,6,3,0,29,15,4,1,5,1,0,0,6,57,1,1,3,3,0,1,1,4,2,7,10,3,2,5,8,1,8,1,2,4,8,5,2,3,0,2
"COG2981",4,0,2,5,5,11,4,32,6,64,0,8,2,4,3,10,8,0,11,0,13,9,1,4,25,7,6,1,10,13,5,2,0,66,0,8,1,2,0,2,2,1,73,4,3,49,7,18,3,3,3,8,9,3,0,29,2,7,3,1
"COG2982",5,0,0,15,17,55,8,59,57,179,1,66,26,16,0,58,8,4,101,4,26,6,9,0,6,41,56,0,15,45,22,0,16,616,1,22,0,2,0,1,22,11,2,2,19,59,6,7,16,5,9,19,37,4,8,1,0,76,1,1
"COG2983",1,0,0,0,5,6,3,4,3,25,0,13,6,5,3,11,4,0,28,0,5,1,1,0,3,10,16,1,4,12,8,1,5,100,0,5,0,3,0,0,5,1,0,5,1,14,0,3,2,0,2,0,11,0,2,1,0,16,0,0
"COG2984",472,318,271,131,125,105,420,124,421,172,286,219,81,318,351,84,448,311,214,383,157,291,581,356,356,241,128,190,193,433,462,280,232,144,428,412,258,208,350,200,225,425,207,285,254,256,278,175,423,276,225,242,389,265,248,358,382,197,259,305
"COG2985",543,1573,1062,1870,1840,2648,1721,1782,1130,1332,1372,1182,1937,1911,1727,2019,641,1281,1407,973,2128,1315,942,1042,1229,1547,1977,1422,1785,998,997,1573,2105,391,768,1245,854,1896,317,949,1732,1540,1783,1208,2000,1373,1412,1658,1602,1288,1865,2166,1154,1369,1660,1582,856,195,1595,779
"COG2986",57,336,247,536,394,146,480,135,253,238,346,255,23,507,60,626,184,309,238,62,553,513,285,261,266,264,618,292,578,209,251,422,554,114,186,257,168,72,111,336,380,387,379,49,347,552,277,270,544,420,485,533,357,353,424,360,308,244,199,75
"COG2987",55,393,180,538,366,167,570,126,262,235,274,158,16,576,42,543,148,349,220,40,559,303,286,161,150,418,464,170,516,124,280,397,593,105,172,240,112,44,56,239,323,419,381,29,355,310,236,286,367,346,530,597,401,429,511,425,241,61,221,66
"COG2988",0,0,0,1,4,4,2,9,0,60,1,11,1,4,0,4,1,1,15,2,7,1,2,0,3,7,10,0,3,0,0,0,1,82,0,0,0,0,0,0,0,1,1,0,1,7,0,2,0,1,0,1,5,0,3,1,0,11,0,0
"COG2989",77,13,110,126,55,465,26,365,99,122,11,136,482,54,473,58,12,22,35,165,32,44,20,97,44,49,74,169,27,228,19,30,41,121,10,93,156,448,1,20,135,11,51,281,243,159,35,206,49,61,47,16,6,39,37,51,15,15,170,59
"COG2990",4,2,17,17,16,26,31,32,9,131,1,128,13,11,6,48,23,4,40,71,25,8,19,20,38,31,31,11,13,14,3,5,12,179,6,13,36,8,144,3,20,3,12,13,11,96,14,23,9,8,8,19,28,6,12,29,14,44,9,2
"COG2991",2,0,0,0,1,2,2,1,0,4,0,0,0,0,1,1,4,0,0,2,1,1,0,0,1,0,0,0,0,0,0,0,0,0,0,0,0,1,0,0,0,0,0,2,0,1,2,1,1,0,0,0,0,0,0,0,0,1,0,0
"COG2992",2,0,0,7,16,23,4,13,10,51,0,18,21,9,0,13,4,3,29,0,14,2,10,0,2,21,22,0,10,7,10,2,7,223,0,6,0,0,0,0,2,2,14,0,7,101,0,29,5,2,1,8,22,0,1,45,0,19,0,0
"COG2994",0,2,1,6,0,4,0,0,2,0,0,1,0,4,2,0,0,0,0,2,3,2,7,9,0,5,3,2,3,9,4,3,2,1,2,5,1,0,0,0,4,3,0,0,0,9,1,0,2,2,0,1,0,0,4,7,9,0,0,0
"COG2995",3,0,2,19,20,25,14,71,5,129,1,34,16,4,5,32,11,2,68,0,11,3,6,0,29,24,25,1,6,0,0,2,10,372,1,11,0,6,0,0,15,3,1,14,12,40,14,8,12,5,3,4,34,3,7,1,2,50,2,2
"COG2996",399,278,343,347,376,365,347,329,268,357,335,330,349,292,386,328,342,309,371,387,427,325,187,407,401,284,347,317,292,279,270,281,293,92,201,269,331,352,291,224,274,303,357,339,306,320,406,433,294,289,335,426,287,340,268,324,360,184,253,273
"COG2998",6,6,3,0,0,0,6,1,4,3,1,1,0,3,2,0,3,5,6,0,5,4,1,10,1,4,2,2,5,0,2,0,3,0,1,0,1,0,0,8,1,7,3,0,9,0,2,4,5,0,6,3,5,2,5,3,5,0,3,1
"COG2999",0,0,0,3,4,3,3,1,1,0,0,8,2,0,0,1,1,0,7,2,0,0,1,0,4,6,3,0,0,0,0,0,3,122,1,3,0,1,0,0,3,0,0,8,3,5,3,1,2,0,1,3,8,0,0,0,0,15,3,1
"COG3001",3,1,0,5,2,7,7,15,1,57,35,16,0,0,8,11,6,0,12,42,3,5,1,1,18,12,8,1,5,1,0,3,0,70,1,12,19,7,212,2,9,11,0,7,3,4,2,2,6,0,2,2,4,3,5,0,0,249,1,2
"COG3004",40,229,125,281,280,59,236,82,190,166,207,223,27,327,76,382,155,170,163,153,308,237,148,183,104,271,304,97,238,90,188,239,282,187,96,166,242,37,344,193,223,176,250,34,200,222,70,135,240,251,238,247,215,210,202,196,77,343,125,98
"COG3005",12,77,41,136,132,55,38,37,18,95,40,63,16,64,5,88,17,64,101,36,37,81,14,20,92,74,91,20,47,33,20,60,89,194,25,57,54,19,1,34,64,31,70,15,52,110,6,20,33,73,51,87,128,72,81,119,19,44,26,62
"COG3006",4,0,0,5,10,13,15,8,7,44,1,7,7,2,1,14,5,0,32,4,6,3,2,0,22,17,19,2,8,1,1,0,2,60,0,2,0,0,1,0,3,3,1,6,4,5,2,1,3,0,2,2,8,0,1,0,0,1,0,0
"COG3007",37,7,90,10,9,5,17,60,2,11,10,12,5,6,12,3,22,13,14,4,13,11,21,42,25,16,1,8,13,37,43,24,2,1,42,11,43,3,18,31,2,5,11,40,2,0,32,5,5,29,2,9,15,34,3,6,23,30,20,34
"COG3008",9,1,2,17,23,38,25,76,15,198,1,48,20,16,17,39,19,3,63,6,21,8,20,17,57,27,35,4,20,23,11,5,20,387,4,9,0,10,0,13,12,26,8,26,17,43,24,11,13,6,7,9,56,4,15,1,7,46,2,4
"COG3009",0,0,0,0,0,1,0,11,0,5,1,3,5,4,0,5,0,0,9,0,0,0,0,0,0,4,4,0,0,0,0,0,1,108,1,6,0,1,0,1,5,1,2,0,3,15,0,4,4,0,0,4,5,0,0,0,1,15,0,0
"COG3010",130,63,96,65,46,26,86,38,81,100,60,73,24,65,38,68,135,65,111,32,50,56,132,51,164,83,48,26,53,73,52,51,53,182,97,75,70,58,169,33,61,102,52,65,41,112,70,83,89,74,83,87,102,59,34,124,49,94,53,39
"COG3012",7,4,0,2,2,9,9,5,6,20,1,23,4,10,1,9,5,3,11,3,6,1,2,3,13,17,8,0,6,2,0,3,4,94,4,4,1,6,1,6,0,6,7,5,10,27,1,11,2,1,3,12,20,4,6,20,2,13,2,1
"COG3013",0,0,1,4,8,6,2,7,1,37,1,11,9,1,1,3,19,0,18,0,7,1,0,0,3,9,12,0,3,0,0,0,2,43,2,1,0,1,0,0,0,4,0,0,2,4,1,2,1,1,0,0,4,1,2,0,0,6,0,0
"COG3014",0,0,8,0,0,0,0,1,9,5,0,13,4,6,0,1,0,1,0,0,24,9,1,10,0,0,0,1,0,6,12,3,0,0,0,6,3,0,0,3,2,0,76,0,11,0,3,1,2,4,3,0,0,1,2,2,1,0,1,3
"COG3015",52,61,76,130,190,281,92,145,96,101,59,124,312,95,193,96,48,38,74,81,132,60,41,136,41,66,98,217,87,117,21,65,109,89,26,48,17,253,30,59,84,43,98,67,148,73,93,254,88,46,42,206,49,46,57,51,41,18,112,15
"COG3016",4,23,50,61,157,131,6,27,51,27,3,142,12,135,15,60,17,27,5,3,47,25,36,78,3,48,65,79,51,44,21,79,89,18,15,76,10,112,0,28,93,18,61,6,30,102,13,15,13,9,58,15,0,36,92,33,78,4,30,35
"COG3017",0,1,0,4,7,12,7,27,0,31,3,7,3,8,0,6,5,0,15,4,3,8,1,0,19,12,12,0,5,0,1,7,6,76,1,3,2,8,0,5,5,8,2,3,4,8,2,7,1,1,0,7,6,3,6,1,2,9,2,3
"COG3019",0,0,0,0,0,0,0,4,0,0,0,0,0,0,0,0,2,0,2,0,2,0,0,0,1,0,0,0,0,0,0,0,0,0,0,1,0,0,0,0,0,0,0,0,0,0,1,1,0,0,0,0,4,0,2,0,0,0,0,0
"COG3021",131,183,177,351,278,343,199,319,231,258,236,283,474,268,351,375,95,199,481,133,354,178,147,244,174,245,338,256,352,237,113,224,284,126,120,219,230,509,30,183,369,295,300,330,302,261,248,391,311,353,388,296,146,189,240,266,149,22,262,216
"COG3022",309,229,274,257,266,205,216,259,164,261,258,295,342,173,348,314,217,268,342,411,283,230,158,210,242,270,285,205,258,320,151,221,200,269,118,225,227,414,110,139,219,181,336,296,257,234,318,378,240,224,229,309,260,188,215,229,166,195,246,186
"COG3023",205,346,339,726,520,603,361,996,313,323,284,325,1005,520,473,572,133,344,265,475,535,455,331,265,193,329,688,335,672,358,88,221,192,45,88,195,92,160,21,124,223,92,186,138,213,326,56,181,186,280,222,215,140,189,184,164,113,37,313,72
"COG3024",0,1,1,0,5,4,7,17,3,23,2,3,1,2,1,1,2,0,2,2,1,5,1,1,8,5,0,0,0,4,4,0,0,0,0,1,0,2,0,1,1,3,1,2,2,0,0,2,0,0,0,0,0,0,0,1,1,0,0,1
"COG3025",4,17,58,52,8,47,24,15,18,60,4,38,7,24,22,18,18,4,46,5,44,22,61,71,9,58,44,25,39,64,11,27,24,189,26,18,16,7,3,4,44,5,35,18,8,85,21,12,34,14,22,31,13,17,33,37,57,20,21,20
"COG3026",8,0,2,3,6,13,7,10,2,45,0,20,11,6,3,14,6,0,27,4,6,1,5,0,17,14,13,3,4,0,0,2,3,181,0,0,0,9,0,0,7,2,3,6,3,18,8,7,8,2,1,1,8,2,10,0,0,13,2,0
"COG3027",3,12,13,8,3,16,12,11,24,13,11,31,2,6,8,5,5,11,24,1,14,14,17,20,13,22,12,5,17,15,13,18,9,102,16,17,3,4,0,11,13,3,8,11,13,32,7,2,11,3,7,6,13,16,18,8,11,15,5,15
"COG3028",2,1,0,2,12,15,10,61,6,47,5,7,4,9,3,6,4,2,22,9,8,13,7,6,26,17,11,9,8,14,1,2,10,72,1,1,3,9,0,6,11,15,2,10,7,9,5,6,2,3,13,11,3,4,11,7,4,14,4,4
"COG3029",2,0,0,3,3,12,7,34,2,28,0,12,4,3,1,8,2,0,12,3,3,0,0,0,11,7,13,1,0,0,0,0,1,104,0,2,0,4,0,0,3,1,0,5,1,8,1,1,3,1,1,2,4,1,3,2,0,15,0,0
"COG3030",0,0,0,4,3,6,2,21,2,10,0,6,2,1,0,9,2,0,13,1,1,0,3,0,1,6,5,0,3,1,0,0,1,100,0,3,0,0,0,0,1,0,0,0,1,6,1,0,1,0,1,0,9,2,2,0,0,12,0,0
"COG3031",0,1,0,1,0,2,3,1,0,16,0,1,3,3,0,8,1,1,8,1,2,2,0,0,1,2,0,0,4,0,0,0,8,147,0,3,1,1,0,0,5,0,0,0,2,6,0,3,4,3,2,2,14,0,1,0,2,7,0,0
"COG3033",22,153,87,131,31,43,78,60,134,69,103,200,28,174,19,119,53,157,67,8,197,97,85,91,76,134,156,37,138,87,122,209,134,328,100,157,116,7,36,138,155,125,272,19,118,178,46,102,91,127,190,176,120,135,166,147,98,51,140,46
"COG3034",3,8,0,1,10,3,16,25,22,38,2,16,5,6,2,12,1,3,14,1,14,9,12,7,8,9,9,1,13,0,0,1,10,115,1,3,2,2,23,6,2,8,53,1,7,25,3,5,7,2,10,38,27,2,7,1,1,9,22,1
"COG3036",1,0,0,1,2,8,3,4,0,23,0,11,1,1,0,2,1,0,6,1,5,0,4,0,7,4,1,1,2,1,0,0,1,36,0,2,0,1,0,0,0,0,0,4,1,4,6,1,1,0,0,0,2,1,1,0,0,7,1,2
"COG3037",41,27,104,16,48,85,55,31,17,243,67,104,28,34,23,50,50,33,79,26,57,14,46,28,51,71,29,6,39,17,19,16,14,154,61,63,93,7,549,10,25,21,89,42,22,113,26,29,15,35,14,41,57,7,88,61,15,100,35,67
"COG3038",1,0,0,4,8,8,2,4,7,11,2,40,4,7,0,21,4,2,58,2,10,1,1,0,3,17,18,0,6,0,1,2,6,276,0,4,0,1,0,0,5,2,0,0,8,40,0,3,3,2,1,4,15,3,0,2,0,28,1,1
"COG3039",75,115,67,901,539,34,415,386,170,23,193,3873,25,3320,27,1810,396,370,121,57,199,70,203,104,586,244,33,172,53,325,154,148,2099,503,402,160,547,234,33,2244,263,442,133,35,193,212,189,476,31,634,1213,95,397,401,2989,50,133,174,53,315
"COG3040",9,38,27,214,167,45,52,44,19,162,43,57,20,79,5,122,17,26,156,46,59,66,31,31,20,87,132,33,82,36,39,108,70,129,47,88,76,6,0,38,114,18,133,3,51,151,10,38,37,89,43,40,107,54,82,56,14,36,32,50
"COG3041",57,84,93,37,922,202,58,115,142,21,93,117,103,32,237,54,116,48,82,50,41,40,36,192,59,64,33,302,38,139,155,83,69,94,97,105,55,284,94,67,94,37,53,237,73,23,110,234,73,308,26,87,46,43,83,66,70,19,113,88
"COG3042",0,0,0,2,2,3,1,4,0,24,1,9,3,3,0,9,0,0,10,0,7,0,1,0,0,3,10,0,3,0,0,0,1,93,0,4,0,0,0,0,2,2,1,0,1,9,0,0,3,0,0,1,4,0,2,2,0,9,0,0
"COG3043",2,1,0,4,4,5,9,6,2,3,0,12,2,6,4,4,3,0,11,1,5,12,3,0,19,7,6,1,2,8,0,0,8,74,1,1,0,4,0,0,7,3,2,7,5,7,5,0,1,0,2,2,9,1,5,6,1,9,0,1
"COG3044",347,49,45,65,53,26,124,37,39,39,68,54,19,43,69,71,219,115,95,123,37,54,96,74,114,133,42,31,79,43,64,49,31,153,71,107,60,38,154,77,24,107,67,125,50,75,142,87,96,86,43,85,83,71,79,105,88,131,27,92
"COG3045",2,1,2,6,10,10,4,5,2,10,1,10,9,2,3,10,2,3,24,1,4,10,5,6,19,13,13,3,8,7,0,1,5,115,1,1,2,4,0,10,10,5,1,4,2,19,2,4,1,0,9,2,11,0,2,2,3,23,0,1
"COG3047",0,0,1,2,1,3,0,7,0,27,0,10,6,1,0,6,0,1,6,2,2,0,1,0,1,2,10,0,2,0,0,0,0,16,0,0,0,0,0,0,0,0,0,0,0,5,0,2,0,0,1,1,1,0,1,0,0,6,0,0
"COG3048",21,14,18,8,32,15,12,31,46,111,13,123,7,10,12,35,16,38,34,60,22,7,7,7,14,47,37,34,12,20,17,26,25,308,10,20,31,7,0,9,31,37,29,17,46,103,14,7,10,9,12,19,30,12,19,39,14,24,11,28
"COG3049",341,476,397,536,617,103,397,198,365,397,445,349,56,428,183,548,462,501,484,448,556,531,300,427,461,501,575,289,418,406,441,587,495,129,457,435,455,84,343,709,467,406,518,212,377,564,387,314,532,372,398,455,499,534,486,487,452,408,292,495
"COG3050",0,0,0,0,3,3,2,7,2,22,0,8,0,0,0,7,3,0,9,2,5,3,1,0,13,6,2,0,6,0,1,0,1,41,0,1,0,1,0,0,3,1,0,4,5,7,3,3,1,0,0,0,3,0,2,0,0,4,2,0
"COG3051",52,80,76,55,29,230,192,41,92,120,25,106,11,113,37,83,124,52,52,70,65,23,94,34,111,83,35,105,61,66,39,42,67,284,40,69,54,51,156,25,63,68,32,35,80,205,174,41,91,126,48,143,99,25,74,163,88,92,20,36
"COG3052",9,13,18,14,12,67,31,13,27,30,5,29,4,23,9,17,23,23,10,12,3,5,23,11,31,25,14,18,19,30,14,11,20,76,9,17,14,29,47,6,21,14,8,11,20,64,87,10,17,19,6,45,26,5,17,21,27,26,3,9
"COG3053",114,28,82,8,25,211,98,21,92,86,32,47,18,52,41,42,54,31,41,133,28,12,32,19,106,44,24,76,50,35,15,8,4,86,7,15,45,44,30,11,12,15,10,5,18,33,87,13,8,17,9,11,19,6,6,17,17,34,7,5
"COG3054",1,0,0,3,8,10,3,11,1,34,1,14,10,2,1,18,2,0,21,3,3,2,3,0,14,15,6,0,2,0,0,0,8,167,0,3,0,4,0,0,5,4,0,10,4,20,3,3,3,2,1,1,9,0,8,0,1,26,2,0
"COG3055",56,341,129,229,178,210,166,301,75,218,51,178,16,125,14,278,172,151,201,28,180,166,83,116,110,203,210,134,242,47,23,22,120,118,19,38,15,43,16,83,65,41,49,71,97,98,75,78,77,57,72,73,112,55,114,64,42,22,140,41
"COG3056",0,1,2,4,4,11,8,12,5,44,0,10,6,5,0,12,8,0,24,2,7,1,4,0,26,8,14,2,4,0,0,0,2,130,0,3,1,3,1,0,2,2,1,6,4,18,3,5,8,0,3,4,10,0,3,0,0,17,1,1
"COG3057",0,0,0,2,1,3,7,7,2,49,0,5,5,1,0,4,4,1,9,1,4,4,1,0,16,5,6,1,2,0,0,0,0,35,0,2,0,4,0,0,1,1,0,7,1,1,0,2,2,3,1,1,1,0,4,0,0,8,0,0
"COG3058",3,2,1,3,19,24,14,29,8,59,2,24,6,15,5,17,4,1,29,11,15,11,11,11,19,19,20,2,7,10,3,2,10,191,2,8,2,7,6,11,9,21,0,4,11,22,9,12,9,3,12,10,26,7,12,9,7,23,5,0
"COG3059",10,106,52,172,180,15,174,55,45,68,131,88,15,140,14,190,54,115,51,20,136,111,77,79,101,148,194,57,166,31,40,157,180,158,32,107,9,14,31,97,94,109,123,4,128,161,36,82,113,125,197,220,120,156,131,113,48,46,58,19
"COG3060",0,0,0,0,3,4,5,4,3,27,1,8,4,2,1,4,4,0,16,1,4,0,1,0,7,7,11,1,2,1,0,0,2,106,0,1,0,2,0,0,1,1,0,4,3,12,4,3,3,1,3,3,3,0,3,0,1,9,1,0
"COG3061",3,0,0,1,2,7,7,6,0,46,0,3,0,2,2,2,6,1,12,3,7,0,0,0,21,2,5,1,3,0,0,1,1,47,0,2,0,8,0,0,0,2,1,8,2,2,1,1,2,0,0,0,2,0,1,0,1,3,1,0
"COG3062",1,0,0,1,2,3,4,2,0,0,0,8,1,0,1,7,2,1,5,1,1,1,2,0,5,3,3,0,1,0,0,0,1,55,0,1,0,0,0,0,4,0,0,3,3,6,1,0,1,0,0,1,0,0,1,0,0,7,0,1
"COG3063",0,0,0,0,0,0,1,0,0,0,0,0,0,0,3,0,1,1,0,0,0,0,0,0,10,0,0,0,1,0,0,0,0,0,0,0,0,2,0,0,0,0,0,5,0,0,4,0,1,0,0,0,0,0,0,0,0,0,0,1
"COG3064",2,0,0,1,1,9,15,44,1,69,0,38,1,2,4,12,5,2,21,3,7,3,3,0,17,9,4,0,8,4,0,0,2,91,1,6,0,4,0,0,3,2,0,5,5,3,3,4,10,2,3,1,7,2,1,0,0,10,1,0
"COG3065",3,0,0,3,8,9,5,7,2,26,0,10,11,2,2,4,2,1,22,0,3,0,2,0,11,12,14,1,4,0,0,0,2,124,0,6,0,2,0,1,3,0,1,7,6,17,6,1,2,1,0,2,6,0,2,0,0,23,0,0
"COG3066",2,0,0,2,1,5,5,42,4,65,0,10,2,2,7,13,5,0,18,0,3,4,2,0,11,11,4,0,2,0,67,0,1,104,0,2,0,3,1,2,3,0,3,8,4,9,10,4,5,0,1,0,6,0,7,1,0,10,4,1
"COG3067",5,0,1,3,7,6,12,78,5,59,0,18,7,5,8,16,7,1,41,2,10,3,3,0,37,17,12,1,2,2,2,0,6,185,0,0,0,11,0,0,7,2,7,20,13,14,1,5,11,1,3,1,11,0,8,0,0,16,2,0
"COG3068",0,0,1,0,5,3,1,13,1,24,0,4,2,0,0,8,1,0,5,2,1,1,3,0,7,4,5,0,4,0,0,2,4,146,0,0,0,3,0,0,2,1,2,4,4,19,1,3,3,1,2,1,14,0,9,0,1,17,3,1
"COG3069",120,73,105,162,82,189,127,123,140,197,130,136,46,160,96,104,101,24,70,157,82,226,143,128,150,176,161,293,117,118,71,78,180,708,14,49,67,98,27,151,129,206,70,77,143,300,46,70,63,33,57,139,36,62,71,144,163,89,53,89
"COG3070",90,45,63,10,40,20,39,14,41,51,47,41,10,29,18,28,95,28,80,27,20,29,50,32,81,30,22,41,37,57,83,43,25,210,47,50,30,33,57,54,29,35,31,37,18,43,89,21,33,63,32,20,53,27,34,18,54,48,31,50
"COG3071",3,0,0,9,8,20,9,10,6,73,1,17,6,7,2,13,13,1,32,4,6,5,5,0,29,13,26,0,5,1,2,3,3,140,2,4,0,6,0,0,4,1,1,19,14,18,4,2,9,1,4,5,17,1,16,1,0,18,4,1
"COG3072",5,0,0,8,13,29,31,111,6,191,0,35,21,13,3,13,13,4,59,5,23,12,11,1,62,31,28,5,12,1,1,2,10,393,1,15,0,11,0,0,9,8,2,23,13,31,11,10,16,3,3,7,23,3,10,2,2,24,0,4
"COG3073",4,0,1,5,8,5,3,8,1,38,0,17,5,6,0,19,7,1,17,3,2,1,3,0,10,13,12,1,5,0,0,2,3,100,0,4,0,2,0,1,4,1,0,3,5,12,1,1,3,0,3,4,4,2,2,0,0,20,2,2
"COG3074",1,0,0,1,4,1,0,3,3,23,0,11,5,2,0,4,3,1,11,0,6,0,0,0,5,3,6,1,1,0,0,0,1,68,0,1,0,1,0,0,1,1,0,0,1,8,2,1,7,1,0,1,9,0,3,0,0,12,1,0
"COG3075",4,33,13,71,5,11,131,30,12,68,108,51,9,37,6,128,29,99,19,5,170,16,75,9,68,130,121,26,101,23,37,78,100,114,30,52,36,20,1,31,106,210,119,19,43,13,49,72,60,21,188,195,14,98,82,69,5,16,23,15
"COG3076",4,0,0,4,2,7,9,4,0,33,0,14,2,4,0,9,3,1,16,1,7,0,3,0,17,8,15,4,4,0,0,0,3,114,0,4,0,4,0,0,0,2,0,6,3,16,2,4,2,0,0,4,13,2,1,1,0,12,2,1
"COG3077",133,118,158,31,39,13,107,56,132,77,89,131,67,64,70,35,224,133,106,32,65,97,144,280,108,86,51,81,54,234,241,93,80,134,197,105,104,72,186,111,58,93,37,120,55,30,178,44,104,127,93,118,120,85,108,68,164,75,80,92
"COG3078",1,0,0,1,4,3,7,1,1,0,1,7,1,2,2,3,5,0,14,0,4,0,0,0,12,6,7,1,2,0,0,0,1,69,0,2,0,4,0,0,1,0,0,1,3,10,1,1,4,0,1,0,2,0,0,0,0,11,2,1
"COG3079",3,0,1,5,5,13,8,15,4,43,0,21,6,1,5,12,6,3,18,2,10,0,1,1,8,10,14,0,1,2,0,0,1,69,0,2,0,1,0,0,2,0,0,1,2,4,1,0,2,0,0,2,3,0,2,1,0,6,0,0
"COG3080",0,0,0,5,6,6,3,23,1,29,0,11,2,1,0,6,2,1,8,0,5,2,2,0,8,3,8,0,2,0,0,1,1,84,0,2,0,4,0,0,3,3,0,3,1,8,2,0,1,0,0,2,3,0,1,1,0,11,0,1
"COG3081",2,0,0,7,5,13,13,11,3,73,17,19,7,3,2,25,6,3,25,2,5,4,2,2,13,11,13,0,2,1,0,3,7,132,0,5,0,5,0,0,4,3,1,7,3,14,2,1,6,1,2,1,8,0,1,2,0,19,1,1
"COG3082",0,0,0,4,0,5,2,6,0,24,0,3,0,1,0,4,2,0,13,0,5,0,0,0,7,4,3,0,1,0,0,0,3,51,0,0,0,0,0,0,0,0,0,1,4,5,0,2,2,2,1,1,5,0,5,0,0,4,1,1
"COG3083",9,74,38,29,24,662,41,67,30,109,64,35,17,62,34,65,35,64,50,17,75,48,43,33,73,65,67,247,70,71,13,40,126,236,20,21,4,11,0,65,25,35,128,47,45,23,26,17,43,14,58,48,57,64,82,70,50,44,42,14
"COG3084",3,0,0,4,5,8,3,4,1,32,0,13,10,3,2,14,4,0,28,0,6,0,4,0,5,11,15,0,5,0,0,1,4,147,0,3,0,5,0,0,1,2,0,4,5,8,2,2,1,0,1,1,6,0,4,0,1,15,1,0
"COG3085",1,0,1,4,4,6,6,20,3,29,0,13,16,2,3,5,3,0,21,2,5,1,2,0,21,10,13,0,4,0,0,1,2,115,0,2,0,3,0,0,3,0,3,7,8,20,7,0,1,1,0,5,16,1,6,1,1,6,0,0
"COG3086",2,0,0,3,6,10,3,4,1,45,1,8,4,3,0,12,3,0,7,1,1,0,3,1,11,5,16,1,9,0,0,0,1,98,0,1,0,1,0,0,2,0,5,5,0,39,5,9,2,1,0,3,9,1,0,29,0,10,2,1
"COG3087",2,1,2,7,9,25,7,24,12,40,6,24,2,13,1,20,6,1,27,4,12,13,6,0,14,22,18,2,10,0,0,3,6,210,0,3,4,8,1,1,7,6,0,6,12,10,2,5,3,1,4,9,9,4,2,6,0,28,1,3
"COG3088",7,4,3,9,13,19,21,17,13,28,5,25,5,13,4,26,10,1,47,10,12,13,14,6,30,24,15,7,5,10,1,2,17,255,1,7,3,7,1,4,10,16,2,10,13,23,8,5,2,1,11,4,18,4,4,6,2,30,3,4
"COG3089",1,0,0,3,4,8,4,3,1,19,0,8,2,0,0,2,0,0,11,0,4,2,5,0,8,4,6,0,2,1,0,0,1,53,0,1,0,1,1,0,0,0,0,0,4,2,0,1,2,3,1,0,3,0,2,0,0,8,0,1
"COG3090",138,54,93,36,126,25,162,46,70,58,56,72,38,56,52,105,90,92,79,74,53,49,176,73,125,74,32,93,74,71,184,136,312,924,148,209,194,145,194,134,86,221,151,140,137,700,112,204,107,217,189,344,294,84,180,298,196,89,109,165
"COG3091",6,0,2,3,1,5,4,12,2,38,0,10,3,1,1,10,6,0,17,34,10,2,1,0,13,6,5,0,4,0,0,0,2,84,0,0,0,3,11,0,1,1,11,9,4,9,3,3,3,0,2,0,6,1,2,1,0,33,0,1
"COG3092",4,0,0,3,4,6,5,28,0,36,1,8,4,1,1,11,2,0,19,1,4,0,3,0,12,10,13,1,4,1,0,0,2,116,1,0,0,2,1,0,1,1,1,7,2,11,2,2,3,4,0,1,8,1,1,0,0,9,0,2
"COG3093",86,20,194,190,38,199,22,298,36,15,25,62,103,95,18,148,72,30,197,10,25,204,42,79,121,61,137,208,141,95,53,51,34,141,36,51,37,127,49,60,69,62,49,121,89,15,187,58,67,68,214,291,139,22,52,9,40,91,13,52
"COG3094",0,0,0,1,3,9,0,1,1,27,0,6,6,2,0,8,2,0,15,2,7,0,3,0,9,6,4,2,3,0,0,0,4,95,0,3,0,2,1,0,3,0,0,1,3,10,3,4,3,1,1,1,3,0,2,0,0,16,1,0
"COG3095",2,0,2,4,7,14,3,10,1,44,0,11,7,3,1,9,5,0,14,6,8,1,0,0,10,6,14,0,2,0,0,0,3,42,0,2,0,0,0,0,2,1,1,2,3,7,3,0,0,0,1,2,4,0,0,0,0,4,1,0
"COG3096",3,0,0,13,23,25,22,36,13,195,0,45,12,18,5,36,27,2,61,7,16,9,9,0,75,33,19,5,18,0,2,3,24,466,0,7,0,13,1,0,15,4,5,34,17,28,15,5,13,3,11,13,26,3,8,2,3,45,2,1
"COG3097",1,0,0,4,4,6,0,3,1,34,0,8,6,3,0,8,2,0,14,2,3,1,2,0,8,10,5,0,0,0,0,0,0,74,2,1,0,2,0,0,0,1,2,5,7,8,3,3,2,1,1,2,9,1,0,0,1,15,0,0
"COG3098",2,0,0,1,6,7,4,25,1,9,1,5,1,1,0,4,3,0,10,3,3,0,1,0,8,11,6,0,2,0,0,0,3,86,0,1,0,0,1,0,1,0,0,0,3,7,2,6,2,3,0,1,3,0,1,1,0,8,0,0
"COG3099",2,0,0,1,1,4,2,6,1,22,0,6,5,4,0,5,2,0,8,0,3,2,3,0,16,8,4,0,6,0,0,0,4,66,0,2,0,1,0,0,0,1,0,3,4,14,0,0,3,1,1,0,2,0,1,0,1,8,0,1
"COG3100",0,0,0,2,3,2,4,18,3,30,1,9,2,1,0,12,4,1,17,0,3,1,0,0,6,4,8,0,0,0,0,0,4,82,0,1,0,3,0,0,0,0,1,3,3,7,1,1,3,1,0,2,6,1,0,0,0,11,1,1
"COG3101",1,0,0,3,3,4,6,6,2,42,0,4,4,2,1,3,5,0,12,0,7,0,4,0,11,8,4,0,0,0,0,0,4,88,0,2,0,3,0,0,1,2,1,4,3,9,1,0,3,0,2,0,7,1,2,0,0,11,1,0
"COG3102",1,0,0,1,3,0,3,5,2,24,0,7,2,4,3,9,5,0,12,3,4,2,1,0,15,6,3,2,2,0,0,0,1,85,0,3,0,2,0,0,4,0,1,7,3,12,4,0,5,0,1,1,7,1,0,1,0,11,0,1
"COG3103",128,113,130,49,78,47,101,77,108,102,97,113,43,36,93,51,391,97,95,33,82,84,124,154,230,116,58,87,169,291,283,69,60,317,352,122,98,56,248,195,48,241,43,141,110,99,164,85,101,80,59,182,171,185,125,81,233,59,95,182
"COG3104",136,588,353,547,428,734,384,543,278,777,825,519,533,489,358,639,143,557,664,474,721,277,284,320,381,418,655,407,509,357,359,614,620,919,282,446,521,421,62,339,662,435,774,235,457,571,576,479,344,375,640,520,557,464,564,538,235,261,475,352
"COG3105",1,0,0,8,4,7,7,9,2,40,0,14,9,4,0,13,3,0,25,1,4,2,10,0,14,10,17,0,4,0,0,2,3,159,0,6,0,4,0,0,1,1,0,2,7,18,3,2,1,1,3,2,12,2,2,0,1,15,0,1
"COG3106",5,0,0,2,10,8,12,9,1,64,0,6,1,6,3,8,7,1,31,0,7,2,1,0,17,13,19,2,8,0,0,0,4,192,0,3,0,7,0,1,6,1,3,10,4,13,3,3,3,2,2,1,8,3,4,0,0,18,2,0
"COG3107",7,0,1,8,9,22,25,105,6,85,1,32,4,6,5,23,15,1,38,5,15,7,2,0,27,45,19,1,12,0,1,1,10,253,0,3,0,8,2,0,3,3,1,6,11,17,16,4,5,2,4,2,14,6,4,0,1,21,6,1
"COG3108",1,0,0,2,5,4,7,7,2,36,0,9,6,3,1,7,3,0,24,2,5,1,3,0,20,10,4,1,2,0,0,0,2,88,1,5,0,4,1,0,2,0,1,2,5,10,2,2,5,1,1,0,8,1,4,0,0,8,0,0
"COG3109",1,0,0,5,5,8,5,37,1,47,1,11,4,5,4,6,2,1,10,5,5,3,2,0,14,5,13,0,7,0,1,0,5,102,0,1,0,2,0,0,5,2,1,6,6,10,2,0,2,0,1,2,7,2,1,0,0,19,0,0
"COG3110",0,0,0,1,2,2,2,0,1,0,0,5,0,0,0,3,1,0,8,1,1,0,1,0,4,2,2,0,1,0,0,1,1,102,0,5,0,4,0,0,3,1,0,4,3,7,1,0,3,1,0,5,4,0,0,0,0,29,2,0
"COG3111",10,5,20,3,13,15,15,17,16,51,1,24,4,5,8,12,5,2,43,0,11,16,9,17,31,12,27,5,11,18,4,1,6,169,4,3,6,5,0,4,9,7,4,11,15,17,8,4,4,1,7,3,17,3,10,10,0,19,10,11
"COG3112",2,0,0,5,2,3,1,7,0,18,0,9,3,5,3,5,1,2,18,1,2,0,1,0,8,4,7,1,2,0,0,0,2,81,1,3,0,1,0,0,0,2,0,1,3,9,5,3,3,0,1,1,9,0,2,0,0,3,1,1
"COG3113",1,0,0,1,6,4,1,2,1,6,0,1,4,0,0,2,0,0,10,0,0,0,0,0,4,3,4,0,2,0,0,0,1,84,0,1,1,4,0,0,5,2,1,6,4,12,1,4,1,1,0,1,5,2,1,0,0,12,2,0
"COG3114",1,0,0,1,0,1,2,3,0,12,0,4,0,0,2,0,1,0,3,2,2,1,0,0,6,2,3,1,1,0,0,0,0,2,0,0,0,1,0,0,0,0,0,1,0,0,0,0,0,0,1,0,1,0,0,0,0,0,0,0
"COG3115",4,0,0,2,1,5,9,38,0,34,0,5,4,1,3,5,8,1,6,1,6,0,1,0,26,1,5,1,6,0,1,0,0,48,0,0,0,5,0,0,1,1,0,5,0,5,1,2,3,1,1,0,3,0,1,0,1,9,1,1
"COG3116",0,0,0,5,6,6,5,10,3,28,0,15,6,2,0,15,2,0,19,1,4,0,1,0,12,10,8,1,2,0,0,0,4,102,0,1,0,0,0,0,0,0,0,3,2,12,2,1,1,0,0,1,5,1,7,0,0,15,2,1
"COG3117",9,7,6,8,14,13,13,45,16,57,7,14,8,13,0,16,7,1,29,10,6,10,5,1,30,18,11,1,6,4,0,3,9,166,1,8,4,3,1,5,10,10,3,9,16,16,5,5,3,0,4,4,6,2,11,6,1,27,5,3
"COG3118",2,0,0,2,9,13,3,36,1,48,30,15,0,1,6,9,4,0,4,9,4,0,3,0,17,11,2,0,3,0,0,0,1,45,2,13,19,3,141,0,19,2,1,9,2,6,7,1,5,1,1,1,5,1,2,0,0,155,0,1
"COG3119",716,3843,2113,5565,6141,1131,3742,2307,1862,3314,4134,2397,1584,4433,1040,5634,1510,3188,5445,1014,5318,4870,2179,2020,3048,4025,6483,2398,4389,2174,2125,5547,5422,1212,1849,3890,1842,701,850,2310,3589,3202,4864,2661,3263,7997,1644,3613,5423,6018,4267,4124,4074,3535,3682,3635,2561,576,3290,1745
"COG3120",3,0,0,4,6,5,5,11,1,37,1,19,4,0,0,11,4,1,16,5,4,3,2,0,11,8,13,1,5,0,0,0,4,112,2,5,0,3,0,0,1,0,2,6,7,16,4,3,2,2,1,1,3,1,2,0,0,18,1,0
"COG3121",5,0,2,31,88,81,19,88,14,457,4,219,85,36,4,72,18,10,185,10,53,14,30,0,21,92,146,2,30,2,0,11,36,1267,2,41,0,11,1,4,29,12,5,0,49,148,8,32,33,10,10,22,88,10,13,6,2,149,10,5
"COG3122",1,0,0,1,6,6,3,4,4,44,0,12,4,3,1,12,3,1,17,0,3,2,1,0,3,7,12,0,4,0,0,1,2,125,0,3,0,0,0,0,2,1,0,0,3,5,2,2,1,1,0,3,8,0,3,0,0,13,1,0
"COG3123",0,0,0,1,2,7,1,5,0,27,1,7,2,4,1,13,0,0,10,0,2,1,1,0,2,5,8,0,1,2,0,1,4,62,0,1,1,0,0,0,5,0,2,1,0,10,2,0,3,0,2,2,1,0,1,1,0,16,1,0
"COG3124",0,66,10,11,4,8,4,9,15,46,33,12,9,19,2,19,7,45,16,2,29,9,13,5,7,27,18,4,33,4,7,39,37,74,7,7,3,0,0,36,17,16,49,4,24,9,10,4,20,7,32,30,30,28,56,48,53,12,27,3
"COG3125",1,0,0,2,8,4,2,9,1,32,0,3,4,3,1,4,0,1,11,2,10,1,0,0,1,5,3,0,3,0,0,0,1,36,0,0,0,0,0,0,1,0,0,0,1,5,1,0,0,0,0,0,3,0,5,1,0,1,0,0
"COG3126",0,0,0,2,0,3,1,5,0,50,0,4,1,1,0,1,1,0,13,2,4,0,2,0,2,5,6,0,1,0,0,0,1,63,1,0,0,1,0,1,0,1,0,0,0,8,0,2,2,0,0,0,4,1,2,0,0,7,0,0
"COG3127",0,0,0,1,3,10,4,8,1,45,1,12,2,3,0,6,2,2,16,0,5,0,6,0,2,11,8,0,3,0,1,0,2,264,0,8,0,0,0,0,1,3,1,0,11,16,1,2,6,3,1,6,15,3,2,1,0,17,1,1
"COG3128",1,0,0,3,8,12,2,5,4,28,0,11,9,5,1,9,1,2,16,1,2,3,2,0,2,13,12,0,1,0,0,0,2,36,0,0,0,0,0,0,1,0,0,0,0,6,0,1,1,0,0,1,2,0,0,0,0,2,0,0
"COG3129",0,10,19,112,109,9,8,17,5,41,13,43,6,32,3,73,2,7,54,2,17,27,23,6,6,48,81,20,39,17,2,59,14,99,6,71,1,3,0,12,39,6,25,1,29,133,2,8,30,44,41,29,109,17,15,16,9,17,3,6
"COG3130",1,0,0,0,2,1,0,1,1,0,0,4,4,0,0,4,0,0,4,0,0,0,0,0,1,0,3,0,0,0,0,0,3,37,0,1,0,1,0,0,0,1,0,0,0,2,0,1,0,0,0,1,1,1,0,0,0,2,0,0
"COG3131",0,0,0,16,16,39,4,31,17,160,0,54,19,12,1,35,9,2,51,2,16,3,8,1,5,38,40,0,8,10,9,0,15,418,0,12,0,1,0,0,6,6,2,0,19,40,5,5,10,1,3,7,24,2,5,2,0,55,0,1
"COG3132",1,0,1,2,9,7,2,7,2,29,0,14,3,6,0,3,1,0,21,1,4,1,3,0,2,7,13,0,5,0,0,0,1,106,0,1,1,0,0,1,0,1,0,0,4,8,0,2,4,1,0,2,5,0,2,0,0,16,1,1
"COG3133",0,5,0,5,3,3,3,6,7,24,0,10,1,2,3,6,0,0,8,0,5,1,0,0,10,4,3,0,0,1,2,0,1,67,0,3,1,1,1,0,6,0,0,4,2,6,2,1,2,1,2,2,4,0,0,0,0,9,20,0
"COG3134",1,0,0,4,5,1,0,6,1,37,0,12,6,3,0,8,2,2,16,1,5,3,3,0,0,9,9,0,1,0,0,0,4,108,0,4,0,0,0,0,3,0,0,0,6,11,1,1,5,0,0,0,5,1,2,0,0,9,3,0
"COG3135",0,0,0,2,4,4,0,4,0,37,0,5,0,0,0,1,1,0,4,1,5,0,1,0,0,1,0,0,0,0,0,0,2,21,0,0,0,0,0,1,0,0,0,0,3,1,2,0,0,0,0,0,0,1,1,0,1,1,0,0
"COG3136",0,0,0,0,1,3,0,1,1,18,1,8,1,1,0,6,0,0,12,1,1,0,1,0,1,5,2,0,0,0,0,0,3,51,0,2,0,0,0,0,0,0,0,0,1,11,0,2,0,0,1,3,2,0,1,0,0,8,0,0
"COG3137",0,0,0,2,1,1,0,2,0,18,0,4,2,0,0,4,0,0,4,0,2,0,0,0,0,3,1,0,0,0,0,0,2,64,0,2,0,0,0,0,1,2,0,0,0,10,0,1,2,0,0,0,1,1,1,0,0,13,0,0
"COG3138",2,0,0,7,6,16,1,16,3,58,0,11,5,1,0,14,2,0,16,2,3,5,0,0,3,4,7,0,2,0,0,0,5,124,0,1,0,1,0,1,2,1,0,0,3,15,3,3,4,0,1,1,7,0,3,0,0,13,2,0
"COG3139",0,0,0,3,1,7,1,3,4,15,0,9,5,1,1,5,1,0,21,0,2,0,2,0,1,6,7,0,1,0,0,0,4,52,0,0,0,0,0,0,0,2,0,0,1,6,0,0,1,1,3,0,3,2,0,1,0,6,0,0
"COG3140",2,0,0,1,3,1,1,3,1,9,0,3,1,0,0,3,3,0,5,0,0,0,1,0,1,2,6,0,2,0,0,0,0,28,0,0,0,2,0,0,1,2,0,4,2,6,2,1,3,0,1,0,2,0,0,0,0,3,0,0
"COG3141",0,0,0,5,4,4,0,3,2,12,0,6,4,3,1,8,1,1,13,0,0,0,3,0,3,2,5,0,3,0,0,0,1,49,0,0,0,0,0,0,0,0,0,0,0,9,0,0,3,1,0,1,6,0,0,1,0,12,0,0
"COG3142",206,142,144,233,172,137,263,128,105,212,233,147,208,220,81,230,194,202,219,87,237,151,278,124,219,221,206,93,200,117,157,169,192,128,196,189,126,86,93,139,229,195,243,315,181,192,177,274,161,162,276,255,191,189,191,239,123,115,121,200
"COG3143",0,0,0,3,3,5,1,16,0,0,0,4,1,1,0,5,1,1,10,0,2,1,1,0,0,5,4,0,1,0,0,0,9,132,0,2,0,1,0,0,4,2,2,0,4,9,0,2,2,1,0,2,5,0,0,1,0,19,2,0
"COG3144",68,24,37,5,14,16,28,16,68,7,13,43,9,13,19,16,8,82,38,52,7,60,16,57,80,94,24,67,71,65,84,20,7,148,58,8,82,12,0,8,7,11,1,67,55,11,46,4,38,8,2,8,11,125,15,11,213,21,24,20
"COG3145",0,0,0,4,7,9,2,7,4,20,0,6,2,4,2,7,3,0,20,1,4,0,2,0,0,12,10,0,1,0,0,0,1,104,0,1,0,0,0,1,3,1,0,0,2,16,0,1,0,1,1,0,6,2,2,1,0,13,0,0
"COG3147",1,0,0,0,1,5,0,6,2,26,0,9,0,4,0,6,0,0,7,0,0,0,0,0,0,3,4,0,0,0,0,0,0,42,0,0,0,0,0,0,0,0,0,0,3,5,2,1,1,0,0,0,1,0,0,0,0,9,0,0
"COG3148",0,0,0,0,2,9,0,2,2,22,0,5,4,0,0,9,0,1,10,0,3,0,2,0,2,8,5,0,2,0,0,0,5,86,1,0,0,0,3,0,5,1,0,0,0,8,0,5,5,0,0,3,2,0,2,0,1,12,1,0
"COG3149",0,0,0,0,1,7,0,8,2,28,0,9,1,1,0,7,0,0,7,0,5,1,1,0,0,6,3,0,0,0,0,0,4,1,1,1,0,0,0,0,2,1,0,0,3,5,0,0,1,0,2,1,0,0,2,0,0,3,0,0
"COG3150",2,7,8,14,16,27,12,36,17,88,4,34,29,13,2,26,5,8,42,9,131,8,12,3,33,24,28,36,10,50,1,4,55,248,5,7,114,22,0,5,9,21,6,5,16,31,28,16,7,17,7,16,20,11,20,32,1,35,59,22
"COG3151",1,0,3,1,3,6,1,5,0,48,0,11,13,6,0,10,0,0,23,1,8,1,3,0,2,8,14,0,5,0,0,0,2,120,0,4,0,0,0,0,1,1,0,0,4,16,1,3,5,1,1,2,8,1,7,0,1,20,0,0
"COG3152",12,25,36,151,107,140,31,293,17,114,90,92,31,42,21,129,58,13,159,153,51,46,37,67,45,52,116,69,62,61,106,73,43,268,68,50,121,17,253,36,44,49,43,26,18,95,15,63,53,39,44,38,92,30,21,17,18,217,20,39
"COG3153",47,99,107,123,186,68,91,143,52,159,58,73,18,138,21,177,45,175,75,35,78,64,82,69,91,115,169,67,138,95,90,210,89,181,77,82,33,17,28,68,116,86,148,27,85,192,47,138,63,107,84,86,102,156,79,108,43,44,42,44
"COG3154",1,0,0,4,7,8,2,11,3,50,0,13,8,4,1,9,0,1,19,1,10,2,0,0,1,9,7,0,2,0,0,1,2,90,0,1,0,0,0,0,5,0,0,0,3,11,5,3,1,0,0,0,3,5,1,0,0,9,1,0
"COG3155",2,2,1,0,0,5,2,10,2,37,7,5,3,1,0,7,0,0,6,0,4,2,3,0,0,3,4,0,6,3,5,4,1,41,3,4,2,0,0,4,1,3,8,0,1,6,0,1,3,0,2,1,1,0,2,0,0,7,0,1
"COG3156",0,0,0,4,10,6,5,7,5,37,0,10,10,10,1,29,3,2,46,0,7,2,0,0,0,27,3,0,2,0,0,1,6,243,0,0,0,0,0,0,5,3,0,0,8,14,1,0,3,0,3,4,15,0,1,0,0,13,0,1
"COG3157",2,1,0,13,14,20,5,19,6,112,1,70,30,6,2,102,2,1,51,3,14,4,8,2,21,29,82,1,9,0,1,4,13,413,2,9,1,0,0,4,13,6,2,1,9,89,0,9,6,1,5,6,14,5,3,0,1,65,1,3
"COG3158",67,18,89,12,14,767,13,326,102,161,125,168,565,10,278,39,33,14,62,387,17,8,10,68,90,60,36,297,11,106,123,23,9,406,27,239,319,338,512,13,206,35,32,292,142,47,295,336,27,13,27,13,35,12,35,9,92,1558,170,124
"COG3159",0,0,0,5,4,12,10,7,1,16,2,5,1,4,2,9,4,0,7,0,5,0,5,4,5,7,3,0,3,7,0,0,7,79,1,1,0,1,0,6,2,10,0,7,1,8,6,1,0,0,1,5,8,1,0,0,1,10,1,0
"COG3160",1,0,0,1,3,3,0,13,0,17,0,2,1,0,0,7,0,1,7,1,1,1,0,0,1,5,2,0,1,0,1,1,3,131,1,3,0,0,0,1,4,0,1,0,5,13,0,2,3,1,1,2,12,0,5,0,2,12,0,0
"COG3161",1,0,0,2,6,8,3,8,3,23,1,11,5,5,0,7,2,0,18,1,5,1,1,0,3,11,12,0,2,0,0,1,1,149,3,2,0,1,0,1,1,1,0,0,7,12,0,1,3,2,1,3,6,0,5,2,0,11,1,0
"COG3162",0,0,1,2,4,7,0,9,1,27,0,9,7,4,1,11,0,0,18,1,5,2,3,0,2,9,8,0,3,0,0,1,2,72,0,4,0,1,0,0,5,0,0,0,4,14,0,1,3,2,0,0,6,0,2,0,0,9,1,0
"COG3164",20,17,10,41,60,70,61,63,51,251,23,67,27,52,1,67,18,3,95,36,32,49,39,14,67,108,41,11,17,22,0,14,37,573,3,22,10,16,0,30,35,69,8,6,46,52,14,12,14,3,28,33,34,15,24,31,6,70,8,11
"COG3165",0,0,0,4,5,17,2,11,1,47,0,13,5,1,1,21,0,2,24,1,6,1,4,0,3,6,10,1,4,0,1,2,7,172,2,5,0,1,0,1,3,3,0,0,7,19,1,1,3,0,2,3,10,2,0,2,0,21,1,1
"COG3166",0,2,4,6,6,16,2,1,3,0,0,12,2,4,2,10,0,0,6,2,8,4,8,17,0,9,15,8,7,8,2,10,8,92,0,3,0,0,0,1,17,1,2,2,4,25,4,0,8,3,9,7,5,2,7,7,1,3,0,3
"COG3169",18,95,79,95,156,141,102,64,80,97,143,109,33,123,45,159,44,107,94,44,204,70,71,85,66,116,168,120,128,75,83,121,132,1,51,110,91,96,20,120,102,114,134,10,127,121,139,99,126,85,156,196,100,105,137,103,87,8,105,77
"COG3171",3,0,2,3,6,6,4,9,4,22,0,11,5,2,1,6,4,0,23,1,0,3,1,3,13,12,8,1,3,0,0,0,4,93,0,5,0,6,1,0,3,0,1,2,8,12,5,1,1,2,4,3,18,2,5,0,2,12,1,0
"COG3172",7,0,42,5,25,4,9,10,5,91,5,16,8,7,6,40,13,2,18,0,9,3,2,10,13,14,11,1,0,0,0,5,5,156,5,3,3,3,1,1,11,4,32,26,5,42,3,7,8,2,1,6,15,2,3,2,0,79,2,11
"COG3173",3,9,20,27,2,7,2,38,6,1,12,11,1,1,6,4,13,2,1,0,0,3,12,5,18,9,1,1,31,20,11,14,6,295,18,30,2,1,4,16,16,2,24,15,4,26,20,1,1,15,1,8,2,0,9,10,5,32,3,6
"COG3174",10,196,91,338,267,15,196,67,48,111,217,88,10,271,21,310,62,206,127,7,288,194,134,62,91,156,394,97,356,70,85,324,303,1,45,187,17,14,19,139,198,290,146,19,145,260,69,138,182,205,346,311,214,238,274,163,108,9,114,28
"COG3176",275,490,419,536,703,1038,563,677,412,680,514,542,1165,473,837,678,221,439,576,346,729,430,314,453,399,542,682,605,480,447,424,468,651,6,260,386,399,1121,75,342,537,468,830,673,656,400,502,960,490,446,612,665,472,443,508,455,297,44,717,332
"COG3177",796,648,956,538,874,744,732,510,670,809,1072,1115,1759,1039,805,578,665,809,545,968,797,656,734,1207,999,669,649,1299,479,967,898,1036,1049,120,923,696,917,757,910,1698,551,537,943,1092,814,818,801,1835,927,645,784,1163,827,706,563,927,699,1369,711,909
"COG3178",111,246,170,380,249,666,234,441,161,286,286,187,697,308,385,379,112,248,214,202,311,233,180,178,226,281,346,414,339,183,177,266,370,1,157,177,227,457,46,188,304,308,280,315,338,279,237,488,304,198,379,376,124,255,301,294,200,31,301,176
"COG3179",0,0,20,3,2,122,2,40,12,0,0,103,41,3,0,1,0,0,0,0,22,0,4,109,1,0,0,0,5,0,6,5,0,8,0,0,0,0,0,0,0,1,13,20,1,0,1,0,1,9,131,0,1,1,6,0,0,2,51,1
"COG3180",0,10,27,30,1,21,6,10,4,45,3,26,11,19,6,22,4,16,17,2,19,14,36,31,1,25,24,21,17,20,10,19,13,85,12,7,8,1,0,1,28,6,10,6,6,86,11,8,14,11,11,39,14,13,25,26,12,11,9,4
"COG3181",95,75,90,52,63,53,170,82,120,66,53,56,23,153,49,117,70,81,101,123,80,129,200,130,75,110,41,97,88,110,121,89,125,223,77,177,93,81,33,88,70,113,69,61,147,157,39,51,44,115,130,130,141,81,195,100,105,10,50,78
"COG3182",46,160,74,247,129,36,191,63,81,278,198,62,121,170,12,238,80,133,279,51,265,121,91,55,186,200,246,57,227,67,100,116,178,0,78,96,175,6,32,81,204,188,235,148,147,142,70,153,236,133,224,187,148,111,221,157,46,29,78,140
"COG3183",42,5,11,8,23,5,2,2,31,44,4,9,4,55,0,12,11,1,5,1,85,1,5,107,30,20,18,9,6,29,46,10,4,515,36,0,4,12,0,4,57,1,26,17,116,3,58,1,3,2,37,29,5,25,5,20,4,26,4,13
"COG3185",0,0,0,0,1,4,0,5,0,63,0,0,0,0,0,0,0,0,0,0,1,0,0,0,0,0,0,0,0,0,0,0,0,0,0,0,0,0,0,0,0,0,0,0,0,0,2,1,1,0,0,0,0,0,0,0,1,1,0,0
"COG3187",28,164,68,181,227,92,163,72,71,254,201,110,25,162,12,190,67,132,192,25,243,140,75,85,156,138,215,99,140,59,180,143,192,82,85,102,122,44,33,83,127,138,128,3,127,208,121,153,162,141,164,221,69,138,109,156,69,19,83,151
"COG3188",16,2,11,82,192,233,51,211,62,1051,8,539,167,74,6,233,51,17,387,38,139,27,67,1,69,247,347,4,59,1,2,13,76,3205,6,104,0,17,1,4,80,31,9,0,106,337,17,73,66,20,30,67,204,20,25,10,6,392,26,2
"COG3189",9,62,39,91,162,11,71,40,89,55,64,115,6,99,22,104,40,39,64,80,133,72,31,91,27,50,82,47,77,40,50,96,76,57,49,87,37,14,45,89,50,57,73,5,60,94,18,36,83,81,73,73,78,57,81,65,48,59,61,12
"COG3190",0,0,0,1,2,5,1,1,2,0,0,1,0,3,0,7,2,0,5,0,0,0,2,0,2,1,3,0,2,0,0,0,3,40,1,0,0,0,0,0,0,0,0,0,1,5,0,0,0,0,0,2,4,2,0,0,0,9,0,0
"COG3191",182,31,63,21,39,16,82,55,89,60,54,73,8,89,99,36,150,79,45,166,40,72,174,56,53,110,16,77,52,56,95,45,30,51,83,66,130,37,160,79,45,100,45,93,81,89,60,43,33,38,58,82,79,64,68,77,96,119,45,90
"COG3192",20,13,8,31,18,29,27,16,17,76,16,29,8,18,69,10,42,22,28,27,18,29,34,21,30,24,24,8,28,22,6,11,17,159,30,19,17,10,28,20,21,27,20,20,30,60,5,11,23,30,14,68,63,12,35,38,7,25,5,15
"COG3193",98,7,9,17,32,33,22,24,11,76,11,22,11,11,22,31,43,17,36,39,12,22,30,12,9,25,12,23,20,14,6,11,11,99,22,26,10,12,19,17,2,24,24,23,14,71,9,40,12,8,15,24,24,10,20,64,9,62,4,9
"COG3194",0,0,0,0,3,2,0,1,0,0,0,4,0,2,0,3,0,0,6,0,1,0,3,0,0,5,5,0,2,0,0,1,4,57,0,1,0,0,0,1,2,0,0,0,0,5,3,1,0,0,0,0,2,2,0,0,0,4,0,0
"COG3195",0,0,0,0,0,1,0,1,0,28,0,0,0,0,0,0,0,0,0,0,2,0,0,0,0,0,0,0,0,0,0,1,0,0,0,0,0,0,0,0,0,0,1,0,0,0,0,0,0,0,0,0,0,0,1,0,0,0,0,0
"COG3196",9,18,24,17,19,4,50,4,59,31,13,32,7,64,7,4,43,26,39,26,20,48,96,17,19,21,7,3,12,25,13,11,22,158,35,30,33,7,0,16,7,38,10,34,42,14,4,23,25,51,9,19,20,14,19,23,16,2,13,50
"COG3199",0,3,14,0,18,0,1,0,0,1,1,1,0,2,0,8,2,5,0,0,0,1,2,3,0,2,0,0,0,1,3,2,15,46,3,1,2,0,0,0,0,0,4,1,1,16,1,2,3,0,8,8,5,2,2,3,2,0,0,3
"COG3201",71,199,209,165,205,216,165,237,166,139,196,179,155,208,268,254,77,168,90,227,220,111,98,681,112,211,204,136,170,182,147,144,250,169,79,203,103,293,63,120,159,120,258,322,216,212,193,125,156,122,170,219,78,154,187,191,148,214,234,91
"COG3203",57,39,53,36,139,169,150,354,125,424,81,170,45,82,36,134,46,7,173,109,70,169,83,89,286,156,125,37,69,135,0,55,153,842,5,32,37,62,1,117,160,172,12,48,131,151,36,16,30,6,111,111,46,36,55,105,29,122,19,43
"COG3204",3,0,0,3,4,2,1,1,1,0,0,15,4,0,0,8,1,0,16,1,1,2,1,0,2,8,18,0,3,1,0,0,2,74,1,1,0,0,0,1,2,1,1,0,5,8,0,1,0,0,1,2,8,1,0,0,0,12,2,0
"COG3206",236,547,336,425,300,996,405,304,245,464,284,383,764,426,452,632,181,271,290,495,679,367,188,304,267,408,413,495,580,297,330,329,748,665,102,263,259,482,151,301,653,625,422,436,673,165,598,797,438,448,512,652,236,348,395,588,256,68,299,150
"COG3208",17,8,0,3,4,22,1,7,2,49,23,21,4,6,61,25,3,4,4,4,3,1,13,5,1,6,10,21,6,13,4,3,5,23,5,4,4,0,0,0,6,2,3,6,5,14,0,1,2,1,2,3,1,0,3,4,2,7,1,2
"COG3209",659,1902,1387,903,973,2481,902,1338,590,1229,453,1029,4392,1987,4399,865,836,616,553,467,1320,486,395,362,1289,1249,1442,700,1821,1744,826,1028,901,2855,1535,925,280,2358,413,1417,1314,1562,570,1567,1237,727,528,250,788,1440,841,2061,1127,1123,1632,754,996,486,968,631
"COG3210",52,24,68,52,80,307,20,263,28,108,88,47,520,21,25,115,44,52,30,118,101,25,57,24,66,96,45,22,98,112,19,17,20,81,59,24,11,3,26,12,39,13,69,47,88,228,27,13,23,51,27,74,35,9,14,29,104,24,11,18
"COG3211",0,0,0,0,0,0,0,0,0,0,0,0,0,0,0,0,0,0,0,0,1,0,0,0,0,0,0,0,0,0,0,0,0,0,0,0,0,0,0,0,0,0,0,0,0,0,1,0,0,0,0,0,0,0,0,0,0,0,0,0
"COG3212",7,30,30,29,6,4,10,3,41,9,7,34,6,10,12,7,7,10,18,107,11,0,11,43,16,12,10,12,24,20,24,11,8,37,35,10,12,4,3,19,2,4,20,12,20,17,5,9,10,6,0,1,3,1,19,41,12,96,42,25
"COG3213",1,0,0,0,1,0,13,0,0,1,0,0,0,0,1,0,5,0,1,2,0,1,0,0,24,0,0,1,5,1,0,0,0,0,0,0,0,2,2,0,0,0,1,9,0,0,2,3,4,1,3,0,0,1,0,0,0,0,0,0
"COG3214",1,0,0,8,9,10,2,4,1,39,0,30,7,4,1,21,1,1,22,2,6,0,7,0,2,17,19,2,2,2,0,0,3,94,0,2,0,1,0,0,1,1,3,0,1,4,2,0,1,0,1,2,4,0,1,0,0,14,1,0
"COG3216",0,15,0,0,0,0,0,0,10,0,0,0,0,0,0,0,0,0,0,0,0,0,0,0,0,0,0,0,0,6,5,0,0,0,0,0,0,0,0,0,3,0,0,1,0,0,0,0,0,0,1,0,0,0,0,0,0,0,12,0
"COG3217",1,0,1,4,3,10,6,7,4,42,1,22,5,2,0,12,6,2,31,1,10,3,5,0,2,11,11,0,8,0,0,2,4,192,2,3,0,0,0,0,4,1,0,0,8,15,2,0,1,1,0,0,17,1,2,0,0,33,3,0
"COG3218",0,0,0,0,0,0,0,0,0,0,0,0,0,2,0,0,0,0,1,0,0,0,0,0,0,0,0,0,0,0,0,0,0,0,0,0,0,0,0,0,0,0,0,0,2,0,0,0,0,0,0,0,0,0,0,0,0,0,0,0
"COG3219",4,0,0,0,0,0,7,0,0,0,0,0,0,1,3,0,3,0,2,1,1,0,0,0,28,0,0,0,4,1,0,0,0,0,0,0,0,5,0,0,0,0,0,7,0,0,2,1,1,0,0,0,0,0,0,0,0,0,0,1
"COG3220",1,0,0,0,0,0,12,0,0,1,0,0,0,0,3,0,2,1,2,0,1,1,0,0,29,0,0,2,1,1,0,0,1,0,0,1,0,2,0,0,0,0,0,7,0,0,4,0,3,1,0,0,1,0,0,0,0,0,0,0
"COG3221",32,62,70,37,47,31,14,24,31,118,53,100,6,37,17,31,15,123,38,267,35,77,46,52,23,101,22,78,33,53,53,36,33,161,42,47,52,8,136,27,87,38,32,31,28,34,24,24,38,30,40,27,58,42,65,37,51,138,31,40
"COG3222",11,1,2,0,16,1,14,4,1,1,6,20,3,3,11,10,7,10,4,6,3,4,2,7,5,3,1,2,3,8,4,4,10,31,5,16,4,3,43,5,0,1,7,0,5,27,2,10,2,1,8,46,9,0,1,3,2,14,0,7
"COG3223",2,0,1,1,2,15,2,2,3,11,0,19,13,5,1,15,6,0,19,1,8,2,1,0,14,15,21,1,6,0,0,2,6,113,0,5,0,5,0,0,6,3,1,9,2,17,3,1,2,2,2,2,4,2,1,0,0,22,3,0
"COG3224",0,0,0,0,1,1,0,7,0,27,0,0,0,0,0,5,0,0,0,0,3,1,0,0,0,0,0,0,0,0,0,0,0,0,0,0,0,0,0,0,0,0,0,0,0,0,0,2,0,0,0,0,0,0,2,0,0,0,0,0
"COG3225",393,307,298,380,337,25,138,118,260,125,254,253,47,280,217,244,481,310,182,107,187,339,403,242,235,154,343,226,227,346,444,365,127,184,561,313,190,137,202,444,215,255,493,194,247,461,350,115,205,383,225,128,199,276,286,224,322,179,255,403
"COG3226",0,0,1,3,1,10,4,9,3,47,0,10,4,1,0,12,0,0,17,1,4,1,2,0,1,8,10,0,3,0,1,0,1,114,0,4,0,1,0,0,1,3,0,0,5,11,0,5,3,1,0,0,11,0,1,1,0,13,0,1
"COG3227",7,0,2,0,5,0,0,1,0,0,0,0,0,0,0,0,0,0,0,0,2,1,10,0,2,0,0,8,0,0,67,3,1,0,1,0,6,2,0,0,0,21,0,0,1,0,2,8,2,0,4,7,0,3,0,0,0,0,0,0
"COG3228",1,0,0,3,1,4,1,5,0,23,0,6,1,0,0,6,1,0,7,0,2,1,2,0,0,4,7,0,0,0,0,1,4,85,0,2,0,0,0,1,2,2,1,1,4,12,2,2,3,2,0,1,9,1,2,0,0,10,0,1
"COG3231",0,3,4,0,2,8,20,19,8,0,1,1,4,1,2,10,0,6,2,7,11,10,15,7,12,3,1,0,25,6,2,4,10,13,8,2,3,0,2,0,1,9,20,6,2,1,22,0,0,35,0,14,14,24,7,15,3,41,10,17
"COG3232",1,0,0,6,0,1,2,5,1,32,0,6,0,0,0,0,0,0,15,1,5,3,0,0,0,6,7,0,0,0,0,0,1,0,0,3,0,0,0,0,0,0,0,0,2,0,0,2,1,1,0,3,9,1,2,1,0,8,0,0
"COG3234",1,0,0,3,3,8,1,2,5,0,0,14,4,3,0,11,2,0,18,1,4,0,4,0,0,14,8,0,4,0,0,0,4,117,0,2,0,0,0,0,4,2,1,0,4,13,0,4,0,0,1,2,7,0,0,2,0,13,0,0
"COG3236",40,28,38,22,20,5,45,18,138,84,29,58,18,34,51,32,57,40,31,23,17,98,18,57,50,27,9,50,21,63,22,15,9,52,34,7,35,16,6,20,10,4,17,26,8,5,22,13,5,5,18,6,12,27,22,19,21,13,3,21
"COG3237",0,0,1,1,6,4,2,4,1,18,0,2,3,0,2,8,12,0,9,1,3,0,3,0,2,7,6,0,1,0,0,0,0,28,0,0,0,0,2,1,1,1,4,2,0,3,0,1,3,0,0,2,4,0,5,1,0,7,2,1
"COG3238",124,35,52,13,34,31,35,15,40,36,38,34,6,28,24,29,76,52,46,52,20,50,36,52,54,80,42,60,40,46,73,13,14,312,37,35,54,11,63,44,17,42,13,44,30,24,39,19,43,46,35,56,42,70,43,13,56,189,27,44
"COG3239",0,0,0,0,0,2,0,4,0,53,0,0,0,1,0,12,0,0,4,0,2,0,1,0,0,0,0,0,0,0,0,0,0,7,0,0,0,0,0,0,3,1,0,0,0,1,1,1,1,0,0,0,0,0,2,0,0,1,0,0
"COG3242",2,0,0,2,2,5,0,1,1,13,0,4,5,1,0,6,0,0,10,0,0,0,0,0,3,4,4,0,1,0,0,0,1,60,0,0,0,0,0,0,1,0,0,0,1,6,0,2,1,0,0,1,2,1,1,0,0,4,0,0
"COG3243",0,0,0,0,0,0,0,0,0,1,0,0,1,0,0,0,0,0,0,0,0,0,0,0,0,0,0,0,0,1,0,0,0,0,0,0,0,0,0,0,0,0,0,0,0,0,0,0,0,0,0,0,0,0,0,0,0,0,0,0
"COG3246",37,39,20,64,52,10,20,39,75,19,16,76,4,62,12,41,14,39,22,8,44,53,125,55,33,34,30,15,52,40,33,28,57,60,20,84,27,40,6,55,50,49,111,16,52,207,14,30,13,13,81,64,140,27,75,66,40,9,52,58
"COG3247",2,13,4,3,5,16,11,7,37,56,40,18,6,3,9,14,7,5,44,11,9,5,3,5,2,12,13,6,10,13,3,8,5,180,3,27,19,2,154,5,35,9,0,4,9,16,5,5,4,2,2,2,12,3,1,1,2,160,24,4
"COG3248",1,0,0,6,6,17,0,9,2,33,1,22,5,4,0,14,2,3,25,3,5,0,3,0,4,8,10,0,2,0,0,0,2,131,0,3,0,0,0,1,5,2,0,0,3,7,1,0,3,1,0,1,8,3,2,0,0,20,0,0
"COG3250",4741,12144,7151,15070,11224,6739,8475,10514,7235,8798,7977,6458,11074,11505,8645,12264,5831,9511,10215,4431,9983,11718,8431,6353,8390,7596,14975,8423,11350,6498,7485,12215,12861,2347,6869,9509,6189,5149,3750,6774,10692,8361,8922,11133,8907,12308,5777,10908,12430,13606,9726,9136,9969,10714,9858,9825,7317,3744,9812,7209
"COG3251",0,0,0,2,2,5,0,5,2,9,0,5,2,0,0,1,1,0,7,0,3,1,1,0,0,0,2,0,1,0,0,0,1,35,0,0,0,0,0,0,4,0,0,0,2,2,0,1,0,0,0,2,3,0,0,0,0,4,1,0
"COG3252",0,0,0,0,23,0,0,0,1,0,1,0,0,0,0,8,0,0,1,0,2,0,1,0,0,0,0,1,2,0,4,1,12,37,2,0,0,0,0,0,0,0,1,1,2,47,0,0,1,0,2,1,3,0,1,2,0,0,0,0
"COG3253",0,0,0,0,1,1,0,0,0,0,0,0,0,0,0,2,11,0,3,0,2,0,0,0,4,0,0,0,0,0,0,1,0,1,0,1,0,0,0,0,0,0,0,2,0,4,1,0,0,0,0,0,2,0,1,0,0,4,0,0
"COG3254",34,53,57,63,170,41,71,49,61,124,62,67,117,83,29,90,55,56,71,8,49,77,36,81,43,49,106,77,71,49,36,85,63,135,63,59,58,7,29,64,55,38,48,133,39,161,36,93,68,93,24,65,54,55,45,59,33,44,47,68
"COG3256",1,0,1,0,4,3,23,5,0,2,3,0,0,0,8,9,34,0,4,2,2,3,0,0,52,0,0,14,11,1,1,0,1,0,1,1,3,5,0,0,0,1,0,27,1,9,7,5,5,1,2,0,20,0,2,0,0,15,2,1
"COG3257",8,2,3,3,14,8,2,3,11,3,1,12,7,2,0,19,2,4,32,0,3,1,4,2,3,10,13,4,4,5,0,3,7,106,1,13,1,0,9,3,2,3,7,3,5,23,3,3,1,1,8,5,14,1,7,6,1,10,8,3
"COG3259",0,0,0,0,0,0,0,0,0,0,0,0,2,0,0,0,0,1,0,0,0,0,0,0,0,0,0,1,1,0,0,0,0,0,9,1,0,0,0,1,0,0,0,5,0,0,0,0,0,0,0,0,0,0,0,0,0,2,0,0
"COG3260",11,8,10,22,15,22,8,29,19,51,8,32,1,24,10,8,11,9,37,6,15,16,35,30,11,42,32,10,18,27,5,15,13,221,23,35,3,7,2,15,41,22,15,8,30,36,17,9,18,13,26,19,25,16,35,28,16,27,7,4
"COG3261",15,22,35,37,21,32,24,48,59,88,13,56,3,35,14,22,13,17,49,6,34,31,41,52,12,90,45,20,33,29,15,40,28,233,30,71,8,9,3,39,50,33,24,15,54,47,20,19,29,16,23,26,53,20,44,37,19,31,19,6
"COG3262",4,2,2,10,12,32,8,39,7,95,2,32,9,17,5,21,9,19,47,5,17,18,15,0,24,40,24,3,12,2,2,0,9,305,3,10,2,2,0,1,3,2,1,6,28,32,2,7,6,6,3,10,24,2,3,13,1,47,6,3
"COG3263",134,299,266,514,359,113,375,250,254,320,334,255,26,287,149,429,213,296,431,149,518,317,242,342,361,370,381,225,350,174,272,359,291,280,201,367,321,98,125,233,334,309,530,96,321,321,165,227,335,351,370,422,310,313,321,476,163,91,198,315
"COG3264",22,15,10,26,39,86,80,201,60,273,13,75,31,53,12,53,16,5,122,32,35,26,58,21,93,72,72,15,33,59,14,21,54,866,11,18,5,28,0,18,21,62,10,29,55,77,26,21,16,9,32,32,72,14,36,26,6,93,5,8
"COG3265",2,0,1,7,5,12,5,12,1,43,7,11,8,4,0,25,5,0,20,14,8,2,2,0,1,10,29,0,5,0,0,0,1,98,1,10,9,0,0,0,7,2,1,0,1,11,0,1,3,0,3,6,4,1,0,1,0,55,0,1
"COG3266",0,0,0,8,6,10,2,17,5,72,0,13,4,4,0,8,0,0,15,1,4,1,4,0,2,16,9,0,1,0,0,2,2,159,1,2,0,2,0,0,6,3,1,0,0,13,0,1,7,0,4,5,6,0,6,1,1,24,1,0
"COG3267",17,5,8,1,14,11,49,77,7,6,3,33,2,19,27,16,14,29,23,3,6,21,20,11,10,15,4,15,9,12,3,7,14,78,2,20,1,16,66,19,30,7,10,78,17,12,13,23,17,14,8,12,17,27,47,29,16,140,2,9
"COG3268",1,0,5,0,0,0,0,0,0,0,0,0,0,1,0,1,2,1,0,0,5,0,0,8,0,2,0,0,0,1,0,0,5,0,0,1,0,0,0,0,9,0,0,0,4,0,0,0,4,14,7,0,0,8,0,5,1,0,0,0
"COG3270",110,79,100,40,21,24,146,33,91,101,65,40,10,80,56,15,226,99,78,107,44,85,220,51,116,69,23,56,72,61,126,57,26,183,140,96,88,76,147,78,53,117,41,80,62,53,124,46,102,110,71,74,90,131,40,62,117,73,88,62
"COG3271",1,0,1,0,0,0,0,0,1,0,0,0,0,0,1,0,1,1,0,0,0,1,0,6,1,0,0,0,0,2,0,2,4,0,3,4,0,0,0,0,4,1,1,0,0,0,1,0,0,0,4,0,0,0,0,0,7,0,1,3
"COG3272",0,0,0,3,11,14,3,10,1,53,1,8,1,1,1,5,2,0,48,2,9,2,3,0,5,20,13,0,2,0,0,2,3,72,0,1,0,1,0,0,1,0,0,2,5,24,3,3,4,2,1,3,9,1,1,0,1,22,1,0
"COG3274",312,520,325,556,563,48,345,151,455,337,390,256,58,452,73,561,243,420,593,154,658,418,203,407,656,427,611,159,521,258,279,512,533,357,207,357,174,184,108,273,383,243,425,122,529,505,411,716,640,424,423,484,589,296,486,404,229,129,307,327
"COG3275",232,862,537,1400,1406,1286,815,480,667,1125,961,814,1220,884,1229,1287,325,746,1277,464,1456,723,517,583,660,866,1444,840,1046,531,576,1117,1050,522,562,825,1083,437,151,600,919,730,1284,805,907,1164,593,782,938,1184,941,993,1150,690,1005,924,486,204,519,735
"COG3276",102,35,14,6,50,28,38,33,59,153,24,109,4,37,38,67,42,35,35,179,23,13,28,21,61,35,21,13,48,23,10,33,33,392,37,80,43,16,128,40,29,25,41,55,40,197,26,46,23,13,29,34,55,15,38,82,28,48,15,19
"COG3279",1983,1461,2077,1868,2456,1322,1532,1023,1846,1151,2144,1498,1231,1405,2333,1603,2440,1736,1987,1409,1504,2289,1577,1763,2162,1859,1814,2172,1657,2188,2571,2037,1645,838,2072,1608,2009,1342,1019,1496,1069,1650,1584,2282,1381,1424,2347,1185,1496,2051,1474,1372,2177,2239,1404,1420,2642,1092,1432,2486
"COG3283",1,0,58,5,9,13,14,17,2,64,2,39,1,4,16,14,12,0,21,2,28,1,2,54,16,21,13,1,11,0,0,1,8,189,0,5,7,9,0,0,8,3,12,7,3,14,1,4,6,1,1,1,13,3,5,9,0,18,31,19
"COG3284",18,15,74,23,7,40,16,66,28,174,7,44,9,38,21,69,12,18,34,5,55,34,43,95,3,30,16,16,56,22,12,19,24,34,15,22,46,4,11,49,34,47,64,5,25,62,19,27,16,9,29,31,41,23,88,35,42,24,31,47
"COG3287",89,39,19,6,13,2,31,19,77,15,25,15,1,13,18,3,68,35,57,43,13,43,1,62,71,32,23,22,27,10,27,52,11,0,31,5,69,26,78,249,4,100,1,28,21,44,46,33,53,13,4,11,98,42,5,20,179,0,6,22
"COG3288",4,0,1,13,6,21,10,95,14,72,63,30,9,8,10,16,13,1,26,38,7,1,22,0,25,21,21,2,14,10,8,2,8,185,5,30,46,11,221,1,26,14,6,11,10,27,7,7,12,2,9,5,16,2,5,1,0,439,8,3
"COG3290",49,54,224,59,83,88,72,46,71,272,10,104,36,62,21,49,54,43,100,9,47,60,70,138,66,119,73,43,44,94,68,55,90,627,159,54,22,9,20,29,65,22,45,68,43,113,61,37,70,53,22,52,58,81,88,78,127,94,49,86
"COG3291",16,199,59,29,21,758,45,174,56,23,42,38,207,39,21,35,17,15,16,1,32,47,18,69,48,28,32,168,24,28,66,69,69,2,181,155,52,459,31,91,191,62,514,170,47,72,637,34,123,245,76,71,59,142,47,127,134,9,88,32
"COG3292",3559,9359,6837,16544,13940,4175,7643,11145,4582,8920,7920,6070,12150,9591,9951,13451,3222,9730,9576,3618,9536,10919,5213,5454,4402,6417,17330,7834,10792,6120,5685,13958,10385,47,3677,8681,5897,7342,1257,7280,10754,6307,8136,10172,10095,17926,2491,8708,9847,16424,10394,9177,8209,10267,8912,8029,5816,1028,8557,5202
"COG3293",82,364,39,60,57,296,96,10,48,378,97,36,23,35,73,137,46,301,561,47,353,55,180,217,108,47,14,101,25,110,128,43,113,1,162,60,166,175,40,34,105,32,227,37,49,47,125,251,16,56,68,122,74,73,229,471,23,110,53,576
"COG3294",39,6,22,1,9,6,9,5,28,8,9,15,6,13,28,7,58,8,20,2,6,79,23,34,15,21,1,14,9,34,37,19,2,16,21,28,11,20,10,8,2,34,9,17,9,4,18,3,2,7,3,23,7,50,6,7,73,48,10,37
"COG3296",1,8,2,0,0,0,0,2,5,0,0,0,0,3,0,2,0,0,0,0,5,1,0,1,2,1,0,0,8,3,3,4,0,0,0,1,1,1,0,3,2,1,45,1,3,0,4,0,0,2,1,0,0,3,2,3,1,0,23,1
"COG3297",0,0,0,5,2,16,2,13,2,62,1,5,2,2,0,28,1,0,18,0,4,0,2,0,0,5,6,0,4,0,0,0,4,100,0,1,0,0,0,0,6,0,1,0,2,4,0,0,3,1,1,1,4,1,2,1,1,11,0,1
"COG3299",33,364,83,71,22,48,89,101,73,15,78,107,22,77,72,54,156,136,50,25,127,74,226,57,135,17,62,65,70,96,239,76,86,28,64,152,120,35,188,75,103,160,38,30,56,178,135,62,102,65,43,60,171,27,66,81,53,56,104,103
"COG3301",9,16,4,15,24,27,25,19,27,24,21,32,1,16,6,29,11,3,37,9,15,49,28,24,76,34,17,9,16,22,1,4,32,179,3,9,4,15,1,25,23,6,5,13,20,26,13,0,1,3,19,8,16,7,8,17,6,23,5,14
"COG3302",4,1,1,8,6,20,3,10,7,28,0,25,11,8,2,8,3,0,33,6,5,3,3,5,5,20,26,2,6,1,1,4,6,230,3,11,0,1,1,4,1,6,1,0,7,17,1,6,4,2,6,4,22,2,5,0,2,32,3,0
"COG3303",27,237,96,325,242,86,95,78,59,192,143,110,27,196,17,208,42,116,132,61,130,197,62,48,95,108,297,56,173,77,64,189,241,343,85,155,117,10,11,116,103,48,249,20,161,378,30,58,132,294,124,106,168,155,258,243,40,68,53,137
"COG3304",73,65,69,130,175,83,119,123,72,79,115,113,21,98,143,132,46,94,88,73,145,111,66,78,50,117,140,102,98,66,50,122,65,78,29,88,36,16,34,72,58,102,99,47,108,127,42,123,113,95,97,151,128,108,104,91,50,203,66,61
"COG3306",4,0,0,4,75,11,12,4,5,24,6,13,7,20,3,9,13,8,23,45,51,3,7,5,31,1,33,11,6,1,4,3,100,3,3,1,5,2,2,0,1,8,44,20,2,40,6,0,7,23,5,4,4,5,4,17,7,23,16,2
"COG3307",46,44,65,37,70,35,65,32,97,40,37,241,21,18,53,62,55,30,138,100,61,20,48,79,65,54,60,20,39,66,44,39,26,302,28,39,66,29,215,33,41,34,41,51,54,205,32,19,112,23,41,88,43,18,33,109,18,40,98,35
"COG3309",37,56,88,6,17,0,0,4,23,28,1,24,141,14,0,4,1,3,279,57,3,0,1,0,0,0,1,10,18,7,0,11,0,0,1,12,0,0,0,0,14,1,27,109,137,32,0,128,1,0,1,10,1,7,1,1,3,0,0,0
"COG3311",1,0,0,5,7,9,1,4,5,7,0,23,7,2,1,11,3,2,9,0,5,2,7,1,2,9,21,1,8,0,0,0,3,171,0,3,0,2,0,1,11,1,0,0,1,14,1,1,4,0,1,4,3,1,0,0,0,18,1,0
"COG3312",2,0,0,0,2,4,3,3,2,16,0,0,3,1,3,2,5,0,8,1,3,0,0,0,4,5,4,0,0,0,1,0,2,119,0,7,0,4,0,1,3,1,0,6,3,14,2,6,6,2,0,2,9,0,3,0,0,15,1,0
"COG3313",1,0,0,0,2,5,1,3,1,6,0,8,4,0,0,4,0,0,5,0,2,1,1,0,0,4,4,0,0,0,0,0,1,66,0,1,0,1,0,0,1,0,0,0,0,7,1,1,0,0,0,2,4,1,1,0,0,7,0,0
"COG3314",266,169,220,75,108,40,170,53,269,67,178,121,32,146,132,108,311,206,110,117,61,185,278,232,185,230,63,93,112,199,191,169,76,509,288,162,135,109,179,403,129,199,112,181,107,160,272,71,233,117,93,116,138,182,145,159,305,95,123,302
"COG3315",134,106,249,117,98,9,42,80,169,51,157,93,32,92,51,120,191,120,75,75,95,194,149,127,149,68,63,122,114,132,226,113,81,22,178,123,115,43,61,87,71,107,83,146,70,41,119,75,77,175,77,18,111,199,80,81,307,38,110,176
"COG3316",1,6,24,101,22,49,17,22,17,1,11,68,53,19,3,50,9,12,40,12,5,7,13,5,8,240,27,1,26,0,3,2,38,2057,0,15,17,7,7,3,21,6,10,8,22,58,1,27,53,2,7,10,61,7,26,6,0,174,6,6
"COG3317",7,6,5,9,14,22,15,63,19,60,12,24,2,12,5,11,7,0,24,9,12,11,14,0,44,18,12,5,8,5,1,6,6,151,2,4,5,3,0,6,15,19,4,12,15,17,8,2,5,1,15,13,14,7,10,16,3,14,2,6
"COG3318",7,4,4,5,6,6,3,2,8,16,3,17,4,3,1,6,2,0,14,1,2,15,0,0,11,7,6,0,8,0,0,0,2,54,0,4,2,4,1,0,9,0,1,3,19,5,1,7,1,3,7,1,4,0,6,10,1,30,3,2
"COG3319",4,0,2,38,29,83,10,48,10,383,1,102,7,27,4,93,14,0,40,5,8,7,22,0,2,22,73,1,40,0,1,4,28,445,0,10,0,2,0,0,38,9,3,1,14,23,5,5,12,5,11,21,18,2,12,4,1,164,3,3
"COG3320",199,48,29,29,54,21,138,4,25,22,15,8,5,33,14,53,183,49,122,21,11,59,56,59,8,92,1,29,50,45,48,71,7,0,138,322,96,53,88,31,12,49,51,55,16,1,18,22,31,9,30,62,108,13,26,13,30,221,52,94
"COG3321",2,7,2,34,34,93,7,29,5,341,14,86,1,34,3,81,11,0,2,4,0,39,58,2,46,13,66,0,25,0,4,5,17,198,117,6,3,0,0,0,140,10,26,4,5,55,20,1,4,1,44,33,11,0,18,54,28,129,0,34
"COG3323",43,210,123,173,228,32,130,58,58,133,182,139,15,118,30,276,50,159,187,126,265,129,94,94,155,169,224,50,191,51,88,209,169,19,83,141,120,26,119,191,142,178,249,21,111,127,81,90,154,142,220,269,248,152,182,145,79,36,117,111
"COG3324",0,18,29,84,75,2,13,13,23,47,18,13,28,26,3,51,11,14,30,6,25,34,14,11,5,15,85,22,26,19,44,59,14,0,2,17,4,2,0,34,13,4,148,0,13,97,3,6,10,70,44,36,41,11,13,73,6,5,6,1
"COG3325",42,308,71,107,115,18,143,41,209,136,247,88,29,368,11,179,167,309,83,6,300,162,122,128,185,205,241,93,327,73,141,225,419,43,190,81,30,15,66,190,64,152,72,38,202,67,103,108,408,194,209,245,213,285,409,253,242,28,248,65
"COG3326",79,40,79,27,28,153,19,67,72,43,62,43,57,46,80,27,76,72,37,42,13,69,25,56,43,35,17,91,42,59,78,43,48,8,105,72,33,54,47,65,30,26,28,74,32,9,221,70,25,40,18,30,23,62,34,23,52,22,57,98
"COG3327",0,0,0,1,4,7,1,4,0,29,0,14,5,3,0,2,2,1,17,2,2,1,0,0,3,13,12,0,0,0,0,0,3,111,0,3,0,0,0,1,0,1,0,0,5,15,0,0,1,1,2,0,11,2,0,0,0,9,0,0
"COG3328",1437,571,2059,703,1131,219,944,1945,1404,260,865,626,94,600,2043,543,833,1323,794,2931,556,719,622,993,746,515,512,747,737,602,776,940,827,303,727,743,1730,970,1471,902,548,856,1033,1322,2044,1044,457,478,680,582,303,937,1538,582,1159,674,467,1591,1809,938
"COG3330",0,0,4,0,0,0,0,0,0,0,0,3,2,0,0,0,5,0,0,0,0,0,0,10,0,0,0,0,0,0,0,4,0,0,13,0,2,0,0,96,0,0,0,5,0,0,13,0,0,0,0,0,0,18,0,0,19,0,6,44
"COG3331",145,169,88,29,46,20,53,26,59,42,56,58,9,42,68,37,176,84,76,135,30,53,81,104,104,70,56,86,52,94,81,42,27,53,93,50,64,32,76,58,71,60,42,88,40,36,98,36,46,70,29,73,68,59,50,57,136,61,26,119
"COG3333",136,137,132,104,86,69,421,138,181,118,103,87,40,242,78,173,136,127,138,197,94,190,386,158,165,198,88,148,133,138,177,138,254,301,155,299,119,149,58,180,103,232,111,100,254,238,69,91,142,189,204,160,276,115,284,170,163,18,87,133
"COG3335",306,48,62,20,145,18,258,62,102,137,198,30,46,68,41,173,136,38,136,6,45,94,231,75,147,62,84,142,89,296,55,37,16,144,124,32,20,19,35,38,16,41,32,92,19,74,54,50,55,7,22,24,9,88,71,25,27,158,26,104
"COG3338",2,0,0,0,0,1,4,0,0,0,0,0,0,0,4,0,5,0,1,0,2,0,0,0,3,0,0,0,1,0,0,0,0,3,1,0,0,2,9,0,1,0,12,22,2,0,2,1,4,0,0,0,1,0,1,0,0,9,0,0
"COG3339",2,7,27,7,4,6,18,2,7,1,4,24,0,3,3,18,25,5,5,24,13,8,24,19,2,16,5,30,8,6,5,3,5,0,18,2,18,2,66,6,14,8,25,5,7,2,3,3,4,9,5,7,5,9,7,5,9,6,7,8
"COG3340",297,226,286,150,170,379,172,75,309,165,198,239,386,105,279,56,361,239,124,129,217,203,186,289,144,373,86,373,210,278,214,260,71,194,193,278,274,204,166,512,171,214,95,312,164,200,500,85,174,157,283,165,100,216,141,152,364,337,172,312
"COG3341",160,289,192,227,224,321,274,101,131,151,224,141,130,197,97,195,220,219,247,168,263,181,153,190,229,224,203,214,277,156,338,212,211,27,133,199,215,132,102,169,241,285,172,294,169,179,196,225,224,207,250,215,198,283,227,200,208,121,157,182
"COG3343",6,0,1,0,0,7,0,0,1,1,0,1,0,0,5,0,8,0,6,41,0,0,0,0,4,0,0,0,0,0,0,1,0,0,0,0,1,1,27,2,0,0,19,10,1,2,1,0,0,2,0,0,1,0,2,0,0,38,1,3
"COG3344",2418,2211,2210,3116,2551,2075,1538,4199,2402,3223,3780,2863,2974,1315,4010,3605,2605,1851,1485,1499,4550,1942,4451,3671,3772,2135,1971,2611,3769,1502,2592,2638,3270,2272,2276,1896,3517,3862,1296,3458,2719,1715,3087,2560,2669,2938,3596,3205,1719,2242,5285,2924,1145,2124,2044,3745,1891,824,4798,3845
"COG3345",1230,1036,1418,1313,697,252,424,986,888,890,967,738,997,905,1254,878,1164,1096,1135,1307,801,1009,867,927,968,1088,1104,1092,992,950,1177,984,969,795,1018,1195,1028,1048,1502,658,1024,873,801,1582,1047,976,584,1009,1195,892,874,560,1349,655,969,1065,830,2935,982,1133
"COG3347",25,6,7,1,4,2,6,3,18,3,1,11,2,3,2,1,6,2,1,0,0,2,13,7,0,0,1,2,0,3,3,10,4,0,7,21,9,3,3,8,10,11,11,11,5,0,3,1,25,3,3,0,8,3,9,5,2,17,19,12
"COG3350",1,1,0,12,2,0,3,4,0,0,0,0,3,4,4,0,4,1,1,0,1,0,4,0,19,0,22,3,10,0,0,0,0,21,0,0,0,2,2,2,1,0,0,8,1,42,4,0,2,2,0,8,2,0,0,0,0,1,0,1
"COG3359",160,69,175,36,63,16,55,31,46,21,50,41,9,47,56,25,125,83,78,47,34,79,43,108,136,81,32,114,79,125,148,61,15,64,120,55,78,42,87,41,8,64,31,127,52,37,113,58,54,96,31,60,58,121,49,54,131,24,43,90
"COG3366",0,3,2,0,0,0,1,7,4,5,0,0,0,5,1,0,1,3,12,0,1,4,5,5,0,5,4,3,7,4,0,1,2,0,6,1,5,0,0,5,8,3,6,0,4,0,2,0,0,0,17,0,18,3,17,5,4,0,1,1
"COG3369",0,46,22,2,0,0,1,8,20,4,9,20,1,10,1,2,5,21,0,0,20,19,14,29,2,7,4,1,19,15,6,22,0,0,6,12,1,0,0,12,18,1,12,0,13,17,3,1,0,28,8,3,3,13,4,6,6,0,8,1
"COG3376",0,0,1,0,2,1,0,7,0,58,0,0,0,0,0,1,0,0,3,0,5,1,0,0,0,0,0,0,0,0,0,0,0,0,0,0,0,0,0,0,0,0,0,0,0,0,0,0,3,0,1,0,0,0,3,0,0,1,0,0
"COG3378",424,349,350,225,482,58,902,176,548,247,1871,302,245,440,246,197,567,434,185,324,498,332,1219,258,395,276,203,338,214,480,573,441,459,100,489,322,265,797,173,281,289,399,246,232,329,182,379,201,275,449,414,300,190,443,495,122,468,80,408,560
"COG3379",0,0,1,0,0,0,2,0,4,1,0,4,1,1,0,0,0,0,0,0,0,0,0,2,0,0,3,1,5,2,3,3,0,18,0,12,5,0,0,42,0,6,4,0,2,1,12,1,0,36,9,0,7,2,6,0,0,0,0,0
"COG3381",4,6,4,5,15,37,11,14,21,108,4,30,5,9,2,29,6,2,50,4,13,9,5,3,26,17,19,2,13,2,0,2,6,212,0,11,2,4,2,7,14,2,5,7,15,22,5,2,4,0,5,5,18,4,8,9,0,30,5,6
"COG3382",85,153,77,125,114,247,136,214,143,209,108,112,192,124,312,150,54,120,98,211,186,107,69,89,98,122,108,206,148,136,69,140,165,1,96,103,118,317,113,88,153,142,121,177,193,119,64,80,153,114,166,194,87,103,150,122,47,29,176,105
"COG3383",165,22,102,53,74,36,81,47,38,54,32,87,14,48,34,90,39,38,46,55,43,50,116,130,33,70,18,50,89,163,127,56,61,115,180,60,43,11,29,32,82,53,66,47,46,135,64,22,34,28,44,45,53,25,79,67,44,109,51,52
"COG3384",4,0,1,15,13,7,15,23,18,102,2,67,2,4,1,41,8,1,60,69,18,5,4,1,19,21,31,0,5,2,0,1,3,125,0,11,60,3,128,7,7,10,3,8,5,45,4,14,7,3,1,6,24,2,8,1,1,36,1,0
"COG3385",720,613,582,209,1310,2491,164,6377,1168,807,1230,2303,5493,415,3205,2390,393,1402,816,2984,689,258,713,1772,1991,553,813,1882,607,1684,1806,807,490,1087,2048,2215,2176,3322,98,437,2611,328,1524,1850,862,288,7875,5151,405,1537,1316,127,1502,1931,266,1236,945,314,4391,1422
"COG3386",56,48,68,142,106,5,140,66,92,313,44,48,11,140,12,97,57,66,28,67,129,182,78,36,36,94,160,54,40,44,95,171,93,23,35,57,39,25,0,71,85,90,133,38,104,170,27,65,126,145,85,68,83,29,72,35,83,21,63,25
"COG3387",8,149,67,184,96,7,108,28,117,73,180,60,9,64,6,263,90,181,92,20,72,128,85,66,54,113,223,106,128,57,51,63,186,2,112,96,18,4,23,447,58,58,109,52,119,63,116,41,290,68,153,125,0,85,267,153,87,20,61,151
"COG3391",119,292,206,512,462,394,104,844,122,215,153,375,513,243,20,363,35,82,336,82,141,161,84,68,192,276,538,234,107,114,158,276,329,167,188,458,211,125,2,168,389,36,302,71,476,645,157,165,250,416,202,84,220,182,156,166,115,36,124,139
"COG3392",104,47,54,27,192,9,45,25,91,50,74,191,39,60,450,22,86,17,85,117,58,15,26,159,35,45,38,32,77,97,44,60,5,8,56,110,158,9,64,37,41,61,75,33,31,90,12,26,92,3,55,20,29,54,88,64,73,8,121,46
"COG3393",10,4,13,0,4,1,5,0,32,2,13,2,11,14,2,1,74,53,16,1,3,1,6,6,13,8,0,0,17,22,13,53,7,13,20,34,14,50,24,0,10,5,11,22,1,2,5,6,65,0,2,10,16,20,9,16,7,15,31,4
"COG3394",22,30,19,28,14,9,17,8,43,25,15,44,10,41,13,44,70,30,9,65,22,52,213,16,3,27,22,10,23,44,106,33,62,96,34,50,51,27,174,80,55,35,78,30,55,53,20,32,29,62,79,62,40,81,125,69,74,34,66,33
"COG3395",137,49,131,39,129,12,173,123,68,191,51,59,21,148,90,125,68,92,83,154,95,127,163,79,78,69,44,35,60,74,57,76,124,607,63,99,152,53,222,52,101,87,116,77,77,400,37,37,53,158,83,79,154,29,99,41,64,66,99,154
"COG3396",0,0,0,2,2,7,6,16,2,83,0,18,5,1,1,0,3,4,31,0,6,2,1,0,8,9,26,0,1,0,0,0,9,179,0,3,0,0,0,0,0,1,0,0,7,15,0,1,3,2,2,0,9,2,7,1,0,21,0,0
"COG3397",4,5,1,1,0,0,0,0,1,1,9,3,0,1,11,0,3,4,0,0,2,4,12,4,6,3,0,1,7,7,30,0,2,0,3,0,4,0,6,0,0,0,0,1,0,0,0,0,2,30,0,1,0,2,0,0,0,8,0,0
"COG3401",15,287,425,4,0,3,2,2,21,1,26,6,0,4,27,0,39,40,43,0,11,43,70,84,73,21,0,1155,43,37,263,44,7,0,113,43,42,24,25,11,7,11,4,67,32,0,7,43,141,25,26,10,5,15,6,6,29,6,8,345
"COG3402",0,20,16,16,2,2,44,15,3,12,83,16,0,0,1,63,6,15,109,0,72,4,34,9,50,57,82,0,5,6,6,6,23,23,33,33,54,0,9,11,38,80,40,0,6,3,29,42,17,14,4,93,9,26,35,24,9,10,10,35
"COG3404",151,196,179,248,254,179,264,123,222,117,217,201,19,316,60,285,168,240,125,125,298,231,240,173,157,274,237,230,267,183,231,281,295,70,169,235,211,97,132,185,227,239,272,82,190,206,259,192,247,200,293,331,196,230,299,243,225,43,182,92
"COG3405",133,134,143,25,14,16,111,806,164,169,132,121,8,50,556,148,81,179,37,142,194,123,73,181,73,109,60,42,118,201,148,176,94,173,75,37,80,701,33,47,154,240,157,116,210,25,132,322,35,87,173,156,132,83,38,127,68,447,258,141
"COG3407",4,0,1,0,0,5,2,0,0,0,2,0,0,0,2,1,5,0,3,103,0,3,0,0,1,2,1,0,0,1,0,0,1,0,0,0,0,0,5,0,0,0,8,4,0,2,0,0,0,0,0,0,0,0,0,0,0,24,0,0
"COG3408",503,653,628,683,455,860,478,649,346,394,586,553,1049,682,1423,939,521,539,813,745,744,548,297,470,548,569,772,626,724,541,523,688,754,104,661,424,613,932,549,813,633,681,958,499,964,289,722,847,610,679,682,694,446,569,651,665,445,110,720,604
"COG3409",151,127,126,59,57,25,266,71,238,78,162,85,182,168,67,79,296,242,137,83,47,161,480,184,142,125,66,127,45,235,323,245,116,84,301,166,221,82,166,213,189,248,54,190,95,45,182,100,207,215,185,108,179,408,133,132,295,44,171,272
"COG3410",46,30,56,96,24,15,1,90,26,29,7,35,364,13,11,6,110,103,214,143,10,71,39,153,100,13,116,122,88,63,22,152,5,28,35,44,143,1,71,318,14,4,45,33,47,26,41,60,49,39,9,12,62,56,54,14,27,87,16,87
"COG3411",3,22,21,29,22,6,21,17,36,15,19,57,4,20,4,30,12,16,8,12,26,18,28,44,3,31,15,39,9,43,20,28,25,25,11,24,15,2,0,30,31,10,108,1,12,35,10,8,7,13,20,19,5,17,38,34,17,6,22,14
"COG3412",7,2,8,8,18,13,2,38,15,77,3,43,16,2,1,56,9,1,24,73,9,6,19,6,3,10,15,2,8,3,0,2,15,207,4,8,10,0,48,6,7,4,11,3,4,81,2,22,11,0,2,15,15,3,4,30,0,52,8,8
"COG3414",21,2,56,12,31,19,18,14,10,128,37,27,12,15,17,36,28,13,47,12,39,8,12,24,18,24,17,3,17,3,12,7,10,178,19,23,41,4,184,5,12,4,34,12,4,91,8,9,9,15,12,12,21,5,25,11,2,44,7,59
"COG3415",0,4,0,0,1,0,0,0,0,0,1,0,0,0,0,1,0,0,0,0,0,0,4,1,0,0,1,0,3,0,0,1,0,0,1,0,0,0,1,0,0,0,0,1,0,5,0,0,0,0,0,0,0,0,2,0,1,15,0,0
"COG3416",0,0,0,0,1,0,0,2,0,13,0,0,0,0,0,0,0,0,0,0,1,0,0,0,0,0,0,0,0,0,0,0,0,0,0,0,0,0,0,0,0,0,1,0,0,0,0,0,0,0,1,0,0,0,1,0,0,1,0,0
"COG3417",0,0,1,2,5,6,3,13,4,36,0,17,0,6,0,7,2,1,9,2,10,4,3,1,3,5,7,1,4,5,1,1,0,49,1,0,0,0,0,1,1,1,20,0,4,3,0,1,3,0,3,0,4,1,0,3,0,9,3,0
"COG3418",0,0,0,2,2,2,0,0,0,0,0,4,1,1,0,1,0,0,5,0,0,0,0,0,1,1,1,0,0,0,0,0,2,40,0,0,0,0,0,0,3,0,0,0,0,1,0,0,0,0,1,1,1,0,0,0,0,6,1,0
"COG3420",1,3,1,0,5,0,2,2,7,16,6,8,0,0,5,8,1,0,0,0,3,10,5,9,9,10,0,3,5,4,0,0,13,0,1,0,1,1,0,13,9,9,0,2,0,7,3,0,0,0,6,0,0,0,6,11,2,0,0,8
"COG3421",1,3,18,0,2,0,0,67,58,7,2,0,26,1,14,0,0,8,37,0,6,37,15,55,55,6,4,2,4,17,38,6,1,0,67,43,2,1,0,0,12,0,0,0,4,0,13,1,0,0,4,0,30,16,3,9,79,0,24,18
"COG3422",3,1,1,3,6,5,3,5,3,4,1,12,12,4,1,9,2,5,13,2,2,2,1,0,7,11,5,1,3,1,1,1,4,86,1,3,4,3,1,0,3,0,1,4,3,8,2,6,1,1,0,0,3,1,0,0,1,11,0,0
"COG3423",0,0,0,1,2,4,5,3,0,22,0,8,7,1,1,10,0,1,15,0,4,0,0,0,1,4,8,0,2,0,0,0,3,110,0,2,0,1,0,0,3,2,0,0,3,16,2,5,1,0,1,1,7,0,4,0,0,5,0,0
"COG3425",4,0,3,0,0,7,2,0,0,0,0,0,0,0,2,0,8,0,8,135,0,2,0,1,0,0,0,5,0,0,0,0,0,1,3,0,0,0,25,0,2,0,17,12,0,12,0,1,0,1,1,0,2,1,0,0,0,58,0,0
"COG3426",94,302,224,290,280,191,278,162,311,212,225,159,18,407,53,297,145,246,327,42,362,313,228,267,257,267,243,177,281,228,360,298,299,46,339,220,268,80,152,144,325,255,279,73,234,275,318,211,310,229,335,433,247,353,334,275,274,49,141,224
"COG3428",1,33,6,20,0,0,34,9,8,7,95,11,0,0,2,75,14,19,1,0,62,58,28,10,129,53,65,1,1,7,18,8,46,0,86,24,3,0,1,27,12,72,25,1,11,0,81,30,29,11,3,55,11,10,19,23,6,0,18,64
"COG3429",0,0,0,2,0,10,0,0,2,2,38,16,0,0,3,0,3,0,2,26,1,1,0,0,0,6,0,0,0,0,0,2,0,0,3,11,30,0,171,0,16,3,0,0,0,1,0,0,3,0,2,3,1,0,1,0,0,300,0,0
"COG3433",2,0,2,28,9,60,7,22,5,274,1,45,4,19,1,71,11,3,9,0,4,6,15,0,5,12,56,0,19,0,1,2,14,170,0,8,0,1,0,1,26,7,0,0,7,22,2,1,6,1,6,12,22,1,4,1,0,101,0,0
"COG3434",9,29,26,10,13,0,2,1,9,7,12,22,4,5,5,2,29,11,31,0,3,7,13,18,36,2,16,53,22,72,39,9,7,6,78,6,5,11,26,17,3,39,22,24,36,6,11,22,30,1,2,5,54,4,26,5,18,1,10,13
"COG3435",0,0,0,0,0,0,1,0,0,0,0,0,1,0,0,0,0,0,0,0,0,0,0,0,0,0,0,0,0,0,0,0,0,0,0,0,0,0,0,0,0,0,0,0,0,0,0,0,0,0,0,0,2,0,0,0,0,0,0,0
"COG3436",1680,1270,2528,1565,3885,14266,6151,4263,1675,1846,835,1909,1011,2748,3753,1347,1697,1442,2275,3091,1658,2074,1475,1402,2185,1558,1111,2294,1254,1291,490,627,881,969,838,328,334,3948,674,1185,349,930,316,1489,1191,495,1140,1230,330,498,948,620,710,667,477,1190,268,264,1535,643
"COG3437",966,854,633,830,829,245,576,506,640,330,499,543,605,657,397,407,601,611,670,297,1303,854,1023,660,854,718,1054,501,493,696,799,630,660,156,635,1052,513,354,165,616,726,909,470,515,924,1017,494,1270,1196,1717,651,758,733,752,799,526,732,69,393,638
"COG3439",1,7,18,103,111,6,43,8,5,15,21,1,2,46,1,118,10,3,82,32,15,35,16,12,3,55,50,4,73,6,27,23,60,64,10,25,5,2,0,5,47,3,159,3,40,123,4,19,5,96,28,22,96,16,53,36,6,12,5,0
"COG3440",23,13,5,0,6,289,12,56,7,64,105,27,88,10,3,18,9,26,83,39,8,21,7,2,19,13,49,6,8,105,8,80,11,53,2,25,11,86,0,10,12,29,5,82,8,3,25,51,110,11,18,8,70,12,7,0,28,402,14,45
"COG3442",120,38,65,12,12,12,26,5,100,20,91,54,9,22,33,15,167,54,44,117,9,71,39,86,30,26,8,46,34,40,70,49,10,19,94,119,92,32,212,30,54,46,34,55,11,7,115,14,83,12,37,19,37,62,24,29,96,446,41,152
"COG3443",30,15,11,1,8,9,177,29,5,15,1,26,7,4,14,8,52,15,46,46,4,3,12,3,22,31,18,79,9,15,34,6,22,135,12,12,21,15,9,11,12,23,21,25,52,12,5,15,46,17,12,3,15,4,33,5,5,27,4,43
"COG3444",446,40,139,84,91,73,143,55,64,269,65,219,50,83,114,107,204,80,231,288,87,68,343,124,124,74,64,41,83,69,62,70,95,568,61,212,177,25,355,74,96,55,140,237,80,211,63,69,67,119,57,115,114,54,73,89,42,314,45,148
"COG3445",4,0,0,0,4,7,2,6,4,28,0,10,4,3,1,3,3,0,14,2,4,3,6,0,10,7,6,1,2,0,0,0,2,85,0,2,0,1,0,1,2,2,0,6,3,12,0,5,3,1,3,1,4,3,1,0,0,14,1,0
"COG3447",0,0,2,4,7,19,3,6,3,0,2,31,6,8,0,22,2,2,53,1,6,1,6,0,6,23,16,1,4,0,1,2,4,164,0,6,0,0,0,0,7,4,0,0,13,21,0,2,3,1,4,1,11,4,2,2,1,25,3,0
"COG3448",0,0,20,2,0,1,0,4,2,37,1,4,0,1,2,0,5,0,4,0,10,3,2,18,0,0,1,0,4,0,0,0,1,0,0,0,6,0,0,4,0,2,4,0,3,0,1,1,0,0,4,0,2,2,3,2,0,4,10,9
"COG3449",5,316,144,411,502,31,131,40,42,331,388,79,25,173,20,366,73,208,328,38,286,156,142,38,66,177,433,64,378,63,26,152,153,68,20,63,17,4,0,60,38,33,98,6,48,177,21,21,68,144,108,76,302,106,96,55,49,24,51,12
"COG3450",0,0,0,0,5,0,0,2,3,15,0,0,0,3,0,0,0,1,3,0,0,0,3,0,12,0,0,0,1,0,1,0,1,0,1,0,0,0,0,1,0,4,1,0,1,0,0,0,0,0,8,0,4,1,2,0,1,1,0,0
"COG3451",1518,3132,2558,2910,1680,1580,3401,2470,3224,2408,2629,2526,2290,4057,2515,2716,2551,2305,1511,1149,3579,3145,3473,3239,3129,2274,2160,2480,3223,3263,3081,2530,3444,1910,4222,3498,2155,1361,1235,3557,3102,3582,2042,2144,2193,1879,3548,1440,2880,2527,3793,2880,2617,2741,3183,3742,3069,817,2769,3040
"COG3452",293,42,142,24,69,23,58,27,162,39,94,39,16,44,125,6,135,209,60,109,36,178,73,188,118,111,21,106,73,214,194,35,11,2,115,71,97,46,97,98,30,65,28,161,104,6,99,29,47,99,31,21,60,177,59,25,206,33,60,153
"COG3454",0,7,8,15,7,25,5,18,4,29,0,13,0,10,2,16,3,4,20,3,13,16,26,13,4,23,12,11,7,8,6,14,24,154,1,5,2,2,0,5,15,10,8,1,6,28,3,3,7,4,14,18,13,7,14,9,40,13,0,2
"COG3455",1,0,0,1,17,7,2,7,1,58,0,9,2,2,5,22,0,1,4,0,5,1,5,0,12,9,14,0,4,1,0,0,2,52,0,2,0,0,0,0,2,1,0,0,2,6,1,0,3,0,0,1,2,0,0,0,0,11,0,0
"COG3456",0,0,0,0,1,5,1,0,0,0,0,8,0,0,0,3,0,0,0,0,1,0,3,0,7,0,4,0,3,0,0,1,4,172,0,4,0,0,0,0,0,2,0,1,3,16,1,1,0,1,1,3,4,0,0,0,0,24,0,0
"COG3457",28,24,29,16,12,4,9,8,65,14,18,29,1,18,5,16,17,33,45,8,11,10,23,23,5,33,23,8,17,25,13,32,16,167,27,45,9,3,39,22,32,33,16,13,23,16,6,2,9,9,23,9,42,4,26,12,19,52,16,26
"COG3458",188,204,214,536,434,483,337,587,298,196,393,172,458,327,262,388,173,163,339,244,270,266,210,311,146,186,513,380,332,173,179,330,438,2,158,225,282,230,75,209,181,243,287,628,348,486,100,199,359,371,313,350,137,207,237,347,220,76,386,146
"COG3459",796,607,876,344,123,840,278,673,784,132,467,350,814,500,1319,70,1093,801,278,393,165,818,632,816,691,349,197,692,342,926,1098,444,288,28,1386,201,353,999,788,1243,297,812,168,1116,563,4,687,493,408,651,344,223,546,975,322,267,1366,141,738,1084
"COG3460",0,0,0,0,1,1,0,8,0,21,0,6,2,0,0,0,0,1,8,0,0,0,0,0,2,5,8,1,0,0,0,0,1,41,0,0,0,1,0,0,0,2,0,0,2,4,0,1,1,1,1,0,3,1,2,3,0,7,1,0
"COG3463",95,51,26,2,33,10,52,17,27,15,27,15,1,12,6,15,37,4,32,74,4,54,27,28,64,35,6,131,56,63,70,7,9,34,34,9,107,11,94,14,17,17,18,36,17,29,24,7,38,74,13,30,28,3,44,33,57,1,11,70
"COG3464",454,945,658,1175,3332,154,894,1262,1255,544,1892,1253,287,2285,589,1515,849,1061,486,983,3660,837,735,1949,833,408,586,898,850,554,1358,813,1825,983,873,589,1445,4813,1518,1641,889,1468,603,687,922,1886,1210,1897,296,558,1727,3564,602,1145,922,846,255,608,906,743
"COG3467",168,218,249,243,181,229,205,128,261,193,290,218,165,265,148,320,220,220,264,163,187,170,146,679,290,216,363,222,265,175,217,284,277,49,191,281,326,229,231,199,212,306,229,286,216,272,250,175,160,181,278,297,343,165,283,277,221,329,279,240
"COG3468",32,204,463,688,193,655,283,158,176,123,46,884,169,315,127,406,103,106,289,140,391,255,696,624,151,496,585,319,319,500,143,317,388,2615,82,202,28,53,89,119,774,212,252,114,166,1464,93,16,253,214,326,549,169,229,620,618,896,372,56,58
"COG3469",1,0,5,5,0,0,0,2,0,0,0,16,0,76,0,0,5,3,0,0,0,0,0,5,1,1,4,0,2,0,29,1,7,0,4,5,0,0,0,0,7,0,0,1,0,1,3,0,2,103,1,0,5,7,0,3,1,0,0,1
"COG3470",9,0,1,4,1,4,6,4,5,2,28,13,5,1,7,0,4,0,1,14,1,1,3,0,9,2,10,1,6,0,1,2,0,5,5,8,21,3,130,0,10,5,0,4,8,17,1,0,9,0,3,4,10,0,0,0,0,235,0,0
"COG3471",5,0,3,1,2,0,9,0,4,0,0,4,0,0,0,0,7,1,6,0,2,0,3,0,25,2,0,1,2,0,0,0,0,0,0,1,0,4,0,0,1,0,0,15,4,0,3,1,2,1,2,0,0,0,0,3,0,0,1,0
"COG3472",245,89,38,0,145,2,11,5,256,39,70,94,86,11,90,9,175,22,357,109,16,62,29,79,7,54,50,20,8,73,59,21,26,0,30,106,38,24,79,59,40,38,32,30,273,1,42,21,75,25,54,1,20,201,29,13,273,34,22,76
"COG3473",1,0,2,0,1,0,4,2,1,0,1,0,0,6,1,0,0,29,0,0,2,0,0,2,1,2,1,0,2,0,0,0,4,3,1,0,0,0,0,15,0,0,7,1,1,1,0,1,12,1,1,10,0,0,7,7,9,0,2,0
"COG3475",645,397,568,445,820,581,296,429,376,284,502,338,577,321,530,468,638,736,519,686,255,549,298,582,508,679,316,572,504,420,227,127,113,38,97,171,274,241,117,146,99,200,170,233,149,178,192,395,149,228,137,225,141,309,227,106,373,55,245,196
"COG3476",86,37,37,46,118,4,50,19,50,42,42,53,2,66,9,68,60,33,41,34,78,56,42,100,82,38,49,91,59,51,66,41,45,8,57,49,40,13,35,126,24,39,27,38,63,40,56,48,79,56,34,77,5,46,45,37,56,29,52,79
"COG3477",0,0,0,2,1,4,4,2,0,0,0,22,1,0,0,3,2,0,3,26,1,1,0,0,3,1,8,0,4,0,0,1,1,198,0,7,0,1,0,0,4,1,0,5,1,4,0,1,0,0,1,0,7,0,0,0,0,10,0,0
"COG3478",0,0,0,1,0,1,1,1,1,5,0,0,0,2,1,0,7,1,0,1,0,0,6,2,0,0,1,0,3,0,0,3,0,1,10,4,0,0,0,1,1,0,3,0,1,8,4,9,0,0,0,0,1,0,2,15,2,0,0,3
"COG3479",0,0,0,0,0,4,0,4,0,53,0,0,2,1,0,8,0,0,4,1,4,1,1,0,0,1,0,0,0,0,0,0,0,0,0,0,1,0,31,0,4,0,1,0,0,1,1,2,2,0,0,0,0,0,3,0,0,2,0,0
"COG3480",7,3,0,1,0,13,3,0,16,3,42,10,0,0,10,0,13,0,16,125,0,3,1,16,2,3,0,2,1,16,3,8,0,2,14,9,43,3,159,65,21,8,8,7,2,4,22,1,0,1,5,4,6,0,0,0,15,333,0,25
"COG3481",464,171,330,70,89,66,147,140,304,121,186,218,82,165,208,98,442,269,159,292,114,295,353,270,296,173,86,229,145,308,447,168,134,184,312,156,262,108,174,270,140,248,153,312,109,145,259,165,198,185,144,143,233,254,189,179,472,140,192,416
"COG3484",0,0,0,0,4,3,0,0,0,45,0,0,0,0,0,0,0,0,2,0,3,0,0,0,0,0,1,0,0,0,0,0,0,0,0,0,0,0,0,0,0,0,0,0,0,0,1,1,1,0,0,0,0,0,3,0,0,0,0,0
"COG3485",1,0,0,5,2,4,0,8,0,92,0,0,0,0,0,2,0,0,3,0,5,1,0,0,0,2,0,0,0,0,0,0,0,1,0,0,0,0,0,0,0,2,1,0,0,0,4,3,3,0,0,0,0,0,1,0,0,1,0,0
"COG3486",1,0,0,6,3,0,2,0,1,13,0,87,11,0,1,30,0,0,0,2,0,0,0,0,0,0,26,1,0,0,0,2,0,506,0,0,0,0,0,0,4,0,1,0,0,36,4,0,0,0,1,5,0,1,0,19,0,19,1,0
"COG3487",6,187,81,159,116,72,57,22,31,134,202,115,39,128,12,127,20,169,29,15,106,92,118,45,81,91,142,99,120,43,101,275,169,0,45,124,53,41,0,96,161,184,152,6,79,146,84,78,69,137,104,73,188,123,172,151,84,10,76,70
"COG3488",13,110,62,74,53,428,30,171,47,102,77,82,231,48,252,98,18,106,60,12,108,69,46,43,71,62,74,173,73,66,214,244,203,0,168,128,211,535,4,114,328,290,203,288,203,144,247,175,255,164,173,119,135,195,240,254,138,11,321,132
"COG3491",0,0,0,0,0,4,0,18,0,117,0,0,0,0,0,4,0,1,4,0,7,2,0,0,0,0,0,0,0,0,0,0,0,0,0,0,0,0,0,0,0,3,2,0,0,0,0,2,7,0,0,0,0,0,1,0,0,1,0,0
"COG3493",42,55,31,3,5,52,119,34,32,187,12,20,18,76,6,72,10,7,23,137,46,8,19,15,69,32,8,16,18,15,38,8,57,36,15,12,14,6,138,34,12,19,11,12,18,112,5,25,24,18,10,156,68,8,38,70,76,11,7,24
"COG3494",1,18,46,16,27,15,17,12,30,25,9,70,10,19,28,28,17,5,9,70,20,8,28,61,2,11,6,20,23,30,12,9,12,0,2,6,32,5,116,25,38,20,18,4,8,69,8,18,13,11,22,17,24,7,26,56,17,6,49,15
"COG3496",0,0,0,0,0,3,0,4,0,36,0,0,0,0,0,0,0,0,0,0,3,1,0,0,0,0,0,0,0,0,0,0,0,0,0,0,0,0,0,0,0,1,0,0,0,0,0,0,3,0,0,0,0,0,2,0,0,0,0,0
"COG3497",12,215,47,53,49,41,52,36,40,89,6,233,15,64,6,116,25,251,34,121,93,137,305,49,9,113,68,62,42,25,84,35,85,61,19,30,10,400,0,52,82,28,172,24,100,148,45,32,35,292,63,53,75,34,38,52,82,52,62,61
"COG3498",4,7,11,19,5,19,6,14,20,48,1,143,14,8,5,32,5,31,8,30,36,78,117,10,6,19,8,27,10,17,15,6,13,5,22,12,9,0,0,27,10,8,3,3,8,5,19,8,6,18,24,7,24,10,5,16,21,26,27,10
"COG3499",1,0,0,4,6,5,1,2,2,40,0,21,9,5,0,16,0,0,5,0,2,3,0,0,4,9,0,0,4,0,0,0,0,0,0,9,0,2,0,0,0,2,0,0,3,6,0,1,0,0,1,3,3,0,2,0,0,9,0,0
"COG3500",9,201,43,75,37,51,56,24,52,100,11,245,28,51,2,97,7,104,39,90,68,153,232,28,6,83,97,52,34,19,81,37,70,44,16,25,15,137,1,36,44,31,161,18,78,41,41,32,21,159,56,47,64,18,57,41,48,51,47,35
"COG3501",6,64,85,263,386,58,249,27,45,385,15,155,29,726,19,215,13,200,195,55,208,136,23,21,523,341,151,90,737,77,38,112,428,563,212,141,65,205,2,641,81,636,156,16,141,209,99,23,240,121,323,328,135,112,219,23,191,82,33,94
"COG3503",31,36,49,23,2,4,22,12,86,14,24,38,11,41,15,9,58,54,52,6,9,27,115,40,57,34,10,43,21,49,36,44,22,0,109,106,42,11,32,24,38,46,19,30,19,19,91,6,105,30,52,17,11,38,28,27,73,2,52,46
"COG3504",2,1,7,0,1,6,8,40,5,67,1,57,18,0,1,6,6,22,4,0,2,12,6,79,7,2,1,1,2,19,0,12,12,30,2,0,2,0,93,8,6,1,0,1,0,0,3,11,5,0,3,0,14,0,11,18,9,60,17,1
"COG3505",1244,2244,1996,1863,3377,1595,2671,1763,2708,2593,1996,2667,2877,2565,1795,2390,1824,1987,1930,1034,2215,2420,3180,3241,2168,1951,2104,2032,2652,2586,2100,2280,2683,1511,3137,2693,1477,1255,859,2963,2512,2702,1899,1470,1795,1419,3268,1446,3519,1878,2692,1944,2103,2050,2678,2670,2369,737,1810,2150
"COG3506",95,68,70,106,173,26,34,35,103,121,54,33,6,58,401,106,48,36,210,49,49,74,32,114,147,30,101,37,75,49,62,92,141,4,59,36,178,322,4,39,64,43,62,89,46,134,48,62,22,67,34,14,111,32,36,45,41,19,32,154
"COG3507",1740,2330,1901,3682,2609,1836,2613,2778,1224,3139,2584,1426,3600,2595,2965,4304,1370,1995,2380,1898,2533,3067,1686,1366,1525,2021,4226,2440,3768,1784,1617,2877,2729,227,1331,1775,2252,2566,784,1677,2407,3410,1875,2580,3041,3462,1287,3518,2812,3566,3776,3101,2358,1912,2270,2461,1471,3983,2111,1996
"COG3509",58,7,50,82,0,0,7,14,144,18,23,17,164,8,402,1,35,11,2,121,4,7,15,42,81,11,1,16,18,15,17,12,2,0,54,14,9,444,0,28,81,35,9,297,94,0,22,51,5,4,46,27,0,24,16,85,13,2,286,14
"COG3512",69,62,58,43,32,17,19,25,42,63,58,42,75,58,18,77,84,53,51,18,73,21,23,66,61,42,37,29,18,56,48,103,38,0,68,54,69,166,37,88,39,22,95,53,26,79,58,65,79,74,8,30,94,77,48,33,28,15,24,88
"COG3513",216,275,114,99,112,57,73,34,132,186,185,97,226,232,85,177,321,137,88,50,106,135,103,122,88,38,93,58,41,159,262,688,282,3,386,321,490,1583,252,348,297,169,336,251,109,560,324,473,300,444,39,212,891,669,437,204,490,179,819,597
"COG3514",0,0,0,0,4,3,0,2,0,0,0,2,1,0,0,0,0,1,1,0,1,0,0,0,0,1,0,0,0,0,0,0,1,72,0,1,0,0,0,0,0,0,0,0,1,9,0,0,0,0,0,0,1,0,0,0,0,1,0,0
"COG3515",0,0,1,7,26,42,7,24,4,90,0,83,12,9,5,76,5,2,14,4,1,7,13,0,29,30,31,2,10,1,1,2,20,445,0,10,3,1,0,3,12,6,3,5,13,78,3,5,7,2,6,1,26,5,10,1,5,64,4,2
"COG3516",0,2,0,1,5,6,1,5,4,27,0,27,7,3,1,15,0,2,6,0,8,3,4,2,7,7,22,4,7,2,1,1,7,89,0,2,1,0,0,1,2,1,3,1,0,16,2,1,2,0,9,1,9,1,7,1,1,9,2,1
"COG3517",1,0,3,9,23,19,2,10,7,69,0,54,12,11,6,43,5,0,8,1,6,3,10,4,30,34,28,5,10,2,0,5,9,275,1,12,3,1,0,3,9,7,1,6,12,26,2,6,8,0,7,2,21,5,14,0,1,33,3,3
"COG3518",0,0,0,1,1,7,0,4,0,13,0,6,0,1,0,17,0,0,3,0,2,0,3,0,9,0,2,0,4,1,0,1,1,26,0,1,0,1,0,0,2,0,0,1,0,3,0,0,2,0,0,1,0,0,1,0,0,1,0,0
"COG3519",2,0,0,12,28,25,7,22,6,76,0,66,13,10,5,31,8,0,14,2,11,3,10,2,33,16,35,2,13,5,1,4,13,568,1,10,2,4,0,2,5,4,3,3,7,30,6,2,10,4,6,2,27,5,19,0,1,40,1,0
"COG3520",2,0,0,3,16,5,6,7,3,92,0,25,7,11,1,32,1,0,7,0,5,0,4,0,17,3,11,2,5,0,0,0,0,308,0,10,0,3,0,2,4,6,0,5,11,15,1,3,6,0,2,1,11,1,3,0,0,20,2,0
"COG3521",0,1,0,5,0,13,1,4,1,57,0,18,0,1,2,22,0,1,5,1,3,0,1,0,10,0,9,0,7,0,0,1,3,102,0,2,0,2,0,0,4,1,2,0,0,7,4,2,4,1,0,0,0,0,1,0,0,11,1,0
"COG3522",0,0,0,7,27,16,2,9,2,107,0,30,2,2,4,35,1,0,12,3,8,1,11,3,31,18,21,0,11,1,1,1,6,229,1,2,0,1,0,2,13,7,1,5,3,16,3,2,8,2,5,3,13,0,7,0,1,33,0,2
"COG3523",3,0,1,9,6,13,12,25,3,232,0,56,6,7,14,86,5,3,17,4,14,2,12,0,71,2,17,0,15,2,2,2,8,397,0,14,0,5,0,0,5,7,3,3,11,17,5,4,12,1,2,1,5,4,4,0,3,29,0,1
"COG3524",1,0,2,6,9,18,0,12,1,4,1,0,9,7,0,21,2,1,3,0,4,20,6,1,13,0,30,2,8,1,0,1,3,15,2,1,2,1,0,0,15,3,2,3,2,21,0,1,1,0,9,6,9,2,8,3,1,21,1,0
"COG3525",753,2512,1658,4583,4976,994,2903,2395,1917,2073,2765,2038,2454,3181,835,4299,1434,2689,4741,713,4787,2702,1864,1975,3111,3327,4892,1778,3238,1593,1491,3167,3835,312,1661,2831,1655,942,974,1978,3321,2687,3221,2051,2746,4466,2078,4115,3998,3604,2826,3378,3703,2318,2789,2693,1162,831,2863,2126
"COG3526",0,0,0,0,0,4,0,2,0,8,0,0,0,0,0,0,0,0,0,0,4,0,0,0,1,0,0,0,0,0,0,0,0,0,0,0,0,0,0,0,0,0,0,0,0,0,0,0,0,0,0,0,0,0,0,0,0,0,0,0
"COG3527",6,2,3,1,5,7,1,7,13,44,29,36,0,0,6,3,3,3,5,62,3,1,1,0,1,1,0,1,0,3,2,1,0,0,0,0,8,0,214,2,0,5,7,1,4,3,2,0,4,0,0,0,2,2,10,1,0,0,0,0
"COG3528",1,14,0,0,0,0,0,0,16,0,0,0,0,0,0,0,0,0,0,0,0,0,0,0,0,1,1,0,0,0,0,0,0,0,0,0,1,0,0,2,0,0,0,2,0,0,0,0,2,0,4,0,0,0,0,0,0,0,26,0
"COG3529",0,0,0,0,0,0,0,1,0,4,0,2,1,0,0,1,0,0,2,0,1,0,0,0,0,2,4,0,0,0,0,0,4,36,0,1,1,0,0,1,1,0,0,0,0,4,1,2,0,0,0,0,2,1,0,0,1,5,0,0
"COG3530",0,0,0,4,2,4,2,4,2,11,0,5,1,2,0,3,0,0,5,1,2,0,1,0,2,3,3,0,1,0,0,0,1,52,0,2,0,0,0,0,1,1,0,0,2,5,0,1,0,1,0,0,5,1,0,0,0,4,0,1
"COG3533",921,1520,1225,3163,2384,541,1765,2470,1360,2115,1271,1196,1626,2498,1247,2796,980,1386,1792,1188,1283,1959,1204,1338,1190,1365,2699,1579,2451,1048,1148,2037,2266,181,898,1227,1330,1904,750,1312,1966,1737,1595,1020,2064,1636,528,1516,1976,3068,2377,2106,1516,1507,1635,1634,862,1989,1847,1305
"COG3534",781,1046,963,1433,1024,253,918,1920,839,940,920,790,2889,1035,2320,1190,574,1013,947,1030,737,1178,675,706,567,752,1444,838,1152,1158,773,1253,878,178,639,843,895,2239,437,744,1540,900,895,2034,1555,994,408,1798,1148,1551,1204,918,1215,833,1018,1005,713,1796,1468,785
"COG3535",38,39,24,0,4,12,41,2,37,9,7,16,12,6,18,4,11,27,0,64,14,7,7,7,8,0,3,6,16,12,6,35,7,29,18,0,18,1,1,2,13,9,7,7,4,2,6,2,24,3,6,9,6,7,21,7,12,392,4,8
"COG3536",3,5,4,1,5,0,5,2,2,5,1,7,0,0,0,0,1,0,1,0,0,8,4,0,15,5,0,0,3,7,0,0,3,0,1,0,2,0,0,4,8,4,1,1,4,1,3,0,0,0,2,0,0,1,2,9,2,0,1,0
"COG3537",633,4716,2541,6709,6603,3274,4026,2791,1671,4143,3441,2045,3841,3846,583,5360,1518,3152,5690,1134,3895,3517,2702,2040,3057,3574,6232,2537,4748,1622,1973,5386,4177,29,2279,3462,2553,778,738,2738,4971,2625,4033,1155,3117,6906,2409,3106,3923,4989,3438,3172,4616,3171,4719,4344,1941,583,2867,2724
"COG3538",38,533,209,644,325,506,160,488,143,202,677,221,692,491,293,523,218,282,598,146,529,229,235,123,306,507,749,323,705,255,134,792,502,29,280,415,180,69,219,269,479,312,476,255,420,647,291,586,492,465,349,343,509,341,805,619,365,504,669,166
"COG3539",10,1,6,47,87,116,29,122,50,509,5,299,107,37,5,105,37,9,258,15,65,22,44,0,38,123,236,0,39,0,0,12,45,1656,4,61,1,6,0,4,40,19,6,0,62,241,5,44,37,11,17,33,133,9,18,4,5,256,6,2
"COG3541",17,9,30,5,21,5,1,239,20,18,15,48,83,3,4,24,46,27,7,139,9,8,17,13,13,7,31,44,25,57,30,29,18,120,21,16,18,139,17,17,17,11,38,75,23,81,12,23,3,21,9,16,29,32,37,26,13,3,15,57
"COG3542",1,9,15,0,1,2,0,3,6,6,7,24,1,4,4,0,5,4,4,9,4,3,3,4,0,4,24,11,18,37,20,19,3,2,36,6,13,0,19,8,11,2,5,4,6,4,4,2,1,21,7,2,12,1,9,6,8,81,2,2
"COG3543",45,34,23,0,2,7,79,5,34,10,56,8,8,45,28,10,67,37,25,40,6,40,9,23,59,20,13,28,14,29,37,34,27,18,69,53,35,33,7,11,19,25,9,22,27,3,55,23,68,52,16,7,37,14,25,17,34,10,27,45
"COG3544",4,18,12,3,25,0,8,3,0,1,5,10,0,4,8,6,2,3,1,1,9,2,4,22,10,0,0,42,10,2,19,2,5,57,2,1,3,1,0,1,0,1,20,3,13,29,1,4,6,3,4,0,25,1,4,7,4,2,4,24
"COG3545",0,0,0,0,0,0,0,0,14,0,0,0,0,0,0,0,55,0,0,2,0,0,0,0,0,0,0,0,0,0,1,9,0,0,4,0,8,0,16,65,0,0,0,0,0,0,28,0,0,0,0,0,0,1,0,0,14,0,0,0
"COG3546",129,114,129,43,88,10,64,30,93,101,100,102,19,78,45,47,153,159,85,68,32,125,96,123,149,75,73,110,82,118,126,154,174,109,215,129,75,33,67,279,73,93,61,72,93,96,102,39,130,143,54,64,186,74,141,155,178,76,56,177
"COG3547",2413,855,1223,1249,2243,2868,751,857,1992,1227,1522,1888,6334,760,1470,810,1308,1584,651,835,1962,1389,1417,1880,949,1887,2613,2303,851,1852,1149,1004,1341,1730,1207,1216,1368,2174,533,1351,1514,2229,1742,1270,2737,1284,1586,6121,1356,842,776,460,1211,906,1217,1109,767,983,648,1112
"COG3548",1,0,6,12,1,0,0,2,6,0,0,0,0,0,1,12,4,2,5,129,0,1,2,7,0,2,13,0,0,2,0,0,0,4,1,1,9,1,12,0,0,6,9,10,7,33,0,1,0,0,1,0,0,0,2,1,0,38,1,6
"COG3549",0,2,5,1,1,6,1,1,4,1,0,3,0,0,3,8,8,0,4,1,4,0,7,3,2,3,1,4,5,6,0,2,0,2,0,5,0,3,0,0,13,3,2,3,4,0,4,0,1,1,2,1,8,1,3,0,1,7,3,1
"COG3550",494,410,759,1636,782,778,413,637,540,789,465,876,1398,1376,731,1304,530,667,530,547,1409,1012,250,828,375,662,471,454,536,769,926,596,596,134,318,625,313,1397,130,561,654,465,834,949,838,673,887,1290,521,927,331,600,502,1102,716,1004,761,170,411,667
"COG3552",0,0,1,0,0,0,0,0,2,0,0,0,0,0,0,0,0,1,0,0,0,0,3,0,0,0,0,0,0,10,1,1,0,0,47,3,8,0,0,0,0,4,0,0,0,0,0,0,0,0,1,2,0,0,2,0,2,0,0,0
"COG3555",0,0,0,1,2,2,0,7,0,46,0,0,2,0,0,0,0,0,1,0,4,0,0,0,0,0,0,0,0,0,0,0,0,0,0,0,0,0,0,0,0,1,1,0,0,1,1,1,1,0,1,0,0,0,4,0,0,1,1,0
"COG3557",13,1,0,3,0,0,2,0,5,5,0,1,1,1,11,1,21,5,13,0,0,3,3,3,2,3,0,11,1,1,4,14,0,3,8,2,4,0,12,108,0,0,21,17,1,4,12,1,2,2,1,2,2,2,0,0,23,7,5,34
"COG3558",1,0,0,1,1,1,0,1,0,30,0,0,0,0,0,0,0,0,0,0,1,0,1,0,0,0,0,0,0,0,0,0,0,0,0,0,0,0,0,0,0,0,0,0,0,0,0,0,0,0,0,0,0,0,0,0,0,0,0,0
"COG3560",27,107,90,231,215,21,165,46,77,72,132,165,4,145,23,211,70,146,112,104,259,115,102,134,60,166,217,64,191,95,68,164,185,3,36,124,32,13,109,108,131,147,199,18,143,180,53,105,175,155,213,214,152,151,148,128,86,44,74,55
"COG3561",6,12,27,19,32,0,1,0,24,24,79,84,26,15,4,12,17,45,20,36,24,48,13,6,18,28,38,1,10,48,33,9,48,15,13,29,44,6,0,23,31,8,86,9,5,28,39,41,61,17,14,7,25,11,99,13,53,47,32,267
"COG3562",0,0,0,7,5,9,3,6,3,5,0,0,6,4,0,9,2,0,3,0,1,15,3,5,14,0,17,3,5,0,0,0,5,11,0,0,0,0,0,5,14,2,3,2,1,14,0,1,1,2,11,2,10,2,8,3,22,17,1,0
"COG3563",0,1,0,19,10,16,1,6,1,0,0,1,12,0,2,28,2,2,5,1,5,20,7,7,18,0,14,1,16,0,1,2,6,31,1,5,2,0,0,3,24,4,2,4,4,21,0,1,2,1,9,0,5,2,12,4,1,34,0,1
"COG3566",16,4,68,0,2,13,13,26,2,0,0,18,6,2,8,1,30,8,0,1,32,27,11,2,26,3,17,28,73,46,47,20,1,1,1,16,14,2,3,3,2,28,25,1,13,1,15,2,27,1,0,529,8,0,11,6,8,0,29,3
"COG3567",29,8,55,0,3,9,5,32,7,1,69,17,7,2,20,1,15,1,2,0,86,17,11,2,67,0,27,12,47,82,33,21,2,0,24,1,6,0,0,8,3,109,11,2,13,2,29,2,11,1,0,438,19,4,16,9,15,0,28,17
"COG3568",54,328,165,338,416,197,259,77,171,202,276,187,23,276,35,370,138,239,201,109,434,262,234,255,183,276,423,149,328,176,315,711,823,99,384,903,239,188,114,610,593,412,702,169,770,1462,454,395,690,657,768,912,606,624,945,698,449,114,693,313
"COG3570",1,1,4,5,2,7,8,12,2,91,0,2,1,0,0,11,1,1,0,6,5,0,0,0,2,3,0,0,13,5,0,0,16,14,7,1,1,0,0,115,0,6,15,0,3,0,1,0,0,23,0,19,8,5,2,2,15,5,3,7
"COG3572",28,9,16,5,2,12,0,2,20,8,73,20,0,3,20,5,43,10,31,38,24,23,14,10,10,22,1,5,10,14,18,14,0,0,54,27,53,4,244,16,28,23,11,24,5,1,14,2,49,6,7,6,18,12,8,24,16,478,29,12
"COG3575",0,0,0,0,0,5,0,0,0,0,0,0,0,0,2,1,0,0,1,0,0,0,0,0,1,0,0,0,0,0,0,0,0,0,0,0,0,0,0,0,0,0,11,4,0,3,0,1,0,0,0,0,0,0,0,0,0,0,0,0
"COG3576",6,5,1,4,6,6,5,12,1,27,17,8,0,3,1,2,2,1,5,110,1,2,6,0,3,3,0,0,0,1,0,2,1,0,1,8,20,0,80,5,5,13,1,0,0,1,2,4,2,3,1,18,3,0,2,0,2,139,0,6
"COG3579",195,498,331,658,538,803,484,454,271,343,714,510,551,563,512,759,287,405,604,871,634,347,479,299,401,515,675,485,650,306,211,585,757,5,287,454,582,400,726,1023,543,614,518,464,562,406,533,619,505,373,716,684,457,546,570,491,357,1290,500,347
"COG3580",1210,748,981,288,308,155,938,1157,758,397,573,553,333,564,1582,285,1244,663,367,1060,279,712,779,829,734,567,249,720,475,776,764,597,248,329,948,593,1039,874,1464,1009,440,706,254,1110,616,432,651,289,516,777,443,428,720,754,522,682,1140,1055,991,1077
"COG3581",1026,655,1003,354,319,174,515,1117,754,352,561,564,321,447,1531,249,1100,572,393,877,250,673,552,810,673,531,222,730,485,747,699,508,205,318,814,496,910,800,1484,946,441,583,249,1053,500,421,553,266,383,584,343,435,718,658,475,620,1087,1057,874,1058
"COG3583",79,65,124,38,27,13,159,35,212,22,116,107,43,115,101,23,199,135,61,121,40,80,230,110,86,75,43,41,53,97,97,97,109,0,234,234,157,103,298,194,94,93,20,81,51,23,142,25,182,91,117,27,103,91,52,79,166,51,151,154
"COG3584",138,109,166,42,77,22,193,59,245,69,112,134,58,146,97,79,273,146,70,176,99,99,259,290,76,110,39,127,74,212,168,107,105,90,289,259,159,117,241,186,127,129,55,112,78,95,159,38,60,110,154,58,126,122,91,108,213,68,168,155
"COG3585",25,2,6,2,3,0,7,0,4,6,2,3,0,2,3,2,4,1,2,2,2,10,5,2,10,2,0,3,3,5,2,1,1,0,5,11,0,4,2,4,0,2,0,9,1,1,3,0,1,0,1,2,2,2,4,1,2,6,0,5
"COG3586",34,14,77,76,134,7,105,4,65,71,20,51,0,23,10,68,39,3,85,1,34,40,6,47,6,48,74,12,34,11,6,28,28,0,20,174,15,5,126,7,49,6,10,72,26,23,43,31,10,29,29,10,206,203,10,16,51,47,12,45
"COG3587",240,348,456,118,867,799,874,600,172,430,433,108,620,1054,290,294,300,162,138,614,348,135,150,132,257,242,236,608,370,265,396,335,560,2,287,320,416,875,259,380,257,404,109,437,318,204,117,266,123,316,340,313,342,240,211,186,611,104,431,273
"COG3588",0,0,20,0,12,0,3,1,0,0,1,3,0,1,0,13,4,3,0,1,3,0,1,0,0,5,0,1,2,0,1,0,6,23,34,0,0,1,0,19,0,0,12,6,3,31,8,2,4,1,1,2,7,0,2,1,0,6,2,35
"COG3589",57,0,34,1,30,2,7,10,28,25,3,53,4,3,25,33,55,14,17,310,20,2,11,41,4,13,0,4,12,27,4,2,15,45,20,41,32,8,133,8,36,47,21,51,7,59,1,7,12,6,8,3,16,10,6,18,29,145,21,34
"COG3590",299,517,414,578,375,1455,430,1067,474,437,510,714,1619,453,1713,612,234,451,508,1216,666,361,268,396,386,457,583,661,485,730,384,469,666,84,313,392,623,1124,664,299,760,432,629,596,817,459,531,919,434,422,609,567,373,390,550,532,248,871,759,366
"COG3591",26,24,21,7,5,8,53,15,42,46,10,59,12,2,16,9,72,45,26,8,5,34,57,5,17,26,28,12,5,25,50,51,37,94,8,21,7,69,0,12,13,35,0,17,12,13,15,6,15,27,10,1,36,26,21,4,49,16,29,42
"COG3592",0,2,5,1,1,6,2,4,2,14,0,3,4,4,2,9,0,0,5,0,5,4,0,6,1,3,3,0,2,5,1,2,7,71,0,2,0,0,0,0,1,1,2,0,1,14,0,1,2,0,1,1,4,4,3,0,2,12,0,0
"COG3593",346,59,280,278,142,561,394,544,273,157,144,273,67,73,55,190,220,37,434,252,93,98,104,200,74,141,69,169,103,87,174,105,68,937,244,170,201,1000,315,247,59,63,227,54,338,186,267,154,41,130,101,589,187,216,90,178,82,117,120,199
"COG3594",145,239,411,425,463,490,150,79,306,394,335,323,524,182,417,553,328,439,341,125,444,399,207,442,286,223,600,344,215,244,301,485,304,37,210,473,121,430,94,171,187,252,193,314,187,562,365,549,471,515,301,112,510,467,196,452,231,94,341,418
"COG3595",5,6,14,4,2,2,17,0,0,0,8,8,1,1,3,3,0,5,0,0,0,0,7,12,6,7,6,4,5,4,13,1,0,4,18,4,0,1,0,7,14,20,0,19,9,0,23,3,21,1,3,9,2,30,3,48,49,19,0,1
"COG3596",5,17,14,9,8,41,8,90,124,3,1,25,323,5,26,0,8,12,24,1,3,56,9,13,67,52,34,107,10,11,17,19,42,186,0,6,4,1,2,1,1,2,3,10,2,17,4,13,20,2,1,5,11,2,0,1,0,19,0,14
"COG3597",9,5,1,0,0,0,0,12,0,4,2,0,5,1,9,0,3,10,2,1,1,21,0,6,69,5,0,106,0,7,23,20,22,0,2,0,1,8,6,0,3,11,0,17,0,0,9,0,4,2,0,1,6,2,2,1,2,0,6,12
"COG3598",25,25,9,40,3,0,4,1,13,5,24,47,4,5,48,1,143,39,21,61,15,57,88,5,4,43,3,2,9,18,30,16,18,40,11,56,12,3,50,47,9,15,0,49,9,1,15,1,35,19,0,36,34,15,1,23,16,166,91,24
"COG3599",61,44,86,21,28,15,81,26,133,39,76,64,14,37,61,13,144,65,38,217,19,62,133,87,27,68,13,33,27,105,94,70,26,3,151,84,96,51,180,224,46,74,70,82,27,12,129,17,51,59,53,23,49,93,48,25,130,74,56,128
"COG3600",52,35,81,13,143,26,12,349,65,3,26,41,5,40,70,1,82,32,34,23,84,26,27,85,50,9,98,161,31,28,46,68,361,0,37,6,84,45,79,28,44,12,35,51,16,65,65,53,48,13,47,28,89,30,63,112,54,12,189,93
"COG3601",308,146,189,54,56,36,135,44,178,64,165,101,61,125,119,48,248,178,124,189,58,118,224,140,184,126,49,123,96,134,74,42,43,45,86,86,75,37,109,28,48,77,31,53,46,24,61,33,68,56,50,36,66,69,43,33,71,123,49,68
"COG3602",0,12,9,46,22,0,0,0,0,7,4,3,0,5,1,4,1,2,0,0,6,16,3,1,3,0,26,1,4,1,4,3,14,0,3,20,0,1,0,7,3,0,2,2,2,1,2,1,3,30,4,1,1,3,2,2,1,0,0,0
"COG3603",8,9,28,3,14,7,19,4,2,4,6,5,2,6,6,11,8,3,1,6,6,8,18,25,15,7,6,1,5,10,12,5,12,15,6,3,24,7,13,7,3,10,8,14,5,41,5,6,3,3,8,29,13,6,7,14,26,0,3,7
"COG3604",27,217,212,245,208,118,182,288,242,269,102,161,120,529,259,205,112,284,208,37,337,210,270,195,292,379,300,245,198,162,210,194,286,643,217,164,158,117,44,161,226,380,151,289,194,173,237,118,235,74,321,424,318,134,361,313,85,103,227,89
"COG3605",1,1,1,7,8,14,3,123,20,101,0,18,9,6,2,18,3,0,23,1,8,3,4,1,0,16,15,0,7,9,17,1,0,190,0,4,0,2,0,3,4,1,1,0,4,17,0,5,3,2,0,1,12,1,7,3,0,25,1,2
"COG3608",287,83,181,64,60,55,140,64,100,70,102,87,14,51,53,20,117,84,61,52,40,135,104,181,126,108,32,195,116,184,202,90,57,45,176,102,89,26,104,64,40,68,49,127,96,131,116,73,80,70,44,151,69,119,90,113,228,49,83,135
"COG3609",1,1,1,1,1,3,0,0,11,0,0,18,0,6,0,0,1,0,1,1,8,0,0,8,1,0,0,0,0,3,0,0,0,73,6,6,0,0,0,6,0,1,4,0,2,0,1,0,0,0,0,0,1,5,1,7,1,8,1,1
"COG3610",176,89,129,138,149,36,94,98,123,135,72,162,32,125,82,130,148,104,182,138,112,105,203,129,152,131,131,90,123,134,55,51,35,91,52,73,40,34,46,26,40,32,68,43,45,98,48,54,43,58,73,27,105,48,40,59,47,27,38,40
"COG3611",52,2,3,2,1,5,4,0,12,9,0,12,4,0,13,0,45,6,12,168,1,1,6,53,8,2,0,15,3,13,7,19,2,4,25,8,15,1,35,173,7,1,24,40,13,7,23,1,4,3,3,2,3,4,2,3,38,102,4,39
"COG3613",1,1,10,5,1,4,11,3,6,1,3,19,0,4,2,0,2,5,3,131,1,2,3,18,3,4,2,3,0,10,1,10,20,6,14,10,14,1,17,4,8,10,0,0,0,2,22,1,0,0,1,29,7,6,0,9,8,158,3,1
"COG3615",5,0,2,4,7,4,6,7,3,53,0,4,6,3,10,6,9,0,14,0,3,4,2,0,14,8,6,0,1,0,0,0,4,70,0,3,1,3,3,0,2,1,4,12,3,11,5,4,3,2,2,1,8,0,0,2,0,10,3,1
"COG3616",21,18,17,43,65,14,45,13,37,95,7,17,1,28,6,57,5,17,8,18,33,28,16,21,23,40,26,14,22,15,32,16,35,87,27,22,11,4,0,13,38,26,74,17,28,63,10,17,14,9,39,40,14,11,35,50,19,6,12,13
"COG3617",154,187,283,228,168,212,44,440,198,70,214,249,462,86,520,238,179,162,264,178,121,310,240,364,243,297,145,322,106,392,270,105,201,83,202,43,175,478,101,92,414,54,108,253,381,239,383,355,106,211,92,676,115,41,309,425,194,62,497,364
"COG3618",0,0,1,1,20,13,2,3,3,2,29,0,0,9,1,25,8,0,10,3,1,1,5,0,4,2,1,1,5,1,0,1,2,2,5,15,3,0,215,11,8,6,2,1,5,28,1,3,0,2,4,2,5,1,4,3,5,0,1,14
"COG3619",132,53,118,37,41,12,67,16,79,42,59,61,21,56,50,18,130,88,68,71,32,87,81,69,74,65,20,64,43,79,260,140,96,131,173,231,217,138,150,116,115,181,86,183,98,131,224,95,189,183,102,84,151,155,115,134,209,366,132,211
"COG3621",2,3,103,0,2,0,0,0,0,116,0,0,1,20,0,0,0,0,0,0,0,0,0,79,1,0,0,0,1,0,0,0,0,0,0,2,0,5,0,0,0,1,0,4,0,0,0,0,1,0,0,0,0,0,0,0,0,0,0,46
"COG3622",16,21,22,27,18,13,40,14,22,40,20,48,16,45,4,84,10,11,37,17,15,28,20,23,18,69,49,2,22,7,12,12,29,240,8,21,5,4,0,21,18,3,36,3,22,22,9,15,7,23,10,10,14,5,27,18,7,27,9,5
"COG3623",27,29,4,8,23,31,18,26,21,109,32,27,3,7,7,35,14,13,50,7,11,9,22,15,16,32,48,6,19,33,2,2,17,270,28,21,3,2,47,9,8,3,11,7,16,77,9,6,15,8,10,32,21,3,16,19,6,73,4,14
"COG3624",0,2,0,3,5,9,3,8,1,16,0,5,0,3,0,5,0,1,7,0,6,1,1,0,0,7,15,2,2,0,0,2,0,83,3,2,1,0,0,3,3,0,1,0,2,4,0,0,6,2,2,3,5,3,8,2,2,9,0,0
"COG3625",0,10,6,20,4,21,3,7,3,11,0,12,1,8,3,10,1,6,13,2,7,7,20,12,0,15,25,6,8,15,2,6,9,57,5,3,1,4,0,3,19,2,8,2,6,22,4,0,11,3,21,23,6,7,19,5,14,10,3,0
"COG3626",1,13,8,19,2,22,11,16,4,53,2,9,0,16,2,14,7,1,22,0,8,14,18,20,0,26,30,24,13,14,6,13,21,99,3,6,1,0,0,5,23,11,17,8,9,34,4,1,20,8,17,28,9,14,36,24,20,5,2,0
"COG3627",0,17,9,20,4,26,13,18,4,41,0,39,1,14,10,12,3,2,18,4,15,20,23,14,0,26,30,17,5,17,4,11,18,148,5,4,2,2,0,1,26,10,9,0,8,29,7,4,18,7,17,19,15,14,31,21,34,19,2,2
"COG3628",1,6,6,13,3,7,9,9,3,40,1,51,0,4,2,16,2,30,5,2,10,7,1,2,4,5,15,1,7,11,8,5,2,1,9,10,1,1,0,16,1,0,44,1,8,11,5,2,1,40,1,3,6,8,11,7,0,14,3,5
"COG3629",18,42,15,0,15,2,3,3,96,2,12,71,1,15,11,102,11,21,4,0,8,10,8,8,2,15,7,1,16,11,13,5,8,213,5,25,31,5,0,24,10,16,21,9,11,32,11,4,7,9,10,21,7,9,34,9,30,0,30,3
"COG3630",0,0,0,0,1,2,0,3,0,16,0,0,0,0,0,1,1,0,2,0,0,0,0,0,2,0,0,0,0,0,0,0,0,0,0,0,0,1,0,0,0,0,0,0,1,0,3,0,2,0,0,0,0,1,0,0,0,0,0,0
"COG3633",282,78,202,56,121,56,336,205,230,196,110,154,19,152,151,87,226,130,108,221,93,175,392,144,127,165,35,130,57,115,126,99,107,175,111,127,144,96,226,113,72,218,65,112,97,30,92,69,96,124,129,88,112,87,78,117,228,349,119,152
"COG3634",68,255,148,350,255,57,344,125,165,238,293,180,16,432,52,346,167,258,280,83,342,256,186,136,270,358,347,116,402,96,226,328,487,233,137,209,198,28,97,192,224,263,323,43,248,245,119,163,279,292,369,361,244,352,352,309,179,75,182,137
"COG3635",132,395,193,331,221,489,256,359,274,208,274,251,481,290,345,391,166,379,311,165,370,189,196,200,342,259,359,259,337,320,174,295,363,125,246,329,305,293,108,149,404,336,253,193,323,282,199,403,399,278,405,367,253,249,304,321,181,75,389,232
"COG3636",0,0,0,0,0,0,10,0,1,1,10,4,0,0,1,0,0,0,0,0,1,1,3,3,0,3,0,2,1,7,0,1,10,0,0,7,10,0,8,4,0,7,0,0,1,0,10,0,0,0,1,0,0,0,0,0,3,23,0,1
"COG3637",5,1,2,9,10,23,7,22,13,103,0,62,16,1,4,30,3,2,21,2,10,4,7,0,15,14,48,2,12,16,3,1,6,717,1,15,1,8,2,1,3,2,5,4,8,25,8,7,7,2,3,7,28,5,6,2,0,83,4,3
"COG3638",26,35,52,28,45,21,13,13,23,56,39,44,1,28,13,16,24,89,18,95,28,64,50,57,25,80,28,71,23,47,35,25,15,109,36,32,17,9,16,18,66,27,24,21,16,26,23,28,33,29,25,19,29,26,65,33,42,75,20,20
"COG3639",52,95,63,25,49,35,12,27,44,80,60,57,2,39,21,25,32,181,41,165,40,107,54,76,28,92,24,94,36,55,51,26,27,103,84,37,28,1,31,39,85,45,33,40,34,42,41,48,59,33,36,22,38,44,85,34,79,104,41,30
"COG3640",247,51,52,21,34,21,72,23,130,47,68,36,23,48,43,22,127,121,39,61,20,82,86,87,51,77,12,103,59,164,69,42,20,34,197,95,87,24,85,47,56,73,18,78,23,12,36,18,35,39,28,26,48,46,61,13,67,85,48,57
"COG3641",234,80,141,43,47,15,160,57,120,120,76,79,8,136,62,54,197,137,62,262,35,130,229,92,107,138,17,100,70,77,117,87,44,74,161,124,106,50,99,92,54,125,57,120,72,70,74,44,70,129,97,78,111,114,105,128,119,36,76,134
"COG3643",15,169,88,191,105,11,184,38,108,75,147,49,13,211,17,218,79,166,54,13,254,152,91,69,63,141,213,57,216,72,70,191,265,46,97,122,45,11,25,98,100,205,204,11,110,166,56,72,211,153,251,271,123,166,227,139,106,12,118,32
"COG3645",142,155,346,193,183,413,46,500,216,51,239,449,340,70,478,271,107,163,106,188,231,202,131,257,100,170,227,290,126,350,295,88,618,89,216,80,152,884,64,98,341,47,161,286,350,211,389,389,143,188,106,71,168,129,388,415,248,125,485,186
"COG3646",26,10,64,19,21,188,10,11,58,13,38,99,18,8,9,154,74,9,23,11,135,88,119,11,48,140,33,131,21,23,110,10,844,25,23,16,16,431,126,7,28,17,96,85,10,10,20,1,23,53,35,24,11,94,128,7,28,16,141,79
"COG3647",0,0,0,2,4,10,3,0,2,0,2,1,1,3,0,2,2,0,4,8,1,1,2,0,1,0,5,0,1,0,0,3,0,21,2,1,4,3,0,1,9,6,0,0,0,2,0,0,0,1,1,7,3,5,1,0,0,5,0,0
"COG3649",66,80,209,79,96,92,116,224,98,27,134,202,15,47,70,126,185,94,55,121,106,87,253,183,71,39,79,341,75,85,85,79,85,116,70,66,61,11,42,68,66,98,59,194,54,129,70,44,106,100,57,44,134,150,64,34,67,25,75,80
"COG3650",3,1,1,0,3,0,0,0,0,0,6,0,0,0,3,0,0,13,0,0,1,1,0,0,11,0,3,3,0,1,2,5,0,0,5,0,0,2,0,4,1,10,0,4,3,0,2,21,16,7,0,0,0,1,2,2,3,0,4,0
"COG3653",139,64,44,23,52,12,32,26,145,131,38,74,9,45,22,68,18,73,11,81,32,16,52,47,23,53,24,86,73,54,35,63,49,109,87,46,44,6,117,44,102,66,82,22,85,367,13,33,29,25,51,64,43,29,75,121,48,12,66,32
"COG3654",94,67,97,34,52,131,40,40,75,181,34,138,30,35,16,21,84,135,41,34,48,63,25,60,27,41,63,39,25,63,111,28,7,37,86,57,113,66,2,55,73,63,52,64,82,46,62,72,104,34,55,70,14,38,65,50,68,83,30,155
"COG3655",153,112,162,48,139,25,92,36,124,83,170,153,14,97,61,118,203,122,126,98,133,89,112,165,116,83,91,131,71,246,129,118,112,36,188,122,131,27,117,104,88,133,114,65,67,65,126,80,66,65,97,137,117,151,105,89,100,113,88,188
"COG3657",2,0,3,0,0,4,0,0,1,0,12,2,0,0,0,3,0,0,0,0,0,1,1,0,0,2,0,0,0,0,0,2,5,0,1,7,6,3,0,0,0,4,0,0,4,0,7,0,0,0,0,0,0,3,1,0,0,10,0,0
"COG3659",0,0,0,1,2,1,0,8,0,51,0,0,0,0,0,0,0,0,0,0,5,3,0,0,0,1,0,0,0,0,0,0,0,0,0,0,0,0,0,0,0,3,0,0,0,0,0,2,3,0,0,0,0,0,2,0,1,0,0,0
"COG3660",0,8,0,0,0,0,0,0,7,0,1,0,0,0,0,0,0,0,0,0,0,0,0,0,0,0,0,0,0,8,5,0,0,0,0,0,2,0,0,0,4,0,0,0,0,0,0,0,0,0,1,0,1,0,0,0,0,0,24,0
"COG3661",142,150,183,186,190,65,365,516,155,231,190,101,529,261,527,389,56,252,366,191,267,240,176,126,67,177,223,98,288,257,197,311,232,8,98,183,185,429,13,87,310,306,228,668,301,493,78,331,185,370,351,253,155,311,130,197,91,5,280,106
"COG3662",0,0,0,0,0,2,0,6,0,32,0,0,0,0,0,2,0,0,0,0,1,1,0,0,0,0,0,0,0,0,0,0,0,0,0,0,0,0,0,0,0,1,1,0,0,0,0,1,0,0,1,0,0,0,1,0,0,0,0,0
"COG3663",195,202,252,180,270,302,168,217,251,170,209,228,249,209,172,199,208,207,203,172,241,160,194,204,214,215,178,254,192,172,235,206,151,160,161,136,290,192,187,104,213,183,183,217,230,176,231,280,256,197,191,181,196,229,153,172,222,70,225,168
"COG3664",55,94,60,25,45,2,37,11,87,107,68,98,7,65,52,13,211,67,216,22,32,211,94,88,136,55,106,64,18,129,89,107,8,36,123,120,31,68,119,71,74,83,105,124,66,7,90,66,57,113,55,19,168,52,43,22,106,95,73,65
"COG3665",0,4,1,2,19,4,2,2,2,1,4,0,1,6,10,2,2,0,3,0,4,4,0,3,13,0,1,0,1,9,29,1,7,17,3,1,1,11,0,0,0,0,6,5,0,25,4,22,15,7,6,0,2,1,4,6,9,1,2,0
"COG3666",1271,1437,1298,620,308,552,588,2663,594,783,607,471,1966,394,395,373,359,426,745,2218,730,834,356,690,381,775,639,1052,620,582,1182,852,1937,593,1514,929,2752,4218,2217,1034,1534,1609,1143,2489,4752,593,694,4776,1569,493,3807,1792,478,781,1313,1168,1393,439,1550,2229
"COG3667",0,0,0,0,5,0,0,9,1,0,0,0,0,0,0,0,0,0,5,0,2,0,1,0,1,0,0,0,0,0,0,0,0,0,0,4,0,0,0,0,0,0,2,0,1,0,1,3,1,0,0,0,8,1,5,0,0,0,0,0
"COG3668",9,13,11,12,5,2,0,7,6,4,7,25,8,3,5,1,4,6,0,2,1,7,68,1,12,3,18,0,0,8,9,14,2,90,2,19,0,3,0,6,4,21,6,35,2,5,0,6,0,1,1,0,3,12,14,9,6,12,2,10
"COG3669",867,1851,887,2396,2415,987,1578,1158,1366,1868,1500,1310,1737,2112,858,2187,1101,1435,2410,348,2769,2104,1057,1286,2359,1853,2048,1114,1766,1006,1119,1789,2419,218,1157,1875,1023,585,813,980,1745,1798,2025,941,1572,1914,1806,2164,2873,2381,1423,1886,1783,1728,1646,1607,987,562,1361,1779
"COG3671",3,3,3,1,4,0,0,1,4,6,3,2,1,0,1,1,0,0,1,0,0,5,4,1,8,6,0,2,1,2,0,0,6,0,1,1,1,1,0,2,8,1,2,2,5,2,0,0,0,0,4,0,0,1,0,5,1,0,0,1
"COG3672",0,2,0,0,0,0,0,2,0,2,0,0,0,2,0,0,0,0,2,0,0,4,3,4,0,0,2,1,1,1,0,0,1,0,6,0,0,0,0,1,0,1,3,1,1,0,0,1,0,0,2,3,8,1,1,2,0,0,0,1
"COG3675",0,0,39,0,0,0,0,0,0,0,0,13,0,0,13,30,2,0,0,0,25,0,0,48,0,0,1,0,8,0,0,0,0,0,0,0,20,0,0,2,1,0,6,0,0,0,0,0,0,0,0,5,0,1,0,4,2,0,10,31
"COG3676",7,64,29,159,9,45,78,55,42,20,76,29,20,93,2,168,22,126,65,17,32,95,253,33,34,35,225,78,73,32,87,141,108,0,60,71,10,1,3,14,78,22,114,6,77,207,17,69,103,84,146,51,4,17,272,25,68,27,77,21
"COG3677",88,143,27,63,28,200,55,42,23,56,21,112,28,65,18,373,15,61,135,23,189,31,33,74,72,162,68,16,78,54,44,18,20,626,34,26,100,54,0,33,13,12,235,96,94,51,143,32,207,179,74,53,201,48,24,95,419,94,112,11
"COG3678",0,0,3,7,8,18,3,27,6,158,0,23,5,3,1,20,1,0,20,1,14,2,6,0,3,12,22,0,3,0,0,1,5,176,1,3,0,2,0,0,3,7,1,0,10,15,4,9,5,2,7,4,9,0,10,0,1,27,1,0
"COG3679",5,0,1,0,0,1,3,0,0,0,0,1,0,0,3,0,5,0,5,57,3,3,1,0,2,0,0,4,0,1,0,0,0,0,1,0,0,0,22,0,1,0,15,5,0,3,1,1,1,1,1,0,1,0,0,0,0,43,0,3
"COG3680",8,26,1,0,0,30,2,3,2,102,28,15,16,0,3,0,4,0,1,2,66,14,5,16,1,0,0,0,6,1,4,2,0,294,1,1,78,57,18,2,1,0,6,0,2,0,3,354,0,1,3,0,4,1,1,23,1,0,1,76
"COG3681",487,369,379,412,511,744,701,569,439,572,434,491,661,504,494,565,432,464,403,463,554,400,565,386,381,476,398,474,427,418,337,483,541,471,314,370,451,492,615,335,483,467,481,509,496,479,496,596,438,406,547,666,347,337,404,554,307,195,440,337
"COG3682",240,133,190,121,147,35,127,69,226,76,114,181,28,65,58,61,236,195,138,115,188,151,208,240,176,136,77,114,96,195,201,127,44,155,237,154,123,73,91,142,110,164,189,107,141,82,168,120,218,158,108,95,324,148,146,73,209,104,118,222
"COG3683",2,0,0,0,1,2,7,4,0,35,0,0,0,0,1,0,4,1,3,1,1,1,0,0,14,1,0,1,4,0,0,0,0,0,0,0,0,4,0,0,0,2,0,2,1,0,5,0,2,0,0,3,4,0,4,5,0,1,1,0
"COG3684",1,0,0,4,9,25,8,7,0,0,0,6,4,1,1,24,1,3,6,0,4,1,7,1,9,6,8,4,4,1,0,1,1,175,0,7,1,1,0,0,2,0,14,3,2,26,0,0,3,1,0,2,5,1,0,2,0,47,1,0
"COG3685",0,0,2,4,14,11,2,16,6,91,0,30,8,1,0,1,0,0,48,2,11,7,9,2,4,24,19,0,1,1,0,0,4,167,1,11,0,1,0,0,4,2,1,0,12,28,1,8,3,2,2,0,16,1,1,1,1,30,4,0
"COG3688",660,230,381,134,141,53,391,160,341,150,254,161,38,309,175,83,617,345,206,361,84,416,551,257,371,275,64,226,225,307,464,218,118,200,503,316,356,194,272,203,158,434,113,336,184,102,298,120,259,304,246,140,250,273,226,214,453,153,241,386
"COG3689",137,40,59,9,37,23,52,17,82,41,55,53,14,25,51,39,99,45,42,71,25,62,47,93,46,53,19,21,68,101,95,20,28,142,120,61,23,16,195,61,14,22,57,65,56,92,54,18,36,54,35,69,54,96,60,23,166,69,30,63
"COG3691",4,0,0,3,6,5,3,9,3,29,0,14,5,2,3,4,9,0,31,2,6,2,2,0,26,9,20,1,6,0,0,0,2,52,0,1,0,0,0,0,0,0,0,6,2,4,3,0,0,3,2,1,2,0,3,1,0,10,1,1
"COG3692",1,0,0,0,3,2,1,1,1,0,0,11,0,2,0,2,0,0,12,0,2,0,0,0,1,17,0,0,0,0,0,0,0,70,0,1,0,0,0,1,0,0,0,0,4,10,1,0,0,0,0,0,7,2,0,0,0,14,0,0
"COG3693",186,211,139,175,105,62,140,312,125,224,192,68,278,88,381,252,81,229,265,173,221,242,83,95,170,138,178,129,272,251,328,218,138,58,162,152,201,330,6,105,230,340,267,526,197,213,126,355,218,182,447,196,115,292,106,147,119,10,251,359
"COG3694",10,6,14,3,25,3,1,1,3,6,18,15,4,0,35,3,17,4,17,0,0,5,15,23,4,13,1,2,8,17,14,6,4,9,27,11,23,2,3,2,28,14,38,18,4,33,35,4,2,6,3,6,27,29,10,35,31,19,1,34
"COG3695",25,127,73,115,183,28,122,36,62,85,130,105,4,114,11,155,40,110,76,34,149,82,81,102,64,123,130,50,146,87,61,118,156,101,41,89,46,17,55,90,81,105,129,21,104,125,47,97,107,97,124,169,103,110,127,110,63,133,73,33
"COG3696",223,999,570,2292,1513,1595,1208,431,453,1195,891,588,874,1081,732,2111,269,669,1398,672,1714,1119,676,471,834,1111,1728,872,1546,611,721,1089,1154,158,669,789,805,252,72,476,1396,1087,1782,525,1091,1460,714,1022,1184,1849,1135,968,2044,780,1126,1033,421,159,739,551
"COG3697",38,35,32,3,22,71,119,24,31,58,16,20,0,63,13,58,90,22,26,65,19,12,29,18,43,34,6,45,26,28,22,20,16,104,13,26,26,27,77,14,16,19,14,16,60,88,92,34,33,62,15,49,30,13,31,69,29,24,2,17
"COG3698",5,0,0,4,7,6,7,4,0,4,0,16,7,6,0,1,7,1,10,5,2,0,2,0,13,12,15,0,4,0,0,2,4,204,0,4,1,1,1,1,2,0,0,4,5,14,1,3,3,1,3,3,12,1,0,0,1,19,0,1
"COG3700",3,0,0,0,10,16,10,16,3,47,0,24,10,3,1,10,8,3,44,3,7,3,2,0,21,11,23,2,6,0,0,1,1,189,0,3,0,6,0,1,3,0,1,6,3,24,2,0,6,1,1,2,10,3,1,1,0,18,0,0
"COG3701",0,0,9,0,0,9,3,39,4,1,0,28,2,0,2,0,0,2,6,0,8,13,0,35,0,0,0,2,8,3,0,12,0,0,3,0,3,0,74,0,6,0,11,1,0,0,1,1,0,0,5,0,19,0,16,14,0,0,3,0
"COG3703",0,1,1,2,7,4,2,5,2,20,0,6,2,3,0,9,2,1,9,1,5,1,1,0,0,17,6,0,2,0,0,0,1,77,1,1,0,0,0,0,5,2,0,0,2,14,1,0,1,1,0,2,7,2,1,1,0,8,0,0
"COG3704",5,1,2,0,0,0,2,1,2,0,0,1,7,0,0,5,1,0,0,0,0,2,5,6,3,0,0,0,3,7,0,0,9,21,0,0,0,0,0,2,0,0,1,0,0,0,1,3,3,0,0,0,0,1,1,0,4,0,0,0
"COG3705",284,120,188,87,93,47,102,48,230,81,177,131,37,106,126,74,296,191,113,155,79,236,161,234,239,159,82,188,135,205,243,117,63,95,162,201,186,104,334,110,98,187,63,201,97,91,225,70,181,114,81,122,143,178,128,122,249,106,74,250
"COG3706",1749,3182,2242,5829,4218,1285,2114,4356,1862,4175,2374,2287,3320,3475,3742,4832,1341,2644,3299,1328,3129,3639,1729,2321,1519,2445,5841,3146,4044,2426,2399,4166,3591,232,1712,2932,1730,3438,473,2383,3087,2057,2391,2824,3195,5994,1316,3425,3803,6288,3867,2861,2937,3412,3032,3051,2329,309,3111,2023
"COG3707",56,53,78,38,35,16,113,31,87,16,121,83,14,51,45,28,114,51,32,98,49,70,149,72,28,53,18,39,41,75,25,26,20,9,29,50,40,23,105,14,20,37,6,19,13,17,31,7,28,26,27,28,24,29,22,24,20,105,22,34
"COG3708",69,50,84,28,79,3,31,4,84,15,21,39,44,30,16,16,73,54,42,2,9,80,60,94,36,35,10,112,51,75,61,23,23,82,69,77,23,20,17,36,63,49,88,55,15,109,64,14,11,27,44,5,43,10,30,29,109,23,11,52
"COG3709",1,0,0,3,2,8,2,7,4,28,0,2,0,2,0,6,1,1,14,0,3,2,2,2,0,11,8,1,0,0,0,2,0,82,2,2,0,0,0,0,1,6,1,0,3,13,0,1,2,1,2,1,9,0,4,0,2,8,0,1
"COG3710",1,0,1,24,48,67,12,24,2,162,2,82,43,6,3,31,5,0,45,4,17,4,21,0,13,26,102,0,20,0,1,8,16,672,1,17,0,4,0,2,5,5,2,0,22,152,1,4,8,3,3,9,37,5,6,2,0,127,4,1
"COG3711",1239,158,544,261,357,265,350,172,255,555,364,382,119,347,405,441,889,644,454,679,242,214,809,366,489,403,200,161,281,303,290,224,364,1763,405,550,327,164,1087,221,189,316,536,476,251,1292,298,244,153,431,282,265,477,284,433,308,264,942,281,964
"COG3712",630,2423,2426,5289,6859,1290,2947,1989,1827,2724,2739,3015,1384,3425,1159,5053,1087,2094,3602,853,3690,3077,1912,2551,1625,2750,5142,2337,3965,1989,1409,4769,3186,23,1166,3458,1293,894,594,2668,2775,1517,4077,1521,2912,6239,903,2258,2921,4132,3214,3353,3754,2794,3256,2639,1197,487,2218,1910
"COG3713",1,3,0,3,4,20,9,9,4,136,0,26,7,9,0,11,3,2,35,1,14,0,1,0,4,33,11,0,21,0,0,1,8,261,0,13,0,0,0,0,3,0,13,0,6,46,0,11,3,1,3,14,24,1,5,36,0,24,3,1
"COG3714",0,0,0,9,6,13,2,11,2,39,0,15,3,6,1,13,0,0,24,1,10,2,12,0,2,11,18,0,7,0,1,12,3,102,0,0,0,1,0,0,4,0,3,0,4,14,0,5,3,0,1,2,10,0,2,2,0,18,0,2
"COG3715",542,50,194,128,123,106,276,97,94,298,66,221,53,172,178,144,273,95,168,275,111,98,446,155,151,101,65,54,138,100,91,68,145,681,88,284,238,44,388,83,119,81,136,274,123,265,84,94,78,206,86,142,144,53,126,177,67,326,83,197
"COG3716",586,52,216,111,122,118,210,80,95,356,84,237,64,150,161,142,230,96,190,359,113,111,445,164,151,110,47,81,127,122,79,86,162,713,84,273,234,37,423,77,107,71,174,286,112,298,85,99,110,178,78,111,124,68,122,158,66,418,64,214
"COG3717",214,305,269,453,287,572,406,379,258,280,260,253,542,333,485,412,201,367,375,203,493,335,321,230,326,342,461,423,444,261,285,388,345,215,215,265,227,347,89,153,360,362,274,329,412,347,205,538,575,487,471,382,292,341,311,367,241,80,334,226
"COG3718",39,27,66,12,35,10,19,17,53,66,54,41,21,18,42,13,30,70,19,0,70,33,24,91,66,41,14,25,33,46,21,24,24,28,52,74,27,10,36,28,25,25,35,42,31,23,20,6,79,13,36,26,31,26,32,20,30,2,47,77
"COG3719",2,0,0,4,10,9,4,9,3,50,0,21,5,3,0,15,4,1,23,2,2,0,2,0,16,14,13,1,2,1,0,0,6,176,0,6,0,2,0,0,3,2,1,9,3,19,4,2,4,5,2,2,11,3,1,1,1,21,1,1
"COG3720",0,0,0,7,2,15,0,9,0,35,0,0,5,0,1,20,0,0,1,0,6,0,5,0,2,0,18,0,4,0,0,0,0,13,0,1,0,0,0,0,7,1,0,0,0,21,0,4,4,0,0,1,0,0,1,1,0,16,0,0
"COG3721",1,1,2,7,12,15,4,13,8,11,3,1,4,5,1,9,1,1,4,4,0,11,10,3,19,2,8,3,14,6,0,2,1,6,2,0,7,0,0,6,3,17,0,0,3,45,3,0,1,1,5,7,11,1,7,4,2,11,1,1
"COG3722",5,0,1,6,10,19,4,17,4,37,0,24,13,7,0,17,8,1,36,4,7,1,4,0,4,23,26,0,7,0,0,0,8,298,0,7,0,0,0,0,4,2,1,0,7,30,3,11,0,0,1,4,20,2,7,0,0,28,3,0
"COG3723",46,13,83,86,53,9,7,77,51,21,67,45,14,27,23,176,32,61,22,39,111,10,75,62,64,10,44,3,113,61,150,32,226,149,79,112,74,1,26,22,28,40,104,8,74,70,52,59,86,32,63,21,5,162,120,42,122,23,45,451
"COG3724",0,0,0,4,5,5,2,17,2,104,0,6,2,2,0,4,1,1,9,0,6,3,1,0,1,6,8,0,1,0,0,0,4,126,0,4,0,0,0,0,3,4,0,0,4,8,0,2,2,0,4,1,7,0,0,0,0,13,2,0
"COG3725",1,0,0,4,10,13,2,10,4,47,0,11,6,2,0,18,2,0,12,2,3,0,3,0,3,9,7,0,2,0,0,0,5,100,0,3,0,0,0,0,0,2,0,0,4,11,1,4,2,0,1,1,6,1,1,2,1,11,0,1
"COG3726",1,0,1,4,3,3,6,10,3,45,0,3,1,6,3,8,6,1,9,0,4,2,3,0,12,6,6,1,2,0,0,1,0,61,0,4,0,0,0,1,0,1,0,2,1,8,2,6,4,0,2,0,7,1,5,1,0,13,0,0
"COG3727",90,58,176,114,157,121,112,67,121,119,217,181,136,67,129,16,234,118,176,155,55,112,56,213,111,77,58,171,72,177,110,146,213,125,130,105,144,122,219,108,116,121,184,141,175,138,219,188,158,77,207,277,98,42,114,97,47,203,177,198
"COG3728",22,33,42,11,22,9,14,24,18,5,18,62,11,17,10,5,80,42,25,6,66,22,53,38,54,7,26,14,29,69,34,25,19,42,21,32,89,7,174,26,4,38,8,24,7,8,26,8,47,6,11,30,45,12,22,23,90,25,32,65
"COG3729",0,0,0,2,3,3,2,4,1,17,1,8,3,0,0,4,1,1,11,0,4,0,2,0,0,2,2,0,1,0,0,0,5,56,0,2,0,0,0,0,1,0,0,0,2,6,2,3,1,0,1,0,4,0,2,0,0,5,0,0
"COG3730",12,1,17,4,4,12,12,12,3,41,3,29,6,6,24,13,14,0,22,3,5,7,9,50,6,12,9,0,14,1,4,1,1,78,4,9,19,8,51,5,8,1,4,5,11,8,5,4,1,5,5,3,17,1,5,2,3,11,18,22
"COG3731",8,0,18,2,4,7,6,8,1,49,4,20,2,6,10,16,18,1,17,1,11,2,8,32,5,14,5,2,13,1,4,5,1,73,2,9,11,2,80,9,9,1,11,9,4,10,4,11,7,9,2,1,5,2,1,0,1,15,10,18
"COG3732",14,0,18,7,9,15,6,15,1,113,9,17,3,8,38,25,21,2,29,5,13,3,14,54,2,11,6,0,25,4,0,4,3,83,9,14,40,2,98,3,15,3,9,12,2,14,4,3,6,8,3,6,14,6,11,4,2,26,35,28
"COG3733",0,0,1,0,11,9,2,18,3,74,0,23,17,0,0,3,4,5,39,2,10,1,0,0,8,25,21,0,1,0,0,0,7,257,1,6,0,1,0,0,0,2,0,0,6,17,2,3,4,1,6,0,18,2,3,1,3,19,4,0
"COG3734",16,9,2,20,45,42,9,32,3,182,4,57,10,15,4,52,14,8,41,10,15,5,7,2,9,32,33,4,27,88,12,1,17,397,74,18,4,2,31,34,35,12,7,17,19,43,6,8,9,7,4,17,28,4,13,11,10,52,1,4
"COG3735",9,97,87,116,94,288,15,20,19,84,97,77,111,103,12,92,36,67,37,7,72,92,42,11,24,45,282,204,94,46,36,121,81,144,28,91,141,9,1,62,54,34,93,59,85,205,19,25,74,82,63,71,113,67,73,85,63,26,66,61
"COG3736",0,0,1,1,0,0,6,5,3,48,0,0,5,0,0,2,4,0,2,0,0,1,5,1,1,0,0,0,5,38,0,1,6,13,1,0,0,0,0,4,0,4,1,0,0,0,6,0,5,0,1,0,3,0,0,0,3,56,0,0
"COG3738",21,30,29,18,36,10,83,25,56,9,29,34,16,29,18,14,54,20,27,31,5,24,21,57,42,30,14,23,3,30,48,18,19,99,11,20,21,10,93,84,14,21,52,38,18,6,18,14,35,44,27,9,10,17,9,17,20,22,42,53
"COG3740",18,57,14,40,96,12,6,44,8,7,55,66,10,14,37,46,23,51,33,159,19,73,120,36,31,30,92,27,78,26,71,45,837,62,42,34,40,10,85,44,37,37,32,13,67,33,30,29,15,30,27,60,70,15,42,13,17,12,47,57
"COG3741",0,0,2,2,0,0,0,0,10,0,0,0,0,0,4,0,1,0,0,0,0,1,1,1,0,0,0,6,0,7,9,1,0,1,0,1,15,0,1,0,0,0,9,0,0,7,0,0,0,1,0,0,2,0,0,1,0,4,0,0
"COG3744",0,5,0,0,5,0,2,0,0,4,0,2,1,4,1,7,1,0,0,1,7,0,0,4,3,1,0,13,1,4,0,7,8,0,0,2,2,0,0,9,10,0,6,2,11,0,0,3,0,7,0,0,1,8,9,9,1,1,3,4
"COG3745",10,1,5,1,0,0,1,0,51,0,0,9,11,26,2,0,0,22,14,7,2,0,0,4,14,5,5,0,6,0,5,2,3,16,19,0,4,0,1,0,17,2,3,2,16,8,9,1,58,26,0,0,2,4,0,0,2,0,1,3
"COG3746",23,133,66,266,337,13,185,75,86,104,134,108,112,209,10,285,77,174,534,24,148,146,84,118,168,155,294,132,191,69,198,174,153,0,166,198,91,46,34,97,200,163,229,3,135,199,82,133,120,114,192,240,185,194,133,131,35,7,51,148
"COG3747",18,8,3,13,3,3,6,27,9,8,17,25,0,4,14,14,25,32,17,26,13,22,11,30,18,3,9,6,25,19,52,5,13,7,11,27,5,1,17,30,4,19,40,17,23,26,15,8,6,3,8,9,21,8,10,15,4,44,4,72
"COG3753",0,1,0,5,5,4,1,1,2,0,2,11,2,3,0,6,0,1,14,0,0,0,2,0,0,11,7,0,3,0,0,0,5,96,0,2,0,0,0,0,0,0,0,0,2,9,0,0,0,0,0,0,6,0,0,2,0,7,2,0
"COG3754",262,290,192,194,264,49,217,196,216,84,278,215,566,363,791,400,243,232,496,87,261,324,62,152,240,202,519,184,309,246,163,407,209,8,281,212,205,141,556,127,239,60,297,151,283,467,111,370,303,581,202,296,128,363,100,166,106,45,138,134
"COG3755",0,0,0,0,6,0,7,4,1,19,0,13,5,5,0,1,2,1,23,0,1,3,0,0,0,12,0,0,0,0,0,0,4,93,0,1,0,3,0,0,0,1,0,0,2,0,0,1,3,0,2,0,7,0,2,0,0,1,1,0
"COG3756",0,0,0,0,0,5,1,0,2,0,0,0,1,2,0,0,0,0,0,0,0,0,1,0,1,0,14,0,0,0,0,0,0,0,0,0,0,0,0,0,0,0,0,0,0,15,0,0,0,0,0,0,0,0,0,0,0,0,0,0
"COG3757",758,304,913,237,304,693,226,672,740,264,1251,473,763,373,1077,149,718,611,512,994,211,636,433,585,855,598,348,874,360,1043,800,412,213,350,955,409,789,1114,554,879,389,627,253,1008,558,306,796,511,669,369,285,199,609,518,490,244,779,361,677,1253
"COG3758",0,4,2,9,5,11,4,3,9,46,3,11,7,4,3,24,2,5,18,0,8,1,1,4,2,11,11,2,11,3,4,16,0,98,4,8,6,0,0,1,8,3,3,3,3,44,2,3,7,2,2,11,11,0,12,1,1,16,2,10
"COG3759",4,0,0,0,0,1,0,4,0,21,0,0,0,0,2,0,13,0,5,29,0,1,0,0,0,0,1,2,0,0,0,0,1,0,0,0,15,0,21,0,0,1,15,13,0,6,0,0,0,1,1,0,0,1,1,0,0,5,0,0
"COG3760",182,89,166,38,90,101,55,52,176,45,114,134,25,103,93,45,171,139,140,85,77,141,113,184,100,86,105,107,73,138,177,96,47,68,191,145,105,103,137,119,100,91,118,92,72,146,241,59,83,63,131,93,111,106,98,60,185,68,91,154
"COG3762",1,0,2,0,0,1,11,3,3,0,2,0,0,1,6,2,11,1,2,1,5,10,6,0,12,0,0,1,3,5,0,2,0,0,0,5,0,4,0,5,0,3,38,5,1,0,3,0,2,0,1,0,1,1,3,1,0,1,2,1
"COG3763",9,0,0,2,0,2,0,0,4,1,0,1,3,0,1,1,7,4,3,25,1,0,0,3,2,0,0,1,0,2,0,5,0,0,4,0,2,0,10,25,0,1,6,5,1,6,7,0,0,0,0,0,0,2,0,2,6,5,1,6
"COG3764",359,117,150,65,32,63,66,39,198,110,416,158,40,139,204,62,374,143,99,337,62,246,173,178,139,209,50,66,84,235,281,163,84,69,595,356,454,97,815,270,170,193,98,228,100,70,277,57,45,62,174,77,309,164,144,72,164,1727,177,433
"COG3765",3,1,1,6,16,37,8,30,11,82,1,49,20,7,2,27,6,2,54,7,14,3,13,0,13,24,43,0,9,1,0,1,6,323,3,16,0,6,0,1,8,3,2,1,14,46,2,7,11,6,3,7,35,9,7,1,0,49,2,0
"COG3766",0,0,0,5,4,9,0,2,0,0,0,8,2,1,0,10,0,2,3,2,0,0,1,0,0,3,11,0,3,0,0,1,1,53,2,1,0,0,0,0,0,1,0,0,2,10,0,3,0,0,2,1,6,0,0,1,0,14,0,0
"COG3767",1,0,0,0,0,1,0,0,0,0,0,0,0,0,0,0,0,0,0,0,0,0,0,0,9,0,0,1,1,0,0,0,0,0,0,0,0,1,1,0,0,0,0,1,1,0,0,0,1,0,0,0,0,1,0,0,1,0,0,0
"COG3768",2,0,0,2,3,6,8,7,2,44,0,6,0,4,1,3,7,2,19,1,2,0,4,0,12,13,5,0,1,0,0,2,2,122,0,2,0,4,0,0,0,2,2,4,7,12,4,2,4,0,1,6,5,2,6,0,0,12,2,1
"COG3769",0,0,0,0,0,4,2,2,2,0,0,7,3,3,0,1,0,1,3,1,1,1,2,0,0,1,2,0,3,0,0,0,5,50,0,1,0,0,0,0,3,0,0,0,2,2,0,1,0,0,2,1,0,0,0,0,0,5,1,0
"COG3770",2,0,0,6,3,10,12,28,5,40,0,8,5,1,4,9,8,0,13,2,2,1,2,0,13,9,9,0,3,0,1,0,3,116,0,6,0,2,0,0,3,1,0,4,0,6,5,0,3,1,0,1,3,1,1,0,0,20,2,1
"COG3771",1,0,0,1,5,6,3,1,1,21,0,7,1,0,1,4,0,0,13,0,0,0,2,0,7,7,6,0,2,0,1,1,0,44,0,3,0,2,0,0,1,0,0,2,1,9,0,3,4,1,0,1,5,0,0,0,0,8,0,1
"COG3772",60,33,16,7,38,20,20,32,38,61,9,93,12,12,3,51,1,50,19,3,8,18,39,31,14,176,42,11,22,41,43,35,12,137,4,19,1,0,46,28,11,58,13,7,12,91,16,21,6,17,18,70,16,4,19,18,18,33,10,23
"COG3773",299,177,253,104,121,18,94,73,189,68,128,121,34,90,117,60,296,306,120,86,98,217,141,245,328,187,104,217,174,287,317,147,53,143,404,120,189,85,122,322,79,168,85,245,141,69,315,122,222,206,106,126,150,263,136,145,410,112,147,469
"COG3774",161,170,253,289,736,62,82,420,312,228,275,205,382,220,50,430,327,355,658,312,386,319,223,221,154,253,394,209,308,224,232,301,271,32,221,67,247,125,148,202,285,339,219,801,175,299,308,634,372,354,212,347,279,262,389,228,89,106,201,424
"COG3775",174,254,261,318,252,466,270,466,145,570,403,250,686,290,522,403,146,275,470,220,407,114,168,263,277,283,370,179,330,199,101,255,367,326,147,199,229,473,177,174,219,285,213,382,311,442,162,509,239,247,360,390,237,198,346,323,130,115,371,354
"COG3776",1,0,0,3,2,4,1,3,1,20,0,4,0,1,0,3,1,0,4,0,3,0,1,0,1,2,1,0,1,0,0,0,0,38,0,0,0,0,0,0,1,0,0,0,0,5,0,0,0,0,1,0,1,1,0,0,0,8,0,0
"COG3778",1,0,2,5,3,9,2,33,0,0,4,0,0,2,0,8,1,0,0,4,1,10,0,2,1,2,1,0,0,2,0,7,0,2,4,1,0,1,0,6,1,8,1,0,11,0,0,1,0,1,2,4,5,6,0,5,1,0,0,1
"COG3779",0,0,0,0,1,0,0,0,1,0,0,1,0,0,0,0,0,0,21,0,1,0,0,0,0,9,0,0,0,0,0,0,0,74,0,0,0,0,0,0,0,0,0,0,0,0,0,0,0,1,1,1,4,0,0,0,0,2,0,0
"COG3781",3,0,0,4,3,7,1,9,1,48,0,6,5,2,0,15,2,0,8,2,4,2,1,0,1,2,11,0,0,0,0,0,5,107,0,0,0,0,0,0,6,0,1,0,5,13,0,3,1,0,1,1,4,0,1,0,0,12,1,0
"COG3783",1,0,1,2,4,6,2,10,0,32,0,3,2,2,0,12,0,1,12,1,7,2,0,0,0,6,6,0,2,0,0,2,1,73,0,1,0,1,0,0,0,3,4,0,6,11,1,3,4,0,0,0,4,0,2,0,1,11,0,0
"COG3784",0,0,1,3,2,1,1,7,4,18,0,13,5,2,0,7,2,1,19,0,2,0,0,0,4,5,11,0,0,0,0,0,1,60,1,1,0,0,0,0,0,0,1,0,2,15,0,2,1,1,2,2,9,1,0,0,0,11,0,0
"COG3785",1,0,2,4,3,8,2,5,1,24,0,12,2,2,0,8,0,1,15,1,2,1,0,0,1,9,6,0,2,0,0,0,3,78,0,4,0,2,0,1,4,1,1,0,4,6,0,1,1,0,0,1,7,0,0,0,0,9,0,0
"COG3786",19,25,21,7,22,2,16,16,39,5,23,13,2,2,9,7,38,4,5,0,10,76,6,41,11,8,0,23,17,7,14,15,5,39,9,6,7,3,22,16,9,11,14,17,5,39,31,4,5,1,6,29,17,32,4,6,89,2,31,26
"COG3787",0,2,6,0,3,9,0,8,17,37,4,27,7,7,0,8,8,2,19,0,10,6,6,20,1,10,8,0,3,4,1,4,3,84,2,8,1,0,0,6,15,5,12,1,13,8,3,3,6,0,17,1,4,7,14,12,1,14,8,1
"COG3788",0,0,1,3,5,3,0,10,2,36,0,16,4,1,2,12,1,1,14,1,3,0,1,0,1,9,6,2,2,0,0,2,1,93,0,3,0,1,0,0,1,3,1,0,1,18,0,0,0,0,0,4,9,0,1,0,0,6,1,1
"COG3789",1,0,1,1,4,6,0,0,3,0,0,10,2,3,0,9,3,1,25,1,1,0,1,0,1,11,14,0,4,0,0,0,3,106,0,2,0,0,0,0,2,0,1,0,2,12,0,1,0,1,0,0,8,2,0,1,0,16,0,0
"COG3790",0,0,0,2,3,4,2,2,0,31,0,6,2,1,0,8,2,1,9,2,2,0,1,0,1,6,5,0,2,0,0,0,3,51,0,0,0,3,0,0,1,0,0,3,2,11,3,1,1,0,0,2,0,1,0,0,0,4,0,1
"COG3791",1,0,0,0,1,2,0,11,1,35,0,0,1,0,0,2,2,0,1,0,3,0,0,1,1,1,0,0,0,0,0,0,0,0,0,0,0,0,0,0,0,2,3,1,0,0,2,2,3,0,0,0,0,0,1,0,0,1,0,0
"COG3793",0,0,0,0,1,0,0,0,0,53,0,4,0,0,0,0,1,0,0,0,1,0,0,0,0,0,0,0,0,0,0,0,0,0,0,0,0,0,0,0,0,0,0,0,0,0,0,0,0,0,0,0,1,0,0,0,0,0,0,0
"COG3794",0,0,0,0,0,0,3,0,0,0,0,0,0,0,2,0,2,0,0,1,0,0,0,0,5,0,0,1,1,0,0,0,0,0,0,0,0,3,0,0,0,0,1,2,0,0,2,0,2,1,0,0,2,0,0,0,0,0,1,1
"COG3797",1,2,1,1,6,6,5,0,0,1,0,4,0,2,2,2,16,3,12,1,0,2,3,1,5,0,1,5,0,0,1,1,0,35,17,1,1,0,6,1,6,1,14,3,4,6,0,2,0,0,0,2,1,0,1,0,1,19,0,5
"COG3799",4,4,0,10,4,13,2,4,20,15,1,15,4,1,2,2,0,2,0,2,0,0,4,2,1,2,21,0,13,3,0,3,0,2,3,3,6,0,4,4,4,0,2,5,1,49,1,18,16,0,2,3,5,2,8,72,2,19,6,4
"COG3804",15,8,9,2,12,12,16,3,7,5,13,6,2,5,4,10,24,4,4,3,7,2,15,3,6,17,2,8,6,5,22,17,16,83,107,29,38,2,30,201,26,4,20,51,16,41,43,9,43,8,10,72,26,45,26,40,46,212,12,135
"COG3808",276,571,340,739,422,1081,484,249,258,506,414,293,55,598,119,613,251,565,540,210,775,573,393,290,470,661,619,601,691,319,381,573,504,212,386,567,432,179,81,342,744,620,610,376,430,564,546,744,529,565,778,730,481,473,773,661,382,129,327,379
"COG3811",0,0,1,0,3,1,0,3,0,21,0,1,7,2,0,0,0,0,0,0,0,2,3,2,0,1,0,0,0,0,0,1,1,2,0,0,0,0,0,2,0,1,0,0,3,6,0,0,0,0,2,0,2,1,1,0,0,1,0,1
"COG3815",0,0,0,0,0,1,8,0,2,1,2,14,1,4,0,1,1,1,5,0,0,5,8,7,5,1,1,1,5,0,3,0,5,0,2,2,1,0,9,65,4,0,5,4,3,3,0,1,0,1,1,13,5,12,5,6,9,6,4,13
"COG3817",59,8,6,6,6,10,27,20,8,76,2,10,10,7,15,10,35,37,4,12,13,5,3,11,11,28,5,5,16,12,4,15,7,12,18,20,16,6,40,4,5,22,8,38,8,29,4,29,10,5,14,50,13,0,7,37,14,34,6,8
"COG3819",46,4,1,5,1,5,24,10,3,56,4,17,3,2,11,1,26,37,6,9,7,3,3,4,15,15,5,1,14,9,4,13,8,9,14,12,10,1,25,12,4,13,7,26,13,31,3,20,9,4,11,56,13,2,7,60,7,23,5,6
"COG3822",34,46,35,50,27,17,44,20,39,21,13,89,12,37,5,33,9,40,24,5,26,41,21,20,7,47,37,18,49,38,21,11,66,23,86,63,16,5,3,50,33,13,82,16,35,38,4,15,11,53,31,34,41,35,66,25,42,23,57,13
"COG3823",2,8,15,0,0,0,0,20,47,6,12,44,0,27,1,3,14,5,1,0,27,15,4,41,0,8,2,1,0,8,7,11,2,0,14,33,5,0,0,33,40,6,102,2,27,0,9,7,2,2,28,0,0,18,29,32,11,1,17,1
"COG3824",0,0,2,0,0,4,0,0,1,0,2,4,0,0,2,0,0,0,0,2,0,0,0,0,0,2,0,0,0,0,0,0,0,0,2,2,7,0,0,0,8,1,0,0,0,0,0,0,1,0,1,0,1,0,1,0,0,40,0,0
"COG3825",6,26,17,0,1,3,7,1,15,9,11,30,3,26,1,23,15,19,1,0,9,4,6,26,13,11,6,11,12,15,19,7,10,32,17,20,6,0,4,9,9,4,18,8,15,3,10,9,14,31,12,10,17,20,30,12,10,0,6,3
"COG3828",0,5,0,0,0,0,0,0,1,0,0,5,0,0,0,0,1,4,7,0,0,0,3,2,0,0,0,0,1,0,6,0,1,8,5,3,0,0,0,2,2,0,11,2,1,0,0,0,1,1,0,0,1,0,1,0,0,0,1,2
"COG3829",266,142,261,117,446,84,339,147,232,218,191,460,55,382,180,429,249,255,270,470,161,230,704,335,151,274,142,148,371,182,161,222,264,1538,112,345,240,44,996,252,241,199,394,182,329,1580,87,181,121,297,211,434,671,213,391,478,152,105,121,305
"COG3830",158,401,231,323,271,198,274,212,270,266,405,342,209,320,157,304,209,332,335,183,421,255,254,265,276,265,357,326,330,223,312,303,342,38,261,354,275,167,161,248,383,300,309,173,314,242,206,321,345,274,395,396,245,330,397,373,235,191,291,289
"COG3831",2,11,24,141,143,36,20,40,13,42,14,58,24,34,5,102,7,13,135,3,18,40,20,14,13,83,149,19,46,19,2,26,29,227,12,79,5,1,0,18,52,6,27,3,26,347,2,19,35,42,38,29,133,33,23,24,12,115,4,16
"COG3832",0,0,0,0,0,2,0,2,0,26,0,0,0,0,0,1,0,0,2,0,2,0,0,0,1,0,0,0,0,0,0,0,0,0,0,0,0,0,0,0,0,0,0,0,0,1,0,0,3,0,0,0,0,0,0,0,0,1,0,0
"COG3833",257,100,262,98,76,30,67,111,75,175,152,88,29,70,126,46,278,151,167,181,53,118,52,130,250,107,104,174,146,226,268,94,52,190,394,110,140,77,354,49,49,359,44,207,115,22,226,113,103,75,113,27,226,142,77,117,144,391,111,105
"COG3835",86,19,48,19,150,18,25,39,23,120,57,100,6,34,17,80,63,74,36,121,31,77,41,28,89,98,22,77,48,59,40,19,44,374,54,49,45,7,298,28,19,26,69,60,43,179,20,15,23,49,22,36,71,34,37,53,35,65,40,50
"COG3836",40,27,31,16,24,26,16,35,99,146,19,50,18,17,17,56,36,40,70,24,15,39,30,106,25,33,25,6,32,23,18,22,36,206,15,43,36,8,42,40,52,54,78,12,41,164,6,20,88,16,19,28,45,10,54,64,36,30,13,8
"COG3837",0,5,3,1,1,3,0,7,3,44,0,19,7,5,0,3,0,0,0,1,3,11,2,0,0,1,8,4,0,7,3,8,2,15,0,0,0,12,0,4,0,3,13,1,2,2,2,1,1,11,4,0,1,0,8,0,7,1,8,0
"COG3839",594,400,508,198,281,178,579,318,475,559,358,444,103,320,323,233,525,446,360,460,225,316,486,431,461,356,147,406,355,624,664,302,304,934,868,538,436,195,662,252,329,499,282,394,367,478,466,214,439,302,297,365,382,422,385,501,486,926,297,430
"COG3840",1,0,0,5,1,5,4,13,1,35,0,7,1,1,1,5,4,0,20,3,2,0,1,0,8,5,4,1,2,0,0,0,4,119,0,1,0,3,0,0,4,2,2,1,4,10,0,1,1,0,1,1,3,0,0,0,0,9,2,0
"COG3842",703,549,599,567,651,196,766,678,552,788,582,587,611,642,623,560,524,565,579,669,620,568,631,486,713,630,512,383,593,681,571,579,682,872,727,652,520,197,747,331,621,591,449,516,643,853,430,612,609,584,637,746,609,669,612,702,636,451,592,484
"COG3843",805,774,1034,189,341,195,1039,250,1069,381,757,660,226,548,584,272,1199,802,331,607,433,958,1270,1301,681,551,247,570,453,1033,1121,712,446,241,1563,1204,606,331,830,815,469,624,365,847,509,334,995,367,920,535,484,471,849,739,665,692,1047,459,539,785
"COG3845",495,442,314,131,218,76,378,95,548,111,359,312,78,316,208,176,401,430,205,156,175,272,623,341,297,288,129,277,343,545,479,370,296,532,650,411,224,123,321,318,374,295,276,274,238,289,270,112,405,238,302,303,302,244,336,254,255,301,312,399
"COG3846",0,2,15,0,3,11,5,19,3,0,0,36,1,0,5,0,0,9,6,10,9,7,0,38,1,0,0,3,1,1,0,14,0,0,0,0,5,0,105,1,8,0,0,3,5,0,0,0,0,0,6,0,17,0,23,8,0,0,7,1
"COG3848",98,116,164,127,13,28,220,105,124,50,65,129,19,170,75,40,188,160,53,290,45,101,374,119,117,59,52,130,42,133,160,117,119,4,177,70,126,91,150,71,99,117,29,99,54,38,86,77,95,152,160,39,55,136,74,108,87,90,122,126
"COG3850",24,19,15,13,31,50,55,29,41,72,11,72,10,25,12,36,17,3,53,29,17,36,35,9,67,65,44,9,18,27,1,7,34,476,2,15,9,19,2,10,27,39,5,28,45,45,8,5,6,1,14,18,34,10,14,13,6,55,11,11
"COG3851",13,2,4,42,7,20,1,58,24,59,17,23,10,4,1,25,48,2,38,3,18,5,25,9,65,19,46,8,24,3,0,6,13,195,25,16,6,1,0,11,11,11,2,22,18,17,5,30,11,16,31,26,9,12,11,0,8,21,9,0
"COG3852",4,22,6,42,130,20,19,84,15,83,17,18,8,18,3,73,7,1,102,9,4,25,8,3,29,54,31,6,51,4,0,16,23,179,4,5,5,2,0,7,34,13,10,4,20,34,2,6,4,10,37,19,151,15,12,12,5,40,2,5
"COG3853",290,95,150,53,36,26,205,40,148,76,82,136,16,105,99,43,237,128,77,194,40,107,309,124,98,159,30,107,88,172,178,92,82,79,293,135,151,45,190,124,115,157,75,146,96,26,99,45,126,86,105,57,78,155,131,46,96,294,95,197
"COG3854",256,151,205,46,72,24,158,68,217,82,157,90,40,131,102,39,296,205,107,136,57,206,263,144,200,160,64,188,107,162,245,119,82,113,287,188,175,84,117,246,108,186,52,134,88,46,249,74,141,162,126,99,134,194,103,114,277,80,132,250
"COG3855",656,628,622,614,500,839,724,787,522,463,614,650,740,744,965,570,663,650,522,604,773,595,650,656,673,659,593,668,643,577,659,581,761,184,512,636,622,926,586,342,674,766,607,615,750,531,816,716,496,552,699,716,616,597,718,725,495,164,678,553
"COG3856",3,2,23,9,3,8,2,5,4,4,24,20,3,4,5,7,30,8,2,21,9,1,3,22,2,8,1,1,7,5,0,4,4,0,32,5,26,0,80,71,8,5,5,20,2,4,19,6,5,2,5,3,12,12,7,4,29,141,8,38
"COG3857",881,478,819,220,177,108,522,186,824,244,517,584,104,458,461,240,1021,557,335,944,255,625,754,631,595,537,169,605,476,665,770,438,150,231,868,660,636,292,876,838,384,537,235,623,312,133,754,175,549,416,305,321,432,564,392,326,944,439,441,916
"COG3858",484,156,253,106,186,29,183,69,150,114,149,176,31,156,174,154,425,306,200,202,99,154,195,263,292,219,92,201,202,237,300,152,55,389,425,163,349,70,234,399,96,198,134,347,165,168,301,90,168,261,110,136,239,190,191,174,267,234,117,296
"COG3859",134,90,110,41,36,12,121,28,130,52,94,51,37,73,39,39,178,137,68,61,41,89,124,57,102,126,34,72,61,153,132,96,67,39,198,136,95,61,53,67,81,95,51,59,45,19,101,54,89,76,89,25,101,59,95,67,92,80,107,129
"COG3860",0,0,0,4,2,0,0,0,0,1,0,1,0,2,0,2,0,4,2,0,0,0,1,1,0,10,1,0,5,0,0,1,0,1,0,2,1,0,0,1,2,1,3,0,3,3,0,3,0,0,1,2,6,1,0,2,0,7,0,0
"COG3862",115,74,62,78,18,25,34,36,75,46,47,89,15,48,45,32,71,63,45,73,41,82,93,74,78,52,33,27,46,96,63,56,55,61,108,68,54,53,69,28,51,50,32,47,36,78,55,50,45,43,84,57,41,24,54,75,51,33,57,56
"COG3863",6,0,3,0,0,0,0,1,0,1,0,0,0,0,0,0,0,0,0,0,0,1,5,3,9,2,0,1,2,2,0,0,0,0,1,2,0,1,19,6,0,0,0,19,0,0,2,3,0,0,0,0,0,0,0,0,0,0,0,0
"COG3864",10,37,0,2,19,1,5,3,24,19,2,63,0,3,7,19,47,4,4,160,13,16,1,9,24,25,22,5,2,61,4,40,4,0,6,15,46,2,187,164,33,9,6,28,11,4,7,10,21,6,9,9,25,2,27,15,33,15,1,10
"COG3866",81,223,130,83,67,1283,107,5,96,10,126,66,460,28,596,20,87,352,10,116,40,104,140,80,32,214,32,428,48,334,115,86,48,0,25,4,770,2,247,52,88,64,68,826,147,111,33,313,74,166,33,33,75,159,21,83,76,2,38,336
"COG3867",159,110,195,90,24,254,44,140,58,61,127,80,186,52,167,92,185,171,49,41,93,58,64,114,106,42,111,86,152,136,572,299,162,3,530,232,248,441,716,109,145,370,161,381,426,239,413,287,262,221,105,224,547,178,208,327,285,42,297,180
"COG3868",2,5,20,0,0,0,1,3,7,1,8,17,1,5,9,0,20,4,21,0,2,10,7,31,19,2,14,11,10,55,28,12,2,0,52,2,2,14,25,9,1,30,0,19,17,0,18,16,7,8,3,2,27,5,6,1,14,0,13,4
"COG3869",49,51,89,20,67,12,52,17,111,14,99,82,17,26,53,32,146,71,27,89,45,54,19,89,97,98,17,61,67,51,85,46,25,47,78,115,82,50,163,230,50,45,21,41,21,29,121,14,129,19,42,69,85,83,28,76,99,18,127,121
"COG3870",34,24,23,2,10,9,11,2,54,6,31,37,10,8,11,17,34,23,20,70,10,16,29,26,24,19,7,26,11,22,26,14,20,23,49,45,17,4,38,29,14,20,16,29,18,14,15,3,53,7,5,42,31,31,26,21,18,28,17,37
"COG3871",18,78,57,140,416,7,190,50,54,101,117,109,2,207,10,152,60,89,79,16,88,146,97,106,48,132,208,65,137,47,62,154,284,38,32,79,16,10,40,96,62,30,164,7,116,257,21,106,88,152,102,95,153,124,113,119,44,27,36,17
"COG3872",336,162,249,95,95,36,157,82,271,112,208,203,42,166,136,75,346,288,108,132,88,250,337,230,241,201,79,185,161,240,294,179,114,105,330,265,209,121,216,133,144,266,96,181,94,84,222,99,194,180,154,139,205,227,182,186,340,90,212,305
"COG3874",27,36,53,13,13,0,41,8,94,8,43,46,10,42,42,7,76,55,26,50,15,41,82,30,22,33,14,14,25,60,49,50,29,2,121,66,66,26,59,65,38,47,16,35,12,4,59,5,64,21,40,4,36,54,34,20,57,9,59,94
"COG3875",110,85,173,140,164,98,149,56,194,74,106,277,21,100,101,118,82,57,65,252,87,78,201,264,116,119,82,92,91,165,60,85,121,269,112,119,143,72,435,139,208,122,129,80,80,286,67,101,77,83,111,194,85,78,132,197,120,29,43,64
"COG3876",31,335,154,357,308,36,340,100,160,219,352,195,32,294,26,438,122,389,339,39,517,219,196,143,240,417,391,104,394,158,251,361,427,1,218,295,122,33,18,200,322,411,430,17,254,213,178,213,254,330,486,421,400,328,350,299,193,23,197,168
"COG3877",5,7,17,34,56,1,65,1,20,0,7,5,2,8,0,26,7,11,14,1,37,20,4,24,9,18,39,17,29,21,7,29,14,0,11,11,1,1,0,13,10,19,39,5,31,15,4,6,57,56,13,17,35,5,12,10,3,1,13,7
"COG3878",1,22,40,1,2,7,4,3,22,5,48,6,7,1,0,2,15,14,5,5,3,15,11,49,20,19,1,5,10,34,33,22,3,1,50,10,5,0,0,169,6,7,30,8,7,8,3,32,7,14,3,6,13,8,15,82,6,3,14,54
"COG3879",3,5,76,24,6,30,4,8,7,15,138,71,16,12,16,14,89,11,6,73,23,11,27,69,9,43,10,17,10,19,6,29,8,1,113,50,97,3,504,334,52,28,15,37,7,25,78,12,27,6,13,18,20,61,12,15,70,754,32,130
"COG3880",29,28,53,11,46,3,26,10,94,3,65,49,11,22,25,19,84,63,17,43,36,42,21,49,41,53,14,34,30,42,31,23,23,33,42,87,61,39,104,89,31,43,16,23,17,26,50,8,55,16,17,31,50,30,15,21,51,11,62,51
"COG3881",0,0,22,0,0,0,1,0,0,0,1,0,0,0,5,0,0,0,0,0,10,0,0,0,0,4,0,0,0,0,0,0,0,0,0,0,2,0,1,0,0,0,1,0,0,0,0,0,0,0,0,0,0,0,0,0,0,0,0,1
"COG3882",16,163,49,131,212,220,9,71,44,25,250,55,11,105,57,2,32,410,189,10,71,145,48,38,24,33,111,150,83,93,146,34,147,25,146,45,30,4,8,74,31,49,34,39,46,16,68,4,50,130,28,152,260,45,45,45,66,10,49,190
"COG3883",49,42,62,11,9,5,4,5,154,29,10,64,29,23,33,3,95,66,20,28,4,19,42,98,48,53,10,43,14,34,37,48,16,7,146,142,51,11,49,260,27,19,36,57,41,15,103,4,167,18,41,4,19,50,36,27,76,35,49,170
"COG3884",378,320,315,249,305,294,264,212,261,231,244,264,266,336,269,209,326,315,314,340,285,310,296,335,311,314,205,363,251,302,288,287,247,63,327,260,311,275,171,336,260,253,268,275,329,206,352,352,207,296,219,264,308,343,318,278,382,136,279,362
"COG3885",9,1,2,1,24,0,13,1,61,1,11,17,2,1,22,43,1,2,2,104,4,7,1,14,3,9,1,2,4,1,1,2,12,61,0,3,20,10,89,25,6,1,10,18,2,37,1,2,3,1,3,3,10,1,1,7,1,2,0,2
"COG3886",480,68,262,118,154,144,315,639,273,143,299,439,236,114,129,115,373,246,92,613,69,117,83,286,219,259,25,780,133,258,134,184,63,150,104,138,453,849,457,79,104,149,115,492,267,201,121,323,109,218,115,68,216,200,135,330,407,1059,88,196
"COG3887",850,350,613,186,164,105,447,152,514,219,382,352,75,377,349,152,801,459,304,744,216,373,573,513,459,435,161,387,307,455,571,341,166,251,713,355,507,200,553,733,231,458,226,493,241,105,517,168,338,354,299,256,377,378,323,299,604,382,346,669
"COG3892",5,0,0,0,1,7,14,22,1,106,0,0,0,7,2,1,1,0,12,2,7,2,2,1,20,1,3,3,6,1,1,2,0,0,1,0,0,4,1,0,0,8,2,11,3,0,9,6,4,1,2,0,6,0,4,0,3,1,1,0
"COG3893",0,149,22,55,17,7,45,32,81,5,20,118,20,39,2,61,14,9,9,19,57,54,9,69,4,36,35,15,20,54,264,17,22,1,72,54,22,45,1,37,78,9,284,6,37,4,10,16,2,20,38,17,0,39,60,57,11,9,35,7
"COG3894",371,84,124,36,39,24,69,46,161,79,66,95,17,66,92,122,206,100,81,134,25,103,147,130,194,84,42,60,102,209,123,89,13,10,330,121,123,34,287,103,89,162,58,158,64,6,152,38,99,57,28,34,139,158,84,60,230,149,76,109
"COG3895",0,0,0,0,2,2,2,6,1,31,0,5,5,0,0,7,0,0,12,0,2,0,2,0,1,8,12,0,1,0,0,0,0,30,1,3,0,0,0,0,1,0,0,0,1,4,1,2,3,0,0,2,3,0,1,0,0,6,0,1
"COG3896",1,9,0,0,0,0,0,0,6,0,3,1,0,0,0,0,4,1,0,0,0,0,0,0,0,0,0,0,2,0,0,1,0,0,11,0,2,0,0,0,0,0,0,1,0,0,0,0,0,2,1,0,0,1,0,0,0,0,19,0
"COG3899",8,18,10,0,10,0,0,2,41,1,2,26,3,8,6,69,3,3,4,0,8,4,7,7,5,18,5,2,18,2,2,4,6,157,4,4,40,2,9,21,5,10,14,5,9,131,7,4,1,12,15,15,9,7,28,9,31,0,7,3
"COG3901",17,6,23,2,6,0,26,2,8,6,17,5,3,4,7,0,42,3,1,3,10,5,1,10,1,8,15,2,3,42,31,16,5,0,11,6,10,0,17,3,5,11,0,20,1,0,2,1,1,3,1,1,6,1,5,9,6,0,4,9
"COG3903",0,0,0,0,1,0,6,3,0,0,0,0,0,0,0,1,0,0,0,0,0,0,0,0,0,0,0,0,0,0,0,0,0,0,0,0,0,0,0,0,0,1,0,0,0,0,0,0,0,0,0,0,0,0,0,0,2,0,0,0
"COG3906",21,2,2,1,3,1,0,0,0,5,0,4,1,1,3,1,11,3,8,43,0,0,1,2,6,4,0,3,1,0,2,1,0,2,1,1,5,2,14,2,2,0,14,16,5,3,3,2,0,1,1,1,2,2,0,0,0,29,1,5
"COG3907",0,1,0,0,4,5,2,1,0,1,6,0,0,7,0,0,1,0,0,11,1,1,0,0,2,0,3,0,6,0,0,2,0,0,1,0,2,1,0,2,1,2,0,0,0,0,0,0,0,0,0,2,0,3,1,0,0,0,0,2
"COG3910",111,71,129,64,32,107,84,30,79,30,62,85,22,52,95,45,241,89,76,102,19,80,180,103,119,79,76,121,59,148,125,67,74,30,126,73,74,151,91,163,75,159,78,68,80,17,378,61,83,50,68,25,78,61,62,65,157,68,37,108
"COG3911",0,25,1,0,0,0,0,0,3,36,4,3,0,0,0,0,0,0,0,0,2,8,0,1,0,0,1,1,1,0,4,3,0,0,0,6,1,0,0,7,10,0,41,0,2,0,0,0,0,0,1,0,0,0,1,0,0,0,1,0
"COG3915",0,0,0,0,0,6,0,5,0,42,0,0,0,0,0,0,0,0,1,0,2,0,0,0,0,0,0,0,0,0,0,0,0,0,0,0,0,0,0,0,0,0,0,0,0,0,1,2,0,0,0,0,0,0,1,0,0,0,0,0
"COG3919",29,245,98,23,3,9,59,6,208,47,140,128,182,97,35,189,40,224,37,347,111,64,69,112,25,120,75,13,46,108,35,311,45,3,126,114,85,10,50,105,99,59,76,346,49,52,51,41,21,135,77,17,268,187,58,20,34,100,145,27
"COG3920",11,16,43,25,62,19,25,19,56,32,102,122,10,16,43,36,34,12,7,163,36,13,19,70,14,29,9,5,26,10,4,7,8,17,14,36,101,25,413,35,60,47,46,19,18,99,10,44,22,13,20,60,62,9,19,38,25,555,26,26
"COG3921",0,0,0,1,1,2,0,3,0,36,0,0,0,0,0,2,0,0,0,0,2,1,0,0,0,0,0,0,0,0,0,0,0,0,0,0,0,0,0,0,0,2,0,0,0,1,1,0,0,0,0,0,0,0,1,0,0,2,0,0
"COG3923",1,0,0,3,6,7,5,5,0,22,0,11,0,2,0,2,3,0,7,0,3,0,1,0,10,3,4,0,3,0,0,0,3,86,0,2,0,3,1,0,2,1,0,6,3,4,3,0,2,0,1,3,8,0,2,0,0,12,1,0
"COG3924",1,0,1,0,3,5,2,6,1,13,0,5,3,0,0,1,1,0,9,2,3,0,0,0,10,5,6,1,4,0,0,0,4,54,0,3,0,0,0,0,1,0,0,0,1,9,1,7,1,0,1,1,3,0,1,0,0,4,0,0
"COG3925",1,0,0,9,6,13,8,8,2,13,0,20,2,4,2,14,2,0,26,5,5,0,3,0,14,11,8,0,6,0,0,0,10,138,1,4,0,2,0,1,10,2,1,2,2,11,0,2,3,1,0,2,8,0,0,2,0,19,2,0
"COG3926",0,32,8,13,1,3,2,12,9,2,30,4,4,5,1,19,29,10,7,0,19,6,9,35,18,17,65,46,23,19,26,108,9,1,23,22,11,1,0,43,77,25,11,33,31,11,21,41,50,29,19,444,64,71,7,37,14,9,174,4
"COG3933",431,39,355,31,49,52,70,42,40,339,62,248,44,42,117,68,153,67,89,27,155,17,79,269,80,30,9,127,127,54,23,41,32,106,19,116,158,27,235,83,35,99,105,145,107,144,43,45,107,45,61,141,59,46,78,74,65,124,96,341
"COG3934",2,74,5,0,0,1,0,0,4,3,81,6,6,0,4,0,2,0,1,7,0,96,8,4,4,9,10,167,0,6,41,5,27,0,7,6,21,1,221,0,26,21,6,2,0,0,8,1,5,3,4,0,12,8,0,0,30,47,5,133
"COG3935",432,114,260,103,110,56,101,89,221,94,162,115,32,104,104,49,312,222,130,204,74,200,297,270,280,195,43,180,202,217,236,157,52,142,272,200,165,83,283,278,106,190,89,206,103,30,230,81,194,157,88,117,142,214,141,120,272,162,103,405
"COG3936",31,16,145,9,4,4,115,1,18,8,6,44,10,1,5,45,18,105,23,24,12,4,9,1,9,29,1,24,5,5,29,18,15,0,23,68,44,3,3,124,24,9,43,63,10,0,89,14,6,55,1,3,0,3,20,3,43,0,29,27
"COG3937",34,1,7,1,2,2,9,1,4,8,17,10,0,9,14,13,15,5,10,7,1,11,12,8,15,10,1,1,4,9,10,10,7,22,7,23,11,1,71,16,6,1,10,17,5,12,8,8,1,3,4,6,4,12,10,8,5,80,3,29
"COG3938",13,3,4,2,1,0,6,5,18,67,6,16,2,15,10,20,6,18,12,94,7,7,12,10,16,8,5,5,14,9,5,4,2,15,3,9,7,0,34,9,0,4,0,0,2,2,2,5,0,0,2,0,3,1,7,1,2,3,1,1
"COG3940",90,280,239,552,663,24,127,63,151,215,209,215,38,290,116,383,229,331,414,144,225,223,128,115,161,357,498,142,319,151,168,540,441,27,158,322,235,33,130,236,274,159,186,61,176,356,126,73,313,471,278,151,794,185,168,285,243,894,138,192
"COG3941",36,13,5,0,45,998,0,0,25,2,0,7,5,4,2,0,6,8,0,68,0,0,2,27,0,0,32,4,0,4,9,1,40,0,12,3,2,1,0,1,8,35,5,0,23,0,12,7,0,3,25,0,5,10,37,30,23,0,2,3
"COG3942",31,0,8,10,1,29,7,1,38,6,63,48,29,3,50,0,88,21,8,65,4,9,4,3,18,17,4,5,3,0,5,3,0,0,12,56,135,2,282,2,44,16,107,72,1,8,12,5,47,2,9,3,26,0,3,0,0,733,4,14
"COG3943",505,527,651,1081,737,1102,590,1090,665,745,517,831,1038,801,739,1038,639,716,504,684,982,695,570,904,459,482,523,1169,445,606,758,396,684,89,741,700,601,1406,142,698,702,483,889,791,654,491,927,1052,782,1089,479,411,480,999,804,595,630,153,949,722
"COG3944",395,166,272,29,108,22,117,61,233,87,267,203,44,131,190,61,574,164,163,238,79,154,286,213,248,154,51,152,119,238,93,58,22,64,154,116,124,46,212,209,63,113,33,88,38,50,105,33,82,66,38,36,90,81,74,52,121,257,69,129
"COG3945",1,0,13,12,1,0,1,0,3,1,4,50,0,0,3,5,1,0,1,43,5,0,0,14,1,5,0,0,10,0,0,0,0,3,0,3,12,0,63,0,12,0,11,0,0,17,0,1,4,0,0,0,1,0,1,3,4,1,9,11
"COG3947",26,31,41,15,2,4,0,12,49,10,18,51,7,10,7,3,24,26,3,6,9,42,43,26,33,12,29,3,12,22,26,31,15,42,20,26,14,20,0,41,37,48,14,33,17,10,19,18,2,53,31,13,28,50,16,27,35,15,40,41
"COG3948",9,20,46,35,5,36,7,25,35,82,6,194,12,16,10,28,18,55,14,62,30,99,162,14,5,46,16,50,18,4,41,14,25,59,26,17,23,1,0,29,26,26,5,9,43,22,45,8,19,31,41,40,58,10,12,21,66,29,41,26
"COG3949",46,167,52,12,108,14,37,22,38,25,28,26,6,40,15,75,140,42,58,9,49,18,71,60,53,120,12,21,33,55,32,46,27,109,72,30,27,16,241,111,59,101,79,43,29,83,93,28,17,28,29,28,178,30,34,37,44,5,21,120
"COG3950",315,239,444,544,497,74,714,609,257,614,285,427,458,404,250,294,343,255,533,386,366,324,556,460,259,344,422,806,357,181,219,319,395,8,228,303,281,715,193,242,209,708,216,860,566,282,133,844,296,400,417,390,448,410,294,275,248,100,415,269
"COG3951",0,4,9,24,5,11,3,53,23,2,7,46,9,9,4,17,4,4,21,4,11,18,5,15,4,25,19,3,6,30,2,20,2,120,6,36,0,1,0,8,16,4,4,7,83,24,3,4,0,8,13,5,16,9,2,8,8,22,8,10
"COG3952",10,7,6,14,56,0,5,0,16,19,1,11,1,3,1,34,9,10,57,1,99,24,0,8,15,21,10,4,32,11,18,8,34,0,6,8,0,0,0,5,17,13,64,1,30,26,1,36,65,8,10,36,138,7,22,10,5,4,2,5
"COG3953",2,0,0,0,0,0,0,0,0,0,0,5,0,0,2,0,0,0,2,134,1,1,0,0,0,0,0,0,0,0,0,1,0,0,0,7,1,0,174,0,0,11,11,0,1,0,0,0,0,0,2,0,0,0,0,0,0,0,0,0
"COG3954",0,0,0,7,13,16,6,12,4,59,0,18,6,7,1,19,2,1,32,2,6,0,10,0,7,12,10,0,6,0,0,3,3,232,1,3,0,0,0,1,4,3,1,0,4,14,3,4,5,1,0,5,11,1,4,1,0,20,0,0
"COG3955",22,5,15,1,37,74,11,11,9,3,13,31,29,21,12,19,60,45,50,8,4,10,5,13,13,4,20,4,58,38,37,47,21,0,10,15,18,21,14,3,36,6,68,32,7,0,41,6,53,4,5,19,38,57,31,17,72,4,8,14
"COG3956",128,168,152,145,104,335,180,250,237,161,190,198,226,167,215,136,109,184,192,201,152,105,242,150,107,180,154,228,163,186,147,211,158,16,163,199,229,190,162,150,234,190,144,165,196,121,133,184,199,144,201,160,135,155,177,156,158,23,219,209
"COG3957",201,107,121,32,28,18,117,40,185,64,212,92,4,66,54,30,175,75,147,407,28,127,65,204,213,102,28,104,98,105,222,167,14,2,65,183,272,54,597,534,100,239,39,163,53,4,186,77,125,128,71,76,181,99,65,70,285,831,67,220
"COG3958",546,389,280,129,173,44,444,175,442,214,235,314,81,328,282,226,475,387,283,452,188,316,392,298,285,197,244,269,375,363,397,304,302,382,607,479,405,131,453,400,239,348,187,272,221,243,331,191,500,348,336,200,348,378,386,415,459,250,274,377
"COG3959",492,322,284,131,283,38,407,142,417,259,268,330,96,330,292,188,526,337,253,351,211,294,386,379,336,189,208,233,330,394,389,341,408,393,546,425,361,132,489,432,211,293,193,258,224,316,264,190,441,260,265,259,290,401,400,331,404,203,246,345
"COG3960",1,0,0,3,9,19,0,7,2,0,0,15,6,3,1,30,1,2,29,1,3,3,6,0,2,11,23,2,5,0,0,3,3,128,0,7,0,0,0,0,3,0,0,0,0,21,4,2,3,1,1,2,7,0,0,1,0,36,1,1
"COG3961",1,0,0,1,2,5,0,6,0,58,0,0,0,0,0,1,0,1,3,0,8,1,0,0,0,2,0,0,0,0,0,0,0,0,0,0,0,0,0,0,1,0,0,0,0,0,6,1,4,0,1,0,0,0,3,0,0,0,0,0
"COG3962",60,19,60,0,5,15,20,28,73,99,28,38,25,19,45,3,34,30,25,1,50,12,32,49,65,21,15,9,18,34,32,23,13,1,17,152,29,17,57,19,22,25,25,28,7,0,32,11,172,26,26,3,3,6,18,24,25,5,30,62
"COG3963",0,1,0,0,0,0,0,0,1,1,0,0,0,0,0,0,0,0,0,0,0,0,2,0,0,0,0,1,1,2,0,1,1,0,0,0,0,0,0,0,0,3,5,0,0,0,0,0,0,0,2,0,2,0,3,0,3,0,0,0
"COG3964",13,53,84,63,33,34,17,19,4,62,16,55,1,41,6,54,16,15,31,136,62,50,14,51,26,46,104,189,25,46,25,23,54,101,12,48,48,9,46,44,40,26,27,12,19,160,20,7,42,31,22,65,10,39,27,53,69,3,12,45
"COG3965",22,3,13,0,0,0,0,0,7,4,7,3,0,11,6,4,20,6,3,6,1,6,5,16,5,5,1,1,2,13,44,13,5,0,33,39,22,3,9,3,7,3,10,45,8,4,11,5,6,23,15,9,18,46,33,8,39,51,6,31
"COG3966",5,1,6,1,0,6,0,2,5,6,10,14,1,0,14,1,16,0,12,182,0,1,1,22,18,4,7,2,9,4,2,10,0,3,13,26,6,0,45,2,10,2,30,15,4,7,6,0,0,11,10,2,21,7,38,9,4,94,0,2
"COG3967",3,0,0,0,0,0,7,2,3,47,7,0,0,0,0,1,0,0,0,0,1,0,2,1,0,0,0,1,1,6,0,0,6,0,0,0,0,2,0,4,0,5,0,0,0,0,3,0,0,0,0,0,0,0,0,0,1,0,0,1
"COG3968",1171,1367,1129,1354,920,2007,1289,1488,1183,982,1156,1059,1782,1357,1705,1206,991,1362,1103,797,1372,1302,1111,1160,1169,1319,1293,1415,1602,1343,1213,1154,1260,300,1237,1192,1046,1485,456,886,1408,1480,1244,1698,1346,867,1246,1546,1170,1066,1518,1407,954,1284,1365,1342,1185,399,1405,1059
"COG3969",40,496,165,417,672,89,405,193,215,439,486,282,39,442,33,570,181,337,329,35,466,335,267,288,273,372,567,161,452,140,175,388,578,312,186,338,142,25,82,259,292,336,407,26,327,509,142,218,525,416,539,483,438,566,406,362,177,113,496,193
"COG3971",3,4,3,12,6,15,7,18,7,68,2,30,4,10,0,4,9,1,59,40,8,8,9,1,6,35,16,1,8,0,0,1,4,149,0,10,2,1,17,0,1,0,0,0,19,10,1,1,1,3,4,4,20,2,8,4,0,24,2,1
"COG3972",52,208,27,4,10,5,57,53,54,15,3,14,17,4,785,4,47,15,29,51,2,95,14,9,52,15,1,104,7,18,7,11,1,0,13,5,21,9,4,13,22,33,10,10,7,0,8,71,10,1,36,26,7,22,108,53,9,19,20,113
"COG3973",345,320,326,228,396,42,298,62,116,172,408,189,18,208,123,336,357,267,173,527,289,231,285,290,299,331,326,173,249,443,237,267,240,267,259,318,171,55,654,1042,146,523,217,204,173,214,309,237,227,191,131,190,314,233,311,227,316,1026,137,251
"COG3975",5,5,6,3,18,19,6,3,19,21,9,6,0,16,0,0,4,0,0,19,0,28,0,0,32,31,1,1,2,0,0,12,0,0,3,0,12,5,1,11,19,8,3,4,7,0,0,2,0,0,20,22,0,5,10,10,3,0,11,8
"COG3976",152,19,59,19,29,20,44,25,80,55,64,45,5,45,41,29,148,56,25,49,17,53,109,60,55,52,10,37,43,86,75,50,48,0,30,53,45,21,58,69,75,103,12,59,74,162,36,39,26,17,61,60,36,105,47,68,49,19,27,105
"COG3977",3,17,1,8,18,18,4,24,14,66,2,25,16,5,1,23,7,1,36,5,12,3,7,0,13,27,33,0,7,0,1,1,12,330,0,7,1,2,0,1,7,2,0,1,12,32,3,2,7,3,8,5,13,3,5,2,0,33,43,0
"COG3978",0,0,1,2,2,3,0,3,1,25,0,6,4,2,0,3,0,0,9,0,3,1,2,0,1,1,3,0,1,0,0,0,1,43,0,1,0,0,0,0,1,2,0,0,1,9,1,0,0,0,1,0,3,0,0,0,0,7,0,0
"COG3979",25,21,4,5,9,9,110,4,4,0,13,3,0,1,15,0,0,1,4,1,7,2,24,20,47,52,1,0,3,0,9,0,2,0,76,5,26,3,70,14,6,16,0,84,8,0,15,7,58,1,3,23,1,2,5,60,12,0,6,8
"COG3980",13,175,24,29,99,13,67,68,87,16,86,62,9,62,11,93,18,83,25,29,66,88,25,117,53,73,82,31,128,68,80,82,86,0,101,20,14,2,0,104,32,15,58,57,71,79,127,42,19,71,38,34,117,150,174,144,55,15,65,38
"COG3981",40,13,37,26,37,5,112,20,43,19,32,39,13,56,26,9,150,19,22,40,16,21,140,43,41,27,21,62,23,27,54,27,57,39,70,25,37,19,70,207,21,25,43,36,35,47,31,25,50,79,49,26,21,57,37,22,61,46,23,72
"COG4001",566,484,953,621,967,127,567,938,882,346,343,750,527,698,263,649,708,429,0,446,610,635,392,718,544,261,621,888,657,742,559,492,356,65,547,614,700,1424,877,478,468,637,516,346,556,287,582,521,675,481,527,402,522,388,440,376,520,189,914,751
"COG4012",0,0,0,0,0,0,0,5,2,2,0,3,0,2,0,0,0,0,0,0,0,0,1,3,0,1,2,2,0,2,0,5,0,0,5,0,0,0,0,2,0,2,1,1,3,0,0,0,0,1,1,3,7,1,6,1,3,0,1,1
"COG4021",22,0,98,0,0,0,1,9,3,9,0,6,1,1,1,1,3,21,1,0,1,4,3,28,0,1,1,1,1,2,14,1,1,0,11,1,7,0,23,9,6,0,9,8,2,0,5,6,1,0,0,13,1,0,14,1,11,0,9,0
"COG4032",95,109,19,49,22,1,21,56,1,13,8,10,6,35,9,57,27,56,39,4,22,5,23,14,35,20,165,15,36,22,7,59,92,46,15,12,1,13,0,36,27,14,122,9,16,25,21,74,101,29,87,6,92,19,31,37,6,7,6,10
"COG4034",1,0,0,0,0,0,0,1,9,0,16,0,5,0,0,0,0,0,0,0,2,0,0,0,0,0,16,0,2,39,0,6,15,0,2,0,3,0,0,0,0,6,0,2,0,0,1,0,0,0,0,0,0,0,0,0,4,0,0,0
"COG4043",7,7,12,0,8,0,0,1,14,0,2,1,0,0,2,0,7,0,0,0,1,6,0,16,4,0,0,13,2,9,20,11,0,0,20,0,7,0,0,142,7,7,0,2,1,0,38,0,0,0,0,2,1,6,1,5,42,0,2,28
"COG4085",0,1,0,71,0,0,0,1,0,1,5,0,0,24,4,0,2,0,12,1,0,0,15,0,0,1,23,3,3,3,0,1,0,0,3,2,0,30,0,0,21,0,12,0,0,5,3,2,0,0,0,4,0,0,4,12,2,0,0,1
"COG4086",139,39,38,50,10,19,41,31,29,23,43,22,3,18,62,13,86,64,89,158,30,47,54,62,80,60,12,35,29,31,46,40,3,0,35,54,38,29,82,40,20,93,23,77,14,5,34,40,26,63,9,21,62,40,27,33,44,114,21,57
"COG4087",17,0,0,0,3,1,1,1,2,1,0,4,1,3,5,2,2,11,1,2,0,0,6,3,1,2,1,1,1,2,2,1,5,21,3,6,6,3,1,1,0,1,1,4,2,16,0,4,0,0,3,0,6,2,3,6,2,7,0,4
"COG4091",1,2,2,0,34,5,6,3,9,5,8,21,0,7,17,11,13,7,0,2,4,4,3,35,2,0,1,2,21,6,1,1,7,48,0,30,2,0,0,3,4,5,9,3,9,45,2,0,1,4,7,3,20,0,9,6,4,1,28,1
"COG4095",0,2,0,0,0,0,0,0,3,0,9,0,0,0,2,0,3,0,1,0,0,1,0,0,1,0,0,0,0,0,20,1,0,0,0,0,1,0,0,2,1,1,5,1,0,2,2,0,0,0,0,0,0,0,0,1,0,0,0,0
"COG4096",265,276,518,479,547,637,672,366,539,483,375,587,260,608,1134,426,210,368,486,381,500,441,948,1087,676,506,288,681,425,291,472,490,533,14,377,220,785,529,30,469,496,958,405,368,99,745,1111,426,321,526,578,511,182,656,495,650,975,346,483,741
"COG4097",0,2,1,5,3,4,0,0,0,10,13,1,0,0,2,9,16,0,48,0,3,13,0,0,27,12,3,1,7,0,1,3,1,3,1,0,0,0,1,0,13,0,4,11,1,2,2,0,0,1,16,0,8,0,11,5,1,14,1,11
"COG4098",34,1,2,5,1,5,0,1,1,13,0,3,4,3,11,2,25,4,27,118,0,4,3,2,6,4,2,10,4,1,1,0,0,0,0,4,6,2,14,2,3,1,21,12,0,9,1,1,0,2,0,1,5,1,0,2,0,25,0,3
"COG4099",103,104,111,112,76,293,55,186,133,98,103,135,185,124,267,117,127,164,188,176,69,123,71,92,81,95,242,144,131,137,58,131,112,10,97,57,133,378,169,84,121,54,141,259,151,85,242,95,88,97,49,109,101,73,174,121,138,18,215,88
"COG4100",312,186,305,115,79,42,227,91,330,90,231,214,46,173,191,72,399,233,160,369,93,231,291,322,243,186,83,219,181,316,279,230,93,93,446,254,242,117,271,515,157,214,87,223,122,89,257,102,255,188,161,117,204,281,168,172,427,199,188,391
"COG4104",0,5,10,18,9,2,4,4,2,13,14,0,1,5,0,16,1,17,46,10,8,10,6,2,3,27,18,0,22,2,4,1,7,1,0,2,1,47,0,3,6,0,23,0,5,14,2,2,6,22,0,3,77,9,9,1,2,0,2,0
"COG4105",4,6,4,8,15,19,15,56,23,56,10,20,11,15,3,22,8,1,31,12,9,13,7,7,31,26,20,6,7,10,8,2,11,165,2,3,5,9,1,13,12,17,2,13,18,16,8,3,4,1,9,10,16,2,6,8,2,22,5,6
"COG4106",0,1,1,1,5,4,2,11,11,40,3,10,2,7,1,5,2,8,11,5,5,2,9,2,2,10,4,3,1,0,0,5,3,51,24,9,14,1,155,3,10,5,3,1,3,6,10,0,4,2,9,11,7,2,10,3,6,71,1,0
"COG4107",1,10,8,8,5,21,6,18,7,25,2,8,1,5,3,13,4,0,10,1,8,5,15,20,3,14,15,6,4,7,3,7,5,89,1,4,1,2,1,0,18,4,6,3,1,20,3,1,8,2,4,10,5,4,14,13,22,4,3,0
"COG4108",626,526,601,481,346,804,599,745,621,492,514,525,693,554,789,455,633,498,564,722,535,652,628,510,605,535,466,629,453,632,701,449,492,373,674,549,681,712,429,366,584,582,488,629,621,352,539,645,610,590,530,486,514,504,554,535,648,270,683,597
"COG4109",7,3,0,2,0,4,1,1,0,0,0,0,0,0,9,0,11,0,8,0,4,0,0,1,0,1,1,1,0,0,2,0,0,3,0,0,0,0,14,0,0,0,27,16,3,2,2,0,2,1,0,0,5,0,3,0,9,18,0,1
"COG4110",0,0,1,0,0,0,0,2,45,107,1,1,138,1,0,6,0,5,1,1,0,2,3,7,0,0,1,37,3,1,0,0,0,0,16,1,1,0,0,3,1,0,16,43,3,0,183,181,1,0,0,2,1,0,4,1,0,0,0,0
"COG4112",0,5,0,0,0,0,0,0,8,0,0,0,0,0,0,0,0,1,0,0,0,0,0,0,0,0,0,0,3,0,0,0,0,0,0,0,1,0,0,0,4,0,1,1,0,0,0,0,1,0,1,0,0,0,50,0,0,0,17,0
"COG4114",0,0,0,1,3,10,2,11,3,50,1,11,3,2,0,12,4,1,17,4,5,3,2,0,7,9,8,0,2,0,0,2,3,129,0,4,0,0,0,1,4,2,0,0,2,17,1,2,1,2,3,5,7,0,1,0,0,20,0,0
"COG4115",118,504,60,85,192,53,150,19,53,178,107,135,15,219,45,314,106,161,339,54,47,28,104,260,104,94,240,69,154,129,118,82,409,68,130,77,103,58,141,147,46,23,171,29,206,17,92,32,178,130,332,52,55,237,266,207,35,196,75,324
"COG4116",28,1,4,1,1,1,0,1,4,1,11,3,5,0,6,0,15,8,5,63,0,8,10,0,7,2,0,6,1,7,11,0,1,4,8,5,26,2,6,3,1,1,20,24,4,6,0,1,0,2,3,2,0,3,0,1,2,40,0,9
"COG4117",2,0,0,0,3,11,2,2,2,1,1,17,7,5,1,5,1,1,17,5,1,0,3,0,1,18,18,0,1,0,0,1,4,105,1,4,0,0,0,1,0,1,0,1,2,15,0,3,1,1,1,3,8,2,0,1,0,17,1,0
"COG4120",414,288,293,167,82,68,381,127,379,161,251,203,80,316,266,76,451,272,216,379,155,273,551,264,353,201,123,158,165,328,152,94,66,59,171,124,84,69,106,61,82,134,70,129,67,87,113,70,167,93,103,84,97,98,93,108,150,88,79,105
"COG4121",22,121,59,208,100,38,158,103,85,167,145,113,19,119,10,217,54,135,247,39,269,104,85,66,133,162,182,43,156,63,73,93,200,199,65,113,107,18,7,81,172,184,185,10,122,111,74,114,168,123,205,215,154,109,152,111,49,38,77,118
"COG4122",101,115,94,102,119,210,128,53,85,115,117,100,88,153,51,127,84,92,124,76,136,101,79,125,103,117,111,132,120,75,259,267,318,81,228,262,259,158,289,387,247,283,279,360,231,263,349,375,287,263,270,386,261,297,282,329,287,347,184,275
"COG4123",362,245,341,232,286,347,287,276,350,320,327,305,274,278,249,302,358,334,229,315,308,295,294,345,257,366,252,332,271,324,343,273,242,227,320,285,319,260,227,374,269,316,341,320,281,273,379,409,309,256,314,352,240,327,284,367,406,171,247,359
"COG4124",165,181,370,346,143,13,91,452,219,61,433,213,622,104,570,126,102,132,418,485,81,281,111,199,138,138,145,369,113,313,505,233,80,120,331,109,236,696,104,98,236,284,188,761,342,197,185,68,109,161,50,18,302,213,191,59,173,6,202,541
"COG4125",1,0,0,0,0,4,1,1,1,8,0,0,0,0,0,6,13,0,4,0,2,0,0,0,6,0,1,0,0,0,0,0,0,0,0,1,0,2,0,0,0,0,0,4,1,2,0,0,3,1,0,0,3,0,6,0,0,6,0,0
"COG4126",12,18,22,0,2,1,2,12,20,39,15,39,9,5,6,6,3,12,3,0,9,5,7,8,7,4,8,10,7,5,6,11,8,18,8,2,9,0,1,6,13,3,13,5,7,0,4,7,31,5,5,8,6,18,33,4,13,2,18,9
"COG4127",1,6,5,23,0,0,6,0,21,2,16,12,4,1,1,1,23,14,0,12,5,2,2,4,17,6,0,1,0,17,1,21,0,0,27,12,15,6,143,4,1,24,1,4,2,8,13,3,3,4,2,13,7,2,3,2,2,2,2,23
"COG4128",0,0,0,0,17,0,0,0,0,1,0,0,4,0,1,0,2,1,0,0,0,0,0,0,0,13,4,0,0,0,0,0,0,0,0,0,0,0,0,0,0,0,0,3,0,0,0,1,0,0,2,0,0,0,1,0,0,0,0,0
"COG4129",31,9,11,1,6,2,8,4,7,11,6,7,1,4,17,8,11,16,10,20,2,2,3,4,21,15,8,2,18,41,46,16,12,99,92,12,33,3,9,24,6,16,28,42,52,77,29,26,20,13,3,12,19,26,22,24,13,20,23,46
"COG4130",0,0,0,3,3,1,0,6,1,49,0,0,0,0,0,1,0,0,1,0,3,1,0,0,0,0,0,0,0,0,0,0,0,1,0,0,0,0,0,0,0,0,0,0,0,1,1,1,2,0,0,0,1,0,5,0,0,1,0,0
"COG4132",1,5,1,4,10,6,2,1,1,19,29,20,0,1,7,0,4,2,0,36,0,10,1,1,18,6,2,1,4,4,4,5,2,18,8,22,25,2,155,6,29,4,12,4,1,0,4,14,1,9,10,4,10,1,1,36,2,182,5,7
"COG4133",7,2,1,5,3,12,5,7,3,35,2,9,2,7,2,8,6,0,19,8,5,6,5,2,24,13,8,1,3,6,0,1,11,93,0,3,3,2,1,2,8,6,0,11,4,9,6,1,3,0,3,3,8,3,5,6,0,15,2,2
"COG4134",16,8,3,10,18,11,6,8,5,94,7,23,2,16,9,12,13,12,23,7,6,6,9,1,24,19,5,3,13,8,5,9,8,360,0,18,4,7,1,4,18,3,4,12,13,18,4,6,6,4,8,2,15,3,8,6,0,23,3,2
"COG4135",1,0,0,5,6,7,0,13,7,52,0,19,0,7,0,12,1,1,13,3,4,7,3,0,2,18,7,1,7,0,0,0,4,214,0,3,0,1,0,0,5,1,1,0,10,9,0,2,4,0,1,2,18,2,0,0,0,22,1,1
"COG4136",0,0,0,2,3,10,2,5,3,31,0,7,6,2,0,10,0,1,10,0,4,1,0,0,0,8,5,0,3,0,0,0,2,61,0,2,0,1,0,0,2,1,0,0,0,9,0,1,2,0,0,1,9,0,2,0,0,11,0,0
"COG4137",10,5,6,4,16,14,18,14,8,60,5,20,9,5,1,16,5,1,28,1,9,19,12,0,27,28,14,5,6,7,1,0,14,180,1,4,0,4,0,3,14,12,4,6,9,13,2,6,3,1,11,2,11,0,6,11,3,32,3,3
"COG4138",0,0,0,1,2,3,1,3,2,12,0,7,0,1,0,3,0,0,7,0,2,0,3,0,1,2,4,1,0,0,0,0,3,109,1,1,0,0,0,0,2,4,0,1,4,7,1,3,0,0,2,1,4,0,1,0,0,17,1,0
"COG4139",0,0,0,3,2,9,1,7,2,36,0,2,0,2,0,12,0,1,8,1,4,0,5,0,2,6,6,0,4,0,0,0,2,88,0,5,0,0,0,0,1,0,0,1,3,7,0,0,3,0,2,2,6,0,0,0,0,10,1,0
"COG4143",2,0,0,8,14,11,6,11,8,59,0,13,6,2,3,16,6,1,28,2,8,2,1,0,17,16,5,1,8,0,0,1,5,135,0,2,0,4,0,0,1,0,4,6,5,45,4,11,5,1,1,10,11,0,0,15,0,18,2,1
"COG4145",67,39,116,28,54,47,36,42,25,146,33,82,25,101,34,17,51,89,47,13,47,77,67,104,60,56,50,34,68,90,40,44,38,186,69,43,41,14,37,48,68,30,38,51,39,97,36,75,34,40,39,49,64,32,88,125,56,40,36,68
"COG4146",218,299,280,573,446,96,501,672,286,469,252,351,563,573,573,504,157,359,238,234,509,448,256,331,300,235,554,219,488,338,247,673,447,279,137,262,331,436,109,328,343,247,424,331,457,723,145,539,472,543,327,464,325,353,290,547,131,96,450,225
"COG4147",0,1,0,6,10,25,4,18,4,77,0,14,8,4,0,25,2,1,33,0,14,3,4,0,1,19,17,0,6,0,0,2,3,226,0,8,0,1,0,0,4,1,1,0,8,20,3,2,3,1,1,5,17,3,7,1,0,32,1,1
"COG4148",9,10,4,8,17,31,32,24,16,68,13,23,14,20,6,18,5,1,16,23,5,25,20,11,53,37,16,7,9,7,0,5,11,167,1,2,4,11,0,22,19,27,4,9,20,20,10,0,2,1,13,19,15,7,14,12,3,22,5,7
"COG4149",203,38,87,49,30,34,147,61,75,97,60,79,9,103,101,50,190,77,67,116,51,80,166,64,125,85,31,52,55,78,72,53,61,172,80,70,97,48,147,61,56,143,46,74,73,54,52,60,62,59,94,72,113,30,53,80,74,76,65,75
"COG4150",3,2,2,2,6,7,0,15,14,60,0,8,3,6,2,11,4,1,14,0,4,1,1,0,2,9,9,0,2,0,0,0,1,37,0,4,0,0,0,0,0,1,0,0,8,6,1,3,2,0,0,0,3,1,1,0,0,5,0,0
"COG4152",90,132,102,39,37,38,17,75,161,119,51,147,33,70,10,50,73,76,22,135,173,139,33,150,76,85,22,145,38,106,184,55,38,4,123,97,209,37,0,93,97,48,212,43,84,0,86,63,94,67,56,53,12,123,91,112,210,64,82,231
"COG4154",68,37,37,0,34,15,19,14,70,34,40,25,13,14,33,19,36,40,28,30,25,19,24,29,25,18,15,22,24,38,32,30,32,99,26,42,20,5,60,16,24,14,28,21,10,39,31,19,76,12,13,23,18,45,12,35,21,47,36,33
"COG4158",129,64,32,6,32,12,47,52,22,43,35,37,9,23,28,36,68,77,25,11,20,38,40,54,71,31,13,24,54,74,101,36,17,76,85,35,14,13,72,27,14,26,27,52,36,32,34,43,37,56,10,56,71,40,22,15,57,40,24,17
"COG4160",3,0,2,3,8,19,9,13,4,69,1,16,9,8,2,13,4,1,38,3,9,2,9,0,22,13,18,0,8,0,0,0,4,213,0,4,0,5,0,0,5,2,2,0,7,31,4,3,12,0,2,2,17,3,0,1,1,26,2,0
"COG4161",2,0,0,2,8,14,12,7,1,25,0,12,4,1,1,15,5,2,21,3,3,2,7,0,19,11,15,1,4,0,0,0,4,144,0,3,0,3,0,0,3,0,1,8,6,11,0,1,5,2,1,3,2,1,3,1,0,19,1,0
"COG4166",478,396,424,187,160,106,1028,278,644,551,420,568,106,720,444,187,830,438,403,1195,195,412,1347,202,451,460,165,407,177,494,630,410,618,1305,527,557,531,221,1080,284,347,553,206,484,371,363,437,187,527,626,568,103,462,344,347,221,524,2305,512,409
"COG4167",3,0,0,0,11,11,10,4,5,38,0,20,5,4,3,17,2,0,23,2,6,1,2,0,18,8,8,3,5,0,0,1,3,127,0,2,0,1,0,0,2,1,0,7,4,15,3,2,3,0,2,2,10,3,5,0,0,15,1,1
"COG4168",6,0,0,6,6,9,8,11,0,31,1,17,8,2,3,12,2,2,20,3,4,2,2,0,17,9,12,0,2,2,0,0,1,137,0,4,0,6,0,0,1,1,1,4,2,12,5,2,3,1,1,3,15,1,0,0,1,24,1,1
"COG4170",4,0,0,6,6,14,8,15,1,54,0,17,1,4,1,15,5,1,23,3,7,2,0,0,23,11,11,1,3,0,0,1,8,113,1,6,0,5,0,0,1,1,0,1,0,10,7,3,4,4,1,4,6,0,2,0,1,12,0,1
"COG4171",4,0,0,5,4,5,5,3,2,36,0,7,0,3,5,13,7,1,11,1,6,1,3,0,27,5,11,1,5,0,0,0,4,90,0,4,0,1,0,1,3,2,2,4,4,13,8,3,2,0,0,2,11,4,2,0,1,16,2,0
"COG4172",25,27,26,35,11,17,45,32,45,97,67,44,13,22,12,13,117,13,42,31,22,2,28,23,89,47,32,15,34,36,37,12,32,192,16,30,35,13,294,14,30,29,14,32,23,55,37,43,16,19,33,29,40,11,25,63,18,260,11,14
"COG4174",1,15,0,1,3,16,3,11,20,57,0,15,9,3,1,12,0,1,22,2,4,1,2,3,4,13,9,0,3,9,9,1,1,125,0,2,0,0,0,0,13,2,1,0,3,13,3,3,1,0,3,2,7,0,0,1,0,16,41,0
"COG4175",30,102,117,362,377,42,328,110,103,136,184,167,27,201,12,314,89,98,109,50,333,189,157,170,101,310,377,98,229,119,68,163,183,59,46,182,24,15,47,85,105,102,181,7,159,302,47,165,204,127,241,377,364,149,159,161,70,66,80,28
"COG4176",19,72,73,314,265,23,247,81,66,125,134,95,13,163,14,275,47,71,103,38,239,150,115,97,81,230,245,76,182,50,57,97,142,92,34,134,17,12,36,72,99,66,107,13,114,247,26,124,191,128,182,260,247,104,156,117,46,45,45,18
"COG4177",294,264,166,145,158,76,161,199,274,319,232,230,32,207,123,102,173,233,147,135,135,218,470,253,180,156,87,214,120,254,203,210,232,555,349,210,241,96,490,199,234,212,137,170,120,279,131,81,142,175,248,207,222,153,233,199,231,493,272,258
"COG4178",17,6,32,20,15,13,18,40,17,11,0,35,10,8,13,7,12,4,18,3,23,11,13,43,34,27,16,10,9,11,11,19,45,179,6,13,39,13,19,11,38,19,34,46,41,51,15,24,23,12,33,32,26,17,32,35,26,19,35,30
"COG4181",2,1,3,6,4,8,3,11,8,12,2,21,0,6,2,15,5,3,11,15,6,4,10,3,6,18,10,0,8,1,1,0,2,130,6,11,23,1,0,0,2,11,1,4,10,11,5,3,4,1,3,6,12,1,5,1,4,224,3,2
"COG4185",105,148,161,84,302,7,113,267,174,74,187,143,257,102,214,69,64,157,20,185,127,75,65,122,42,78,50,124,48,91,107,92,195,5,60,70,44,540,53,152,73,52,87,177,236,96,211,175,115,93,50,153,14,123,117,83,63,18,215,47
"COG4186",51,59,167,64,118,7,36,56,100,37,72,164,6,71,19,31,53,40,75,50,218,56,23,101,78,21,44,44,35,79,81,62,133,14,46,84,56,18,156,124,75,92,95,29,26,34,59,46,24,95,25,66,16,21,130,63,21,243,51,27
"COG4187",16,8,6,0,24,9,43,79,15,15,4,88,0,16,6,32,2,23,17,106,11,12,20,16,13,11,6,3,19,22,17,21,20,44,5,21,43,6,204,22,22,21,14,11,7,46,2,4,5,1,10,38,15,30,17,1,34,0,5,2
"COG4188",0,0,1,0,0,0,0,3,4,75,0,5,0,4,0,0,0,1,5,0,2,1,6,3,0,0,3,3,3,2,4,2,3,0,4,0,0,0,0,1,0,6,8,1,3,0,0,1,1,1,5,3,9,4,9,3,8,0,2,0
"COG4189",99,21,35,13,36,5,29,6,16,11,16,9,6,23,44,26,122,54,43,17,30,22,20,29,85,45,18,41,13,21,40,17,10,95,24,29,35,18,57,9,7,82,43,51,20,40,48,28,22,9,35,10,79,11,20,9,34,20,32,86
"COG4191",1,75,14,94,0,1,40,20,81,205,93,13,168,96,5,97,28,39,85,1,110,40,73,18,45,85,129,20,156,16,34,48,83,19,59,61,6,2,0,59,29,210,17,111,40,0,29,21,41,44,201,134,46,66,109,85,21,2,36,94
"COG4192",0,0,0,0,2,0,0,0,1,66,0,0,0,0,0,2,0,0,1,0,3,1,0,0,1,0,0,0,0,0,0,0,0,1,0,0,0,0,0,0,8,1,1,0,0,0,0,1,1,0,0,0,0,0,0,0,0,0,0,0
"COG4193",46,32,75,22,2,5,6,13,43,10,21,19,4,9,37,4,76,38,27,5,16,30,12,77,56,15,10,12,42,100,154,124,4,9,234,125,82,46,86,713,32,90,12,205,54,1,151,31,38,121,57,34,97,249,53,73,374,7,93,290
"COG4194",1,0,0,0,1,0,1,0,0,2,0,1,0,0,0,1,0,0,0,0,0,0,0,1,3,2,1,0,2,0,0,0,0,0,0,1,18,1,24,1,0,0,0,8,0,0,0,0,1,0,0,1,2,0,0,0,0,2,1,1
"COG4197",0,0,0,0,0,1,2,0,1,0,0,0,1,1,0,3,0,0,0,0,0,1,1,2,1,0,8,0,0,12,0,0,1,0,0,0,0,0,0,8,0,0,0,0,0,4,0,1,0,0,0,0,0,0,0,0,2,0,0,0
"COG4198",246,404,387,355,319,514,305,353,409,280,353,371,432,333,332,424,230,406,291,200,430,382,265,387,333,395,391,416,407,377,168,139,116,29,120,154,162,175,64,108,201,152,177,114,163,94,167,188,175,120,164,193,97,187,144,197,158,24,174,106
"COG4199",9,1,1,1,1,8,4,0,0,1,8,13,4,13,4,2,24,0,11,75,0,2,0,1,1,2,0,6,64,0,1,7,0,1,0,2,0,8,34,2,0,0,11,13,1,7,5,1,0,12,0,0,5,0,2,0,0,4,0,0
"COG4200",64,19,35,41,7,2,4,17,26,15,23,9,2,6,24,7,102,6,30,4,10,23,109,15,38,27,8,13,13,26,13,13,11,0,63,14,13,21,8,16,16,31,9,22,4,1,40,12,16,12,31,12,31,28,9,27,25,21,18,15
"COG4206",721,2084,1650,2767,2292,2718,1694,2657,1267,1997,1721,1903,2875,2145,1811,2779,670,1504,1606,1150,2332,1546,1233,1744,1094,2056,2853,1771,2114,1443,370,883,990,119,464,855,832,980,110,545,935,652,1076,629,847,938,464,1015,743,751,1088,735,502,681,1100,759,431,65,865,589
"COG4208",125,35,100,19,47,16,39,22,70,53,41,44,8,20,51,18,102,52,68,83,20,119,40,54,106,99,12,54,30,30,92,48,12,52,28,81,90,53,126,11,15,86,17,54,28,4,36,34,47,27,20,25,88,59,16,25,158,52,36,71
"COG4209",581,361,603,175,188,45,369,191,302,179,424,383,72,231,409,66,1044,375,336,289,99,382,490,400,702,356,204,366,375,1179,1057,286,237,272,879,237,401,266,814,313,159,541,948,493,414,63,706,332,463,328,380,209,436,451,352,333,565,155,392,587
"COG4211",285,105,223,55,60,21,156,64,210,140,86,98,30,145,158,75,290,141,147,82,69,143,248,183,195,90,38,59,82,169,272,114,100,234,354,120,153,49,138,67,71,148,68,175,83,113,210,69,207,123,118,71,152,208,110,151,304,53,110,182
"COG4213",216,16,36,44,94,37,47,185,41,106,44,109,15,29,43,63,57,31,54,44,34,42,65,60,20,65,37,61,54,121,92,38,47,298,232,76,39,10,29,34,46,33,36,37,51,133,37,27,40,26,29,33,57,17,60,48,40,283,21,25
"COG4214",75,9,29,16,54,17,23,67,19,79,21,59,15,16,23,44,24,18,66,38,15,27,45,20,16,32,20,19,23,35,34,11,33,348,89,52,42,4,17,16,31,22,16,25,31,73,24,8,14,11,9,19,37,7,18,18,16,264,14,14
"COG4215",3,0,2,7,13,12,5,19,1,84,2,23,8,2,2,32,0,1,31,5,10,1,3,0,19,21,17,0,3,0,0,4,5,205,0,3,0,2,1,0,7,3,0,4,10,19,4,1,3,0,2,5,15,3,5,0,0,30,0,0
"COG4219",545,407,463,192,147,67,147,137,457,102,278,304,79,106,237,88,611,418,352,59,150,312,260,411,308,219,149,333,246,626,393,293,59,278,846,328,187,156,396,242,157,516,231,365,262,117,389,226,465,195,176,195,618,327,234,142,415,204,200,381
"COG4220",0,3,0,3,5,7,6,3,9,0,0,30,19,0,0,37,2,1,9,1,1,0,2,0,1,7,19,0,4,0,0,2,0,162,1,0,0,0,0,0,3,4,0,0,2,12,0,1,1,0,12,2,4,1,2,0,4,13,4,1
"COG4221",59,143,127,174,280,385,158,236,171,262,161,213,311,225,149,198,96,168,233,83,258,148,91,194,166,176,220,199,206,159,78,219,281,147,104,160,182,220,47,151,242,181,210,131,226,230,229,275,178,149,160,243,207,166,207,228,98,171,179,110
"COG4222",36,5,47,5,5,314,6,92,42,2,5,30,156,6,137,2,3,2,1,153,3,0,18,90,3,12,4,134,3,111,4,16,9,11,0,3,106,219,13,2,9,2,40,185,94,0,5,82,2,2,2,8,5,2,1,68,0,1,102,68
"COG4224",79,31,71,22,20,7,65,25,42,29,36,33,10,42,46,12,99,44,44,85,16,42,61,36,51,48,12,53,37,54,82,51,20,28,55,38,48,28,43,31,16,62,24,63,40,18,61,26,60,61,26,23,39,55,45,23,69,41,40,53
"COG4225",392,1309,1024,1947,1529,2605,1703,1440,676,1326,1387,824,578,1568,626,1420,632,1109,1258,133,1336,1559,1047,784,1091,917,2148,1230,1518,657,928,1501,1968,187,701,1259,897,260,378,926,1015,1132,1113,1024,944,1879,535,1085,1205,2127,1549,1893,978,1423,1147,1244,869,266,937,904
"COG4226",36,31,53,18,21,7,5,68,28,21,11,48,93,7,109,23,32,13,9,90,11,36,76,20,6,6,34,16,17,70,15,9,6,1,16,15,4,60,0,6,4,12,5,4,16,12,7,3,4,25,3,4,25,4,2,1,17,26,23,11
"COG4227",53,253,646,256,1011,77,449,1185,62,342,328,572,777,452,31,173,54,126,517,67,385,290,386,478,234,317,328,50,43,217,180,100,237,13,188,204,104,8,145,419,499,25,462,533,331,162,127,1824,524,233,312,147,51,498,388,338,65,22,194,180
"COG4228",4,0,4,2,21,14,0,61,0,2,1,0,0,10,2,12,2,0,1,12,1,27,0,0,1,1,0,0,1,1,0,9,0,2,1,1,3,2,1,7,9,4,1,6,5,0,1,0,0,0,11,15,3,3,0,0,0,0,1,0
"COG4229",0,0,0,0,0,2,0,7,0,34,0,0,0,0,0,0,0,0,1,0,3,1,0,0,0,0,0,0,0,0,0,0,0,0,0,0,0,0,0,0,0,1,0,0,0,0,0,1,0,0,0,0,0,0,1,0,0,0,0,0
"COG4230",7,1,0,8,8,21,16,19,2,159,0,28,6,5,8,21,15,1,14,7,9,9,6,0,35,12,12,2,7,2,0,0,6,355,1,9,0,15,0,1,4,3,1,37,5,18,24,8,12,1,4,4,7,2,4,1,2,29,2,1
"COG4231",240,565,414,432,463,99,407,273,466,325,397,414,44,636,79,457,224,402,257,277,418,570,275,374,286,395,391,444,477,337,491,455,493,154,423,369,434,41,410,358,407,346,407,185,316,377,201,239,362,486,473,450,366,615,577,437,530,86,341,467
"COG4232",105,447,262,366,409,1014,223,403,315,471,238,324,663,318,385,388,118,286,355,239,472,328,208,241,300,312,384,411,216,316,280,434,337,290,189,276,321,443,13,219,493,220,541,332,449,343,461,518,329,313,323,302,337,245,339,283,212,65,333,255
"COG4233",10,7,6,4,10,13,13,12,29,89,3,3,1,5,1,9,4,0,3,4,4,30,10,5,22,16,1,7,0,13,4,4,10,0,0,2,3,3,0,3,15,27,3,0,11,1,7,1,1,2,12,10,0,4,11,14,6,2,7,4
"COG4235",14,17,7,24,32,32,47,28,34,50,15,30,7,18,9,23,17,4,61,20,8,31,22,5,101,39,32,7,17,13,1,6,13,311,3,11,5,12,3,5,24,37,0,20,29,23,15,8,8,0,32,16,12,8,16,32,2,36,5,8
"COG4237",2,10,11,15,1,18,15,14,16,7,7,22,4,11,4,0,5,7,9,3,13,19,19,16,19,17,13,15,11,28,5,16,12,46,12,17,1,6,0,11,27,1,22,5,13,27,8,8,12,10,10,11,3,11,15,23,2,6,1,6
"COG4238",0,0,0,2,0,1,0,3,1,4,1,7,4,0,0,5,0,0,14,0,0,0,1,0,2,2,10,0,0,0,0,0,1,79,0,3,0,0,0,0,1,0,1,0,0,5,0,0,0,0,2,0,11,0,1,0,0,8,0,0
"COG4239",0,12,0,5,4,11,0,7,28,41,0,9,4,4,0,6,2,3,18,4,7,3,2,0,1,8,9,0,1,11,8,0,3,125,0,3,2,0,0,0,8,3,2,0,2,6,1,3,2,2,2,2,13,3,3,0,0,13,45,0
"COG4241",3,6,33,25,4,7,17,4,54,18,6,64,9,6,21,20,6,2,7,87,17,8,25,59,0,13,6,13,6,20,4,8,15,0,3,6,41,14,105,23,25,14,10,14,6,25,16,2,21,9,9,26,2,8,12,18,9,0,7,17
"COG4242",0,0,0,0,0,0,0,0,0,5,4,0,0,0,0,0,0,0,0,1,0,1,0,0,0,8,0,1,0,0,0,0,0,0,0,0,0,0,0,0,0,0,0,1,1,1,0,1,5,0,0,0,0,0,1,0,0,1,0,0
"COG4243",0,0,0,1,0,3,0,1,0,3,35,5,0,0,8,0,4,0,0,26,0,2,0,0,1,2,0,1,0,0,0,1,0,0,1,13,26,0,144,0,15,8,0,0,1,1,0,0,0,0,1,2,5,0,0,0,0,272,0,0
"COG4245",3,0,4,0,3,3,3,1,84,93,8,3,262,1,3,8,1,0,4,0,0,6,2,2,0,3,17,45,1,4,21,7,2,52,80,3,2,152,24,5,10,36,67,169,3,10,332,619,2,23,8,28,6,10,2,0,0,9,1,5
"COG4248",8,2,12,8,4,16,4,10,41,0,8,25,15,6,2,16,5,3,34,1,5,3,2,4,2,16,46,5,6,13,25,5,1,224,1,3,5,0,49,5,30,3,9,9,5,16,17,1,1,13,5,4,16,15,2,2,18,31,3,17
"COG4249",68,35,48,71,5,137,0,14,41,11,98,49,355,15,50,34,27,34,166,1,17,18,25,139,21,96,42,144,56,22,40,142,29,0,32,137,62,86,9,17,80,24,60,181,115,0,444,153,12,331,29,76,10,103,100,9,104,5,128,90
"COG4251",2,3,0,0,10,0,0,0,2,0,0,0,0,0,0,8,0,0,10,0,0,26,0,19,0,0,0,0,0,0,3,0,0,0,0,0,0,0,0,0,1,0,1,3,0,0,0,0,0,0,0,1,4,3,0,0,0,0,1,0
"COG4252",4,0,0,35,21,0,1,0,2,0,1,0,0,0,0,6,0,1,0,0,1,1,0,0,0,0,0,11,6,0,0,0,1,32,40,0,7,0,0,0,0,0,8,0,3,25,19,1,1,0,3,2,5,108,6,3,0,0,0,0
"COG4253",0,0,0,6,6,0,0,13,0,206,0,14,1,2,1,24,1,0,6,0,6,3,1,0,9,0,0,1,0,0,0,0,0,20,0,0,1,2,0,0,12,4,2,3,2,2,1,3,6,0,0,0,2,0,2,1,0,0,0,0
"COG4256",0,0,0,0,1,3,0,1,1,18,0,4,3,0,0,3,1,0,7,0,0,0,0,0,0,0,1,1,1,0,0,0,0,16,0,0,0,0,0,0,1,2,1,0,1,2,0,1,0,0,1,1,2,0,1,0,0,4,1,0
"COG4258",2,7,3,1,12,12,4,2,13,21,3,21,310,18,5,0,4,0,10,13,5,29,2,0,41,25,1,0,0,0,11,6,0,0,4,0,9,2,2,4,93,10,1,7,15,2,11,1,1,1,17,14,1,8,12,8,0,1,3,10
"COG4260",386,211,229,61,57,40,178,83,208,88,136,230,183,164,83,32,297,237,137,274,59,193,303,174,148,149,76,314,140,254,110,66,14,13,178,56,115,32,172,180,58,83,34,68,41,31,76,22,87,46,52,62,55,82,53,36,120,95,55,107
"COG4261",20,64,39,73,153,14,146,47,35,70,53,71,98,152,8,89,48,25,31,13,47,122,79,62,63,42,91,59,73,10,26,55,86,0,5,50,6,29,47,85,84,38,33,5,74,155,15,39,96,61,59,113,71,83,59,58,33,15,33,16
"COG4262",0,0,0,0,24,1,2,0,0,0,0,0,0,0,0,18,0,0,0,0,1,0,0,0,0,0,0,0,3,0,0,1,7,57,0,0,0,0,0,1,0,0,4,0,1,43,0,1,0,0,3,2,5,0,0,9,0,0,0,0
"COG4263",1,0,1,0,0,0,0,1,5,5,7,0,0,0,3,8,0,0,0,0,4,1,0,7,1,0,0,6,0,0,0,0,19,0,0,0,5,0,0,11,1,0,0,1,0,2,0,0,0,0,0,0,0,0,0,0,0,0,0,1
"COG4264",0,0,1,14,10,2,3,1,0,1,0,116,16,5,1,60,0,2,0,0,6,4,0,0,3,1,51,0,0,0,1,0,0,1271,0,0,0,0,0,1,10,0,0,0,4,94,3,3,3,1,0,3,3,0,2,0,0,48,0,0
"COG4267",82,11,12,14,11,10,15,9,15,8,22,20,2,11,5,3,61,30,16,22,4,11,95,11,30,25,1,17,2,9,63,22,27,0,29,66,53,22,320,45,9,63,23,32,26,94,86,59,50,69,18,50,45,22,30,20,35,254,16,64
"COG4268",147,51,123,60,66,1,26,225,97,27,166,303,394,19,376,43,108,60,29,282,36,176,54,101,160,36,162,53,20,209,150,59,61,30,93,134,43,102,18,48,154,33,18,175,37,17,339,26,172,186,43,25,50,66,43,58,93,75,113,171
"COG4269",1,0,0,12,11,19,2,5,3,1,0,42,10,6,0,16,5,1,42,2,3,0,6,0,3,17,32,0,7,0,0,0,0,104,0,2,0,0,0,0,0,0,0,0,5,12,0,0,1,0,1,3,12,1,0,0,0,17,0,0
"COG4271",19,11,12,0,3,4,9,380,192,9,2,5,55,2,3,6,9,17,1,27,18,60,12,45,6,12,1,28,2,19,45,38,5,37,50,74,13,337,0,18,28,34,35,17,7,0,9,6,1,1,24,1,44,2,28,10,78,10,3,47
"COG4275",0,0,1,0,0,1,0,2,0,0,0,0,0,0,0,0,0,0,0,0,0,0,0,0,0,0,0,0,0,0,0,0,0,0,0,0,0,0,0,0,0,0,0,0,0,0,0,0,0,0,0,0,0,0,1,1,0,0,0,0
"COG4277",335,453,343,358,327,87,397,192,319,307,415,233,33,398,165,324,361,498,328,279,366,380,495,243,360,455,342,237,421,259,348,457,339,123,347,301,390,93,265,307,308,410,300,193,307,240,240,185,330,353,423,362,385,340,440,308,389,104,318,328
"COG4279",33,32,0,6,24,2,1,1,11,22,6,14,0,8,4,2,19,1,22,9,2,33,1,4,58,36,11,4,0,2,0,2,4,1,3,1,7,4,34,4,24,59,3,16,19,0,0,209,1,0,34,4,1,4,13,15,0,0,38,15
"COG4282",0,1,0,0,0,0,2,0,0,1,1,3,7,0,0,0,0,8,0,0,0,1,0,0,0,0,0,1,3,0,1,0,5,7,0,1,2,1,0,2,0,0,0,0,1,0,1,0,0,1,1,68,0,0,0,1,1,0,1,0
"COG4283",55,10,37,7,9,1,10,9,12,44,39,28,3,10,2,2,46,19,10,13,15,29,39,26,33,20,10,11,14,24,82,25,11,9,44,47,103,80,1,43,16,26,67,29,15,9,100,24,24,45,29,7,44,32,36,24,77,18,31,88
"COG4284",109,82,216,65,52,17,2,31,148,18,142,74,24,62,80,0,341,126,58,94,26,148,13,148,149,60,27,116,80,117,158,76,10,0,283,36,169,36,283,398,53,137,11,145,44,1,272,39,38,92,35,20,117,171,36,41,255,449,115,311
"COG4286",144,48,87,57,9,2,95,82,65,36,46,18,25,77,72,2,202,69,37,54,16,70,148,55,107,52,22,56,17,57,86,61,24,0,112,65,44,70,61,282,21,120,6,113,39,0,79,36,46,72,57,43,73,83,41,35,109,0,51,76
"COG4287",0,3,1,0,0,0,0,0,3,0,0,0,0,0,0,0,0,2,0,0,0,0,1,0,0,0,1,0,0,0,0,1,0,0,0,1,1,0,0,3,0,0,1,0,0,0,0,0,0,0,0,0,0,1,3,0,3,0,1,0
"COG4288",1,8,0,3,2,1,5,0,10,2,0,0,1,7,0,3,0,1,5,1,0,1,3,0,0,0,1,0,2,1,0,0,4,0,2,3,2,0,4,0,2,0,1,0,2,2,0,4,5,1,0,2,5,0,1,1,0,11,7,1
"COG4289",121,378,251,621,414,149,427,479,278,336,547,368,330,443,347,540,213,228,433,27,556,705,535,207,353,281,966,269,477,322,171,177,304,19,165,173,77,22,44,131,115,105,144,143,107,315,81,107,266,226,146,166,114,340,147,170,115,13,174,102
"COG4290",0,0,0,0,0,3,1,0,0,0,1,0,0,3,0,0,0,0,0,6,0,0,0,0,0,0,2,0,0,0,0,3,0,0,0,0,1,0,0,3,0,3,0,0,0,0,0,0,0,0,0,10,0,1,0,0,0,0,0,0
"COG4292",3,3,23,73,39,5,6,5,1,81,12,1,0,6,5,48,5,7,33,72,8,6,19,2,3,2,1,17,16,8,0,37,0,0,1,33,1,2,22,5,15,3,36,27,2,12,1,11,8,2,9,18,5,0,14,2,10,28,0,5
"COG4294",2,0,0,0,1,0,2,1,5,0,6,0,0,0,1,2,9,0,0,0,0,1,1,21,1,7,0,11,1,10,3,9,1,0,8,1,0,2,1,153,1,0,0,7,2,2,29,1,4,0,0,0,1,0,1,1,27,3,1,29
"COG4295",83,58,99,0,58,6,12,9,53,21,25,30,5,6,122,8,63,15,17,136,14,30,16,58,84,54,17,103,27,65,54,27,4,42,68,56,69,65,64,14,6,13,6,41,100,14,22,188,5,22,13,44,10,7,23,35,25,5,116,61
"COG4296",1,37,52,26,9,0,58,2,47,32,20,36,8,16,18,11,48,24,18,38,11,79,209,34,48,21,10,30,32,20,47,23,55,99,11,83,7,14,24,133,14,116,29,33,15,16,8,22,33,33,17,11,20,67,34,29,80,5,11,36
"COG4299",73,362,282,585,554,89,510,213,226,367,435,267,328,462,39,606,145,419,293,73,793,448,275,282,427,430,686,183,668,166,199,488,652,3,251,403,182,37,39,387,353,454,474,81,344,456,252,430,410,652,778,629,588,406,470,360,275,36,354,195
"COG4300",4,0,0,3,12,1,4,0,0,0,0,0,0,1,5,7,7,0,3,78,2,1,0,0,10,2,0,1,1,2,0,0,4,12,0,1,2,4,11,1,1,0,5,9,0,21,8,0,2,1,1,0,3,1,1,0,0,0,0,5
"COG4302",3,25,9,21,9,15,2,23,19,95,18,6,7,16,11,10,6,10,22,0,16,12,17,13,13,34,25,3,21,25,5,10,22,118,37,42,7,2,0,8,12,17,4,4,17,20,2,6,6,17,11,27,39,4,14,12,7,19,2,2
"COG4303",7,39,11,31,24,13,12,42,26,144,35,30,14,28,17,19,12,8,31,4,24,17,39,23,9,36,36,6,27,65,12,17,33,172,56,58,12,4,7,28,13,29,6,7,31,22,5,4,8,10,13,27,51,5,14,14,10,21,12,9
"COG4310",0,0,0,0,0,7,6,55,0,80,0,0,0,0,0,0,0,0,0,0,55,7,0,0,0,0,0,0,0,0,0,80,0,0,0,0,0,0,0,0,2,0,1,6,5,0,68,0,45,0,4,0,0,5,7,47,1,22,4,0
"COG4314",0,2,1,2,4,0,8,1,2,8,2,11,0,0,0,2,1,0,0,0,0,11,3,0,32,7,0,3,3,3,0,0,8,0,0,0,0,1,0,1,6,8,0,1,0,1,3,0,0,0,5,0,0,0,3,4,1,0,1,4
"COG4316",0,0,0,0,0,0,2,4,0,2,0,0,0,0,1,0,3,0,1,2,2,1,0,0,14,0,0,0,1,0,0,0,0,0,0,0,0,3,0,0,0,0,1,3,0,0,3,1,1,0,0,0,0,0,1,0,0,0,0,1
"COG4319",0,0,0,0,0,0,0,3,0,18,0,0,0,0,0,0,0,0,2,0,1,0,0,0,0,0,0,0,0,0,0,0,0,0,0,0,0,0,0,0,0,0,0,0,0,0,2,0,0,0,0,0,0,0,0,0,0,0,0,0
"COG4320",0,0,0,0,0,10,0,0,4,2,53,8,0,0,8,0,3,0,0,136,3,2,0,0,0,11,0,0,0,0,1,1,0,0,5,18,28,0,242,0,22,1,0,0,1,0,1,0,0,0,1,0,0,0,0,0,1,200,1,0
"COG4325",0,0,0,5,5,7,1,6,0,0,2,2,0,1,0,0,0,0,4,3,4,1,1,0,0,13,6,0,0,0,0,1,5,0,0,4,0,0,1,0,0,0,0,0,4,0,0,1,5,2,0,0,3,0,4,0,0,0,1,0
"COG4330",0,0,1,2,0,0,0,0,0,0,0,0,0,0,0,1,0,0,0,26,0,1,0,0,0,2,0,0,0,1,0,0,0,0,0,1,0,0,9,0,1,0,5,0,2,0,0,0,1,0,0,0,0,0,0,0,0,1,0,0
"COG4332",0,11,19,58,68,1,2,5,2,20,14,28,0,14,1,22,6,12,12,1,19,37,12,7,10,2,55,24,13,12,7,35,13,31,7,13,0,1,0,12,6,0,40,0,5,140,8,7,20,79,21,12,19,9,10,6,14,2,4,3
"COG4333",34,38,34,21,7,0,106,15,31,23,85,22,6,38,10,41,28,38,1,15,8,19,126,18,14,26,16,22,4,42,25,24,19,0,47,68,30,17,3,16,26,30,24,7,14,68,24,6,21,29,32,5,6,20,33,17,27,4,28,29
"COG4335",0,6,16,68,92,0,8,1,1,13,10,7,4,25,0,49,2,12,20,3,11,29,14,6,5,4,60,12,27,9,3,34,12,52,4,26,0,2,0,9,22,1,53,0,16,190,3,9,28,15,17,15,5,5,12,11,6,0,0,4
"COG4336",15,26,14,1,5,3,6,6,35,6,31,21,2,6,25,13,28,9,12,11,16,6,7,26,23,23,8,13,5,26,10,17,10,14,38,54,54,1,8,18,8,11,7,20,1,2,18,3,58,9,13,12,8,31,20,7,31,132,20,8
"COG4354",45,492,104,177,122,15,76,50,142,75,435,254,7,212,39,183,79,601,52,8,458,103,186,85,332,303,411,70,601,245,164,485,525,19,220,218,35,13,2,486,66,154,103,47,221,50,195,101,288,158,329,237,496,391,468,481,250,52,435,81
"COG4357",7,0,1,1,1,1,1,0,1,3,1,1,0,2,1,1,6,3,4,4,0,1,3,1,0,0,0,1,0,1,0,3,1,0,0,4,1,0,8,0,0,6,1,5,0,0,1,0,1,1,0,0,1,0,1,0,0,1,1,1
"COG4359",0,0,0,0,0,0,0,1,7,0,0,0,0,2,0,0,0,0,0,0,0,0,1,1,0,0,0,0,1,2,0,2,0,0,0,0,1,0,0,0,0,1,0,1,0,0,0,0,0,0,0,0,3,0,3,0,1,0,0,0
"COG4372",8,3,49,2,13,4,22,15,65,11,20,72,9,6,40,39,24,9,3,73,27,3,5,63,9,6,2,5,18,5,7,3,5,1,7,1,56,10,120,25,22,6,15,13,6,9,8,14,4,5,5,15,13,6,8,8,22,11,26,29
"COG4373",0,20,0,0,0,0,5,1,0,2,0,0,0,4,0,0,0,0,0,1,0,0,0,3,0,0,3,0,0,2,0,0,0,0,0,0,0,0,0,0,0,0,0,0,1,0,1,0,0,0,5,5,0,0,10,0,0,0,0,0
"COG4377",82,77,71,25,55,4,56,24,62,17,59,30,5,41,25,7,34,44,33,62,9,63,24,44,79,97,3,88,42,76,84,26,18,22,99,39,76,12,11,34,13,33,14,64,57,7,46,12,35,60,21,13,19,32,26,38,144,22,19,53
"COG4379",3,4,9,6,8,23,2,55,1,2,7,0,0,8,0,19,1,0,3,9,0,12,0,1,5,1,4,0,2,2,0,6,0,5,9,1,2,0,0,4,12,23,2,8,10,0,3,1,1,1,6,8,6,7,0,3,0,0,0,0
"COG4380",10,15,0,0,0,12,0,0,0,96,0,0,0,0,0,0,13,0,0,0,0,0,0,17,0,0,0,62,0,0,0,10,0,0,0,0,74,0,0,2,0,0,5,0,0,0,0,4,0,0,3,0,0,0,0,0,0,0,0,60
"COG4381",5,1,6,1,4,6,0,8,0,0,0,0,0,1,1,9,0,0,0,0,0,1,0,0,0,1,0,0,0,0,0,0,0,2,1,1,0,0,0,0,10,0,2,0,11,0,0,0,1,0,0,1,1,0,0,4,0,0,0,0
"COG4382",0,0,0,0,0,0,0,0,0,0,0,0,1,0,0,0,0,0,1,0,0,0,0,3,0,1,2,0,0,1,0,0,0,0,2,0,2,0,0,2,0,0,0,4,4,0,1,0,0,0,0,1,0,0,0,0,0,0,1,0
"COG4383",11,115,20,230,6,113,16,559,20,29,33,4,17,64,9,33,14,92,32,1,15,56,2,83,67,24,184,23,212,23,51,18,90,23,46,66,34,20,0,336,181,19,195,11,76,26,15,55,92,35,142,11,8,142,23,20,58,0,428,87
"COG4384",2,1,2,2,0,10,3,44,1,0,4,0,0,4,0,5,0,1,0,3,1,11,0,1,2,1,4,0,1,0,0,5,0,5,6,2,2,0,0,7,4,8,4,0,6,0,0,0,0,0,5,14,4,4,0,5,1,0,0,0
"COG4385",3,7,30,40,2,21,7,5,29,70,8,72,14,18,2,20,7,49,20,0,30,67,170,5,3,22,1,40,16,3,7,4,5,21,3,3,4,0,1,3,14,1,1,3,11,7,3,0,4,2,2,8,11,2,5,6,2,11,4,9
"COG4386",9,9,6,8,17,14,2,83,3,14,6,5,1,14,0,17,1,2,1,1,3,24,1,5,2,0,4,0,1,1,2,4,1,3,1,4,0,0,0,2,7,10,1,1,7,0,0,0,1,1,4,17,4,3,1,2,0,1,2,1
"COG4387",0,0,1,20,0,0,4,0,1,0,0,0,0,2,1,0,0,0,3,0,0,1,1,1,6,0,1,1,2,0,9,0,1,4,0,0,2,0,0,1,0,1,1,1,20,3,0,0,0,1,2,0,1,3,4,0,3,0,0,0
"COG4388",0,2,2,48,2,0,1,6,2,10,3,1,0,3,0,1,32,26,3,0,0,15,3,33,50,1,1,5,4,5,22,3,3,10,8,17,1,10,0,1,4,3,3,5,44,1,8,1,1,0,4,0,9,4,3,10,3,15,1,13
"COG4389",5,0,0,0,1,1,16,0,0,1,0,0,0,0,4,0,5,1,6,1,2,2,0,0,42,0,0,2,2,1,0,0,0,0,0,0,0,6,0,0,0,0,0,8,0,0,3,0,0,1,1,0,1,1,0,0,0,0,0,1
"COG4390",2,0,0,0,2,0,3,0,0,1,0,0,0,0,0,0,6,0,1,0,0,0,0,0,9,0,0,0,0,0,1,0,0,0,0,0,0,2,0,0,0,0,0,0,0,0,2,1,1,0,0,0,0,0,0,0,0,0,0,0
"COG4392",3,0,0,2,0,2,0,0,0,0,0,0,0,0,3,1,6,1,2,0,0,0,0,4,1,0,0,3,1,0,1,4,0,6,0,0,0,0,5,1,1,1,12,6,2,2,2,0,0,0,4,0,0,0,0,2,4,2,2,1
"COG4393",20,1,3,10,0,9,12,4,5,3,52,34,6,2,9,0,8,0,1,47,2,0,9,0,15,3,17,2,8,0,0,5,0,16,2,30,39,4,223,0,25,8,0,8,10,39,8,0,13,0,5,6,20,1,1,0,1,459,1,0
"COG4394",5,5,5,5,7,12,10,30,4,16,2,4,0,6,0,4,4,0,0,9,2,11,2,0,17,11,0,1,4,7,0,5,4,0,0,0,1,1,0,7,14,15,8,1,6,48,4,10,0,1,6,25,4,5,4,41,3,0,2,0
"COG4395",3,6,5,1,9,12,12,4,27,15,4,9,0,8,1,3,3,1,4,11,2,16,10,30,18,3,2,3,4,21,5,7,3,0,6,2,3,5,0,12,14,13,2,3,4,2,2,1,0,1,12,8,0,5,11,8,5,0,2,20
"COG4396",1,2,6,0,0,0,7,1,4,1,2,6,0,2,7,1,7,26,0,0,0,0,3,26,0,0,0,2,2,4,4,3,0,7,10,18,1,0,0,0,6,0,1,7,3,0,2,0,3,4,0,0,9,0,0,4,5,0,4,2
"COG4397",0,2,1,22,2,0,6,2,2,6,3,1,1,6,0,0,18,29,3,0,1,5,10,15,52,1,1,4,7,3,34,13,3,12,1,14,0,14,0,1,4,4,6,4,26,21,5,1,0,2,10,0,5,5,12,40,4,9,7,11
"COG4399",3,9,0,3,6,0,4,0,1,7,1,2,257,0,0,0,1,0,3,1,0,0,2,3,2,5,2,1,8,1,1,1,35,0,1,2,1,1,0,0,22,2,11,141,2,36,0,15,0,2,1,3,3,0,0,25,3,0,0,4
"COG4401",1,3,32,0,1,0,1,0,1,0,2,4,0,0,5,0,0,2,1,0,9,0,6,8,4,1,0,0,10,0,7,1,0,0,0,0,9,0,11,0,0,0,4,1,2,0,2,0,1,1,0,0,0,0,0,0,2,0,4,14
"COG4403",106,17,11,13,6,12,33,2,6,13,25,13,2,16,11,24,139,12,39,22,55,16,83,34,38,38,3,193,18,32,61,22,0,137,20,150,21,16,24,48,4,135,36,53,4,68,6,16,17,19,4,32,85,37,16,5,6,83,8,77
"COG4405",8,4,11,2,1,10,0,6,3,25,9,35,6,0,2,0,12,0,10,37,3,6,1,3,5,2,32,4,8,4,6,16,5,4,3,9,13,2,7,13,13,2,16,16,7,18,12,2,1,17,3,1,10,4,7,2,5,138,3,3
"COG4408",0,0,0,0,0,0,3,0,0,7,0,0,0,2,0,0,0,0,0,1,0,0,0,0,0,0,0,0,5,0,0,0,0,0,0,0,0,0,0,0,0,0,0,0,1,0,0,0,0,0,0,5,4,0,0,10,0,0,1,0
"COG4409",147,528,385,541,614,350,300,528,191,369,303,289,326,288,53,536,205,323,388,158,447,382,246,318,453,373,401,367,374,180,166,213,713,86,139,449,158,474,465,287,360,152,404,172,413,671,512,412,540,423,326,263,478,319,488,309,197,162,503,283
"COG4412",155,64,183,1,3,2097,17,915,62,4,25,85,745,53,1068,1,24,88,11,90,16,21,14,90,17,11,31,1002,6,458,298,75,125,13,187,173,634,578,29,34,118,15,89,1532,565,2,796,990,21,150,38,46,12,18,26,82,232,11,246,207
"COG4413",3,135,43,169,98,6,44,11,26,26,115,33,8,63,5,229,39,87,127,10,103,98,37,32,20,42,225,81,187,35,114,51,127,0,13,90,13,4,6,119,70,93,127,2,79,100,33,68,156,83,199,142,156,125,155,77,92,6,58,13
"COG4420",5,32,13,0,0,6,2,2,32,0,18,4,7,0,4,0,11,7,2,1,7,4,3,6,5,4,11,4,1,34,9,17,13,0,37,13,4,1,6,83,3,6,11,12,2,1,6,0,9,3,1,1,0,0,3,0,17,4,5,20
"COG4421",0,0,1,33,0,0,2,28,3,3,5,0,0,2,0,8,0,0,219,0,3,0,4,0,0,2,0,1,23,4,0,16,0,27,48,0,28,0,0,0,0,4,0,0,2,0,1,0,1,18,3,0,4,0,0,0,0,0,0,0
"COG4422",246,517,367,598,429,125,578,395,309,346,466,371,178,805,130,696,432,578,196,162,678,345,417,419,274,382,393,494,506,366,541,387,574,133,367,500,227,121,148,518,303,524,415,165,330,372,285,448,442,493,578,646,273,812,423,477,444,101,397,449
"COG4430",20,88,62,64,135,25,9,6,73,91,63,66,9,62,16,60,33,54,68,12,52,47,15,74,24,36,116,36,75,27,7,115,138,32,13,30,43,1,0,70,18,13,36,3,33,110,27,14,76,105,46,46,86,46,88,81,68,6,75,70
"COG4443",59,17,40,25,38,4,40,10,49,14,40,40,10,22,35,23,57,67,29,47,13,69,42,54,77,34,18,46,25,60,52,23,20,32,66,45,62,26,60,66,17,66,10,35,14,51,51,18,36,9,25,18,56,53,17,17,62,25,24,34
"COG4445",0,0,0,0,0,4,0,10,0,54,0,0,1,0,0,1,0,0,1,0,2,2,0,0,0,0,0,0,0,0,0,0,0,0,0,0,0,0,0,0,0,1,0,0,0,0,1,1,3,0,0,0,0,0,2,0,0,2,1,0
"COG4448",0,7,118,0,1,0,0,0,26,3,4,20,2,7,10,0,11,3,0,0,18,1,1,72,0,9,5,1,13,28,20,10,1,0,29,9,30,0,0,7,1,2,12,22,3,0,10,1,0,2,3,3,6,4,9,9,2,2,23,46
"COG4452",1,96,55,168,119,11,21,34,20,113,24,78,15,48,4,65,8,22,75,2,49,71,41,20,12,26,152,31,71,47,20,120,33,256,14,101,12,2,1,45,70,17,169,1,65,243,13,34,39,113,57,27,116,40,47,78,33,39,12,11
"COG4453",0,0,1,2,4,1,1,8,0,83,0,30,3,0,1,6,0,0,3,0,4,1,2,0,1,0,6,0,2,0,0,0,0,3,0,0,0,0,0,0,0,1,1,0,0,10,0,3,3,0,0,0,3,0,4,0,0,8,0,0
"COG4456",5,10,6,0,3,0,0,0,0,0,3,6,3,4,1,6,0,3,0,4,4,2,0,1,7,2,2,3,0,2,3,1,0,0,0,2,2,3,13,5,2,0,0,3,3,0,2,3,0,2,0,11,5,1,0,0,3,0,1,11
"COG4457",6,5,1,0,1,1,12,130,17,24,0,36,0,12,1,0,1,1,13,4,69,9,5,22,38,6,115,36,10,5,1,9,12,3,12,2,3,14,0,8,0,12,6,217,50,0,5,2,69,4,12,9,20,6,22,8,8,1,2,76
"COG4458",4,4,1,0,1,0,20,66,8,3,0,10,0,8,1,0,0,4,10,0,3,18,9,4,34,4,5,7,9,4,1,11,4,0,8,1,4,8,0,8,4,19,2,11,57,0,8,2,4,0,5,1,9,2,13,10,4,0,3,5
"COG4460",0,0,0,2,0,1,0,1,0,34,0,0,1,0,0,0,0,0,0,0,1,0,0,0,0,0,0,0,0,0,0,0,0,0,0,0,0,0,0,0,0,1,1,0,0,2,1,1,2,0,0,0,0,0,0,0,0,0,0,0
"COG4463",23,19,61,14,15,7,20,4,62,10,34,70,8,17,22,19,77,28,24,67,19,11,25,57,26,26,12,12,22,38,23,37,17,1,38,82,36,24,107,123,34,19,22,36,7,22,72,8,59,12,23,18,17,33,25,32,47,21,47,42
"COG4464",304,223,318,152,215,50,138,256,261,251,216,247,142,195,125,342,334,190,325,261,244,195,280,440,195,298,244,170,212,179,114,88,81,69,133,90,62,126,87,195,80,159,78,75,71,63,94,84,111,113,104,103,99,109,90,79,99,51,99,143
"COG4465",198,58,156,49,89,33,68,52,32,62,89,81,22,30,76,49,138,124,74,97,54,91,59,121,127,97,29,115,98,115,51,22,9,27,42,25,37,15,34,19,10,34,42,42,25,18,43,29,19,22,17,35,28,24,34,33,32,30,30,38
"COG4466",7,0,16,0,0,5,2,0,1,0,1,1,2,3,1,2,32,0,5,28,0,1,1,5,4,3,0,1,0,1,0,2,0,0,22,6,4,1,26,46,7,1,9,11,1,1,12,4,0,0,0,0,1,8,4,0,17,13,3,35
"COG4467",6,0,0,0,0,4,1,0,0,0,0,0,0,0,3,0,7,0,2,53,1,1,1,1,0,0,0,1,0,0,0,1,0,0,0,1,0,0,16,0,0,0,7,8,1,1,0,0,0,0,1,0,0,0,0,0,0,27,0,0
"COG4468",463,221,349,98,65,54,272,91,313,148,337,169,45,225,247,69,410,242,180,369,118,343,374,256,326,193,115,293,197,400,402,183,168,155,473,394,370,163,601,144,192,342,118,332,146,152,315,155,265,247,199,197,283,223,177,283,355,421,219,394
"COG4469",4,0,2,3,0,10,1,0,0,0,0,0,0,0,2,2,9,0,4,105,0,1,0,0,0,2,0,0,0,0,0,0,0,3,0,0,0,1,26,0,0,0,16,11,0,5,0,0,1,1,0,0,2,0,0,0,0,52,0,1
"COG4470",3,0,0,1,0,3,2,0,1,0,0,0,0,0,5,0,9,0,9,113,0,1,1,14,0,0,0,3,0,3,1,8,0,0,1,0,3,1,27,61,1,0,7,12,1,4,7,0,1,0,0,0,2,0,0,0,11,32,1,14
"COG4471",1,0,0,0,0,3,0,0,0,0,0,0,0,0,2,0,2,0,4,17,0,0,0,0,1,0,0,2,0,0,0,0,0,0,0,0,0,0,8,3,0,0,12,8,0,2,0,0,0,0,0,0,1,0,0,0,0,2,0,0
"COG4472",123,52,120,34,39,18,75,30,103,37,74,96,31,53,63,32,114,91,61,103,39,83,105,129,103,62,34,94,62,113,123,80,59,40,132,97,111,67,111,151,41,85,45,78,50,29,115,25,60,68,59,64,73,103,61,67,126,52,76,174
"COG4473",7,0,0,0,0,9,3,0,0,0,1,0,0,0,4,0,8,0,9,167,0,0,1,1,2,1,0,1,0,0,0,0,0,0,0,0,1,0,30,0,0,0,12,6,0,10,0,1,0,1,0,0,2,0,1,0,0,74,0,1
"COG4474",20,157,60,61,51,7,131,51,101,83,119,54,33,88,28,72,38,70,47,65,136,51,79,91,127,114,89,98,40,71,79,35,88,2,147,33,52,7,33,62,92,100,89,25,116,6,79,19,150,41,42,50,5,138,125,48,56,34,58,103
"COG4475",66,67,108,20,26,23,116,21,103,26,47,39,7,82,35,20,138,66,28,50,35,48,146,60,26,42,24,38,55,68,96,65,34,41,127,92,46,45,68,48,73,69,34,37,46,42,93,9,52,80,83,61,64,64,70,51,69,15,58,58
"COG4476",5,0,0,0,0,1,0,0,0,2,1,0,1,1,1,0,13,0,4,17,0,1,0,1,0,2,0,0,2,2,2,0,0,1,0,2,1,2,7,1,0,1,2,3,3,3,0,1,0,0,0,1,0,1,0,0,1,2,0,6
"COG4477",67,0,3,4,4,9,3,1,18,9,0,3,3,3,10,2,61,5,14,166,1,3,3,52,4,6,1,23,3,24,13,25,0,3,33,5,15,2,33,245,4,1,40,65,8,15,41,2,2,4,3,5,8,1,0,2,48,75,4,65
"COG4478",13,5,6,1,1,2,6,0,7,9,11,6,1,7,5,1,31,5,15,67,0,2,11,9,11,13,0,2,10,7,4,0,1,0,2,20,3,0,23,14,4,6,14,6,8,13,1,2,2,11,8,3,8,5,6,0,3,33,1,16
"COG4479",2,0,1,0,0,1,0,0,0,0,0,1,0,0,1,1,4,0,1,33,0,1,1,0,1,1,0,2,0,0,0,1,0,0,0,1,0,0,5,0,0,0,5,0,1,3,0,0,0,1,0,0,0,1,0,0,0,5,0,0
"COG4481",80,26,58,12,23,5,19,14,44,12,28,38,7,17,25,17,98,35,36,62,21,22,17,71,43,44,20,56,32,43,45,27,14,23,54,46,38,24,93,111,24,35,33,67,25,21,61,13,22,31,14,38,44,38,23,36,67,26,23,80
"COG4483",0,0,0,1,0,4,2,0,0,0,1,0,0,0,1,1,5,1,2,24,0,0,0,0,2,0,0,1,0,0,1,0,0,1,0,0,0,0,7,0,1,0,6,5,0,3,0,2,0,0,0,0,1,0,0,0,0,11,0,0
"COG4485",917,434,949,155,320,77,287,116,411,181,632,310,89,261,339,137,863,739,516,570,99,617,281,487,816,761,131,820,461,759,845,322,175,250,772,786,683,267,495,548,157,511,214,560,190,98,590,175,873,495,232,202,415,387,314,295,726,270,287,872
"COG4487",117,43,6,0,0,9,6,7,24,22,21,98,3,0,5,0,19,6,12,3,13,27,4,9,30,8,16,52,6,25,28,3,2,0,10,6,124,1,44,7,16,11,19,268,5,6,21,1,6,18,0,3,8,4,8,1,30,13,9,48
"COG4492",170,71,110,47,68,30,74,47,113,52,101,119,23,55,81,48,150,97,82,105,47,111,146,103,149,102,32,87,67,121,132,86,51,40,128,98,135,53,151,76,59,108,64,88,56,86,93,90,109,71,76,89,123,61,69,97,121,39,67,127
"COG4495",9,2,35,1,11,0,1,1,8,0,2,11,5,11,23,11,24,12,4,6,0,21,7,6,7,8,0,21,1,1,19,20,0,38,7,2,5,5,0,79,2,6,6,7,2,11,21,4,10,0,1,1,2,4,4,1,13,3,14,29
"COG4496",143,89,126,45,41,10,95,47,122,41,98,106,28,62,71,28,174,111,70,97,48,93,164,117,116,94,23,96,55,155,144,72,63,39,122,140,95,66,117,61,58,109,48,72,56,42,108,36,114,94,66,54,91,90,82,61,129,46,77,119
"COG4499",9,11,3,0,1,0,7,0,4,11,0,1,0,2,6,1,2,2,7,36,3,3,4,9,0,0,2,0,1,5,2,6,0,20,5,0,13,0,3,8,0,0,3,1,1,7,6,2,0,0,0,0,0,0,5,0,9,0,3,3
"COG4502",0,5,10,5,0,1,1,0,15,0,0,0,0,1,0,0,0,9,0,0,6,1,0,0,0,0,13,0,0,15,5,0,0,0,13,4,10,0,0,18,3,0,1,2,10,28,2,1,0,8,0,2,0,2,6,0,2,0,2,0
"COG4506",242,93,179,42,79,25,105,51,160,65,125,134,31,92,114,44,167,156,100,140,62,133,169,128,171,103,48,106,76,188,141,103,38,56,188,149,131,68,156,74,69,145,65,107,78,48,150,65,147,92,99,90,130,103,89,96,126,82,97,141
"COG4508",0,0,0,0,0,0,0,0,0,5,1,1,0,0,0,0,6,0,0,0,0,0,0,0,0,7,0,1,0,0,0,0,1,0,0,0,0,0,0,5,0,0,6,0,0,5,1,0,0,0,0,1,0,0,3,0,1,1,0,4
"COG4509",602,414,570,98,176,67,249,95,465,117,344,275,84,274,216,139,575,378,246,345,150,293,228,560,309,238,122,425,269,529,504,231,86,392,801,474,380,138,319,526,257,326,182,377,172,185,610,130,406,289,168,158,342,257,334,296,577,214,193,459
"COG4512",33,0,40,0,6,1,1,0,11,2,0,1,3,2,0,0,23,5,12,32,0,19,11,24,7,39,0,31,1,11,12,23,0,32,13,3,46,0,7,132,0,1,0,28,0,0,48,1,0,1,5,2,0,13,5,1,41,11,8,51
"COG4521",22,2,9,11,14,15,45,19,13,47,18,27,10,8,13,18,9,3,34,3,13,2,13,8,4,51,21,3,7,23,4,3,15,184,57,9,0,4,2,16,10,3,16,12,24,12,3,19,44,19,5,23,11,7,8,36,7,18,4,20
"COG4525",1,3,1,4,3,5,7,8,2,42,0,10,1,4,2,3,9,0,12,1,5,1,1,0,13,16,5,0,4,0,0,1,2,83,0,3,1,4,0,0,0,1,1,7,0,3,3,1,4,0,1,0,6,1,2,0,0,15,3,0
"COG4529",0,0,0,8,10,12,6,21,2,83,0,29,7,8,0,23,3,0,39,2,13,3,7,0,1,18,24,0,4,0,0,1,3,88,0,2,0,2,0,0,1,0,0,0,6,12,0,3,2,1,2,0,8,0,7,0,0,20,0,0
"COG4531",1,0,0,3,7,11,11,7,1,59,1,10,6,1,3,10,4,0,23,0,9,1,2,0,13,11,15,0,5,0,1,0,3,150,0,5,0,5,1,0,3,2,1,10,5,15,3,9,3,1,4,3,12,3,6,1,0,13,0,0
"COG4533",3,0,1,18,6,26,9,32,13,143,0,26,19,18,4,35,7,3,68,2,23,4,12,0,10,24,21,0,5,0,0,2,16,511,0,8,1,0,0,3,6,8,13,0,11,44,4,2,9,4,6,5,21,6,9,0,0,51,2,1
"COG4535",10,5,5,10,15,21,27,69,16,74,6,24,10,18,4,18,8,2,35,10,12,21,7,4,24,19,16,5,11,11,0,6,11,185,1,7,4,8,0,14,7,29,6,10,16,14,7,5,6,4,11,20,19,11,19,12,3,16,4,4
"COG4536",120,83,154,34,254,226,186,266,111,290,123,162,395,143,284,80,76,66,243,191,82,81,57,193,111,69,101,142,63,181,51,53,111,184,80,52,165,457,59,64,82,35,111,203,266,108,294,332,91,93,35,122,8,76,68,117,101,40,148,143
"COG4537",19,1,1,1,1,0,0,0,0,0,0,3,0,0,7,0,13,2,3,3,0,0,0,1,4,0,1,1,4,1,2,2,0,1,2,3,3,0,3,2,1,0,10,11,4,2,1,2,0,1,0,0,2,1,0,2,3,0,0,5
"COG4540",2,7,19,20,3,19,1,11,8,45,0,73,7,4,1,23,6,2,5,45,2,45,7,2,1,13,0,4,15,0,5,3,1,6,6,9,1,0,3,2,3,3,3,0,3,7,5,3,4,5,12,3,13,2,5,0,16,25,12,0
"COG4541",1,1,1,1,3,0,0,0,3,6,0,0,0,0,0,0,1,0,0,1,0,6,0,0,7,0,0,0,0,0,0,0,0,0,1,0,0,0,0,0,2,0,0,3,2,0,0,0,0,0,1,0,0,0,1,1,0,0,0,0
"COG4542",9,0,22,0,8,4,16,10,37,50,15,36,0,0,23,12,17,0,2,35,15,2,0,30,5,0,0,1,8,0,0,2,0,0,0,2,20,9,81,20,12,9,7,15,8,4,4,1,9,0,1,0,9,1,1,2,2,8,9,16
"COG4545",0,1,0,0,0,0,0,0,1,4,0,0,0,0,0,0,0,0,0,0,0,0,1,0,3,0,0,0,0,0,0,1,0,0,0,0,0,1,0,0,0,0,0,6,0,13,1,0,0,0,0,0,0,0,0,17,6,0,0,1
"COG4547",1,0,2,0,0,0,0,0,2,0,0,1,0,0,0,0,3,0,0,0,0,0,0,0,0,0,0,4,0,0,0,0,0,0,0,0,0,0,0,0,0,0,0,0,2,0,0,0,0,0,0,0,0,0,0,0,0,0,0,0
"COG4548",87,41,28,7,27,6,43,4,35,11,13,34,8,12,13,29,59,24,19,7,10,13,21,20,4,18,12,32,9,74,118,69,8,255,116,62,45,17,99,64,68,85,47,45,18,30,50,19,65,28,34,36,76,30,101,34,47,93,44,62
"COG4550",5,0,0,4,1,2,1,0,0,0,0,0,0,0,3,0,2,0,5,0,0,0,0,0,1,0,0,2,0,0,1,0,0,3,0,0,0,1,5,0,0,0,5,3,2,4,1,0,0,0,0,0,1,0,0,0,0,7,0,0
"COG4552",218,162,170,228,289,32,184,75,180,99,160,206,22,211,110,249,231,256,141,257,153,230,304,191,153,280,210,145,195,150,233,286,189,117,213,175,143,38,304,170,209,217,231,127,158,302,164,109,127,239,239,171,383,246,220,194,259,152,119,177
"COG4555",0,4,0,4,9,2,7,0,38,4,1,0,1,4,0,16,4,1,4,0,0,40,4,51,10,0,0,2,6,8,24,6,3,51,3,2,1,0,11,0,1,0,10,10,1,9,10,10,0,0,3,1,2,45,6,5,80,40,7,11
"COG4558",1,0,1,4,2,14,0,17,0,50,0,0,2,1,0,12,0,0,1,0,5,1,7,0,1,0,25,0,6,0,0,1,0,11,0,2,0,0,0,0,4,1,0,0,0,19,2,0,3,0,0,4,0,0,1,1,0,30,0,0
"COG4559",0,0,0,2,3,18,0,13,0,40,0,1,3,1,0,25,0,0,0,0,1,0,7,0,1,0,13,0,2,0,0,1,0,17,0,2,0,0,0,0,3,0,3,0,1,18,0,0,1,0,0,0,0,0,0,0,0,24,0,1
"COG4564",34,89,27,0,0,68,0,27,43,230,79,96,5,60,12,2,21,148,223,0,71,25,0,78,43,11,0,0,0,39,62,123,0,0,106,36,158,1,0,59,183,6,135,3,9,0,18,15,2,34,31,0,0,96,67,138,14,0,45,173
"COG4565",5,6,9,13,10,38,12,33,9,140,4,34,16,14,9,19,8,13,51,6,19,7,20,7,17,40,51,2,13,13,9,1,36,491,20,22,9,2,0,5,10,8,16,2,15,64,5,24,16,7,4,14,21,6,21,18,34,62,7,7
"COG4566",21,14,28,22,27,17,35,9,43,24,30,22,1,29,6,35,11,0,15,32,9,50,17,17,44,28,10,19,14,20,4,22,78,0,17,8,25,27,2,81,78,69,37,15,110,31,17,13,3,4,59,82,0,21,50,62,14,5,14,43
"COG4568",0,0,0,0,3,5,0,4,0,27,0,6,2,4,0,4,1,0,10,0,1,0,0,0,1,4,4,0,1,0,0,0,1,65,0,3,0,0,0,0,1,1,0,0,5,6,1,2,1,1,0,1,5,0,2,0,0,4,0,0
"COG4569",0,0,0,7,7,18,3,8,5,34,0,10,6,10,0,0,7,1,30,2,2,1,7,0,3,28,7,0,3,0,0,2,2,193,0,10,1,1,0,0,0,0,1,0,12,16,1,5,2,2,2,1,20,3,3,3,0,17,0,0
"COG4570",17,18,22,18,5,14,4,34,20,5,12,67,8,20,13,21,58,17,13,7,23,17,45,14,0,22,9,6,8,14,30,12,10,83,39,33,5,4,37,98,9,9,7,14,15,16,32,20,30,26,4,140,21,43,3,10,29,22,30,52
"COG4571",0,0,1,6,2,6,0,2,0,0,0,0,0,1,0,56,1,0,0,0,3,0,5,2,1,0,3,0,6,1,1,1,0,5,0,2,0,0,0,0,0,0,1,0,0,10,0,0,1,0,0,1,4,0,0,0,0,2,0,1
"COG4572",0,0,0,0,2,2,1,6,1,18,0,5,3,0,0,7,3,0,13,1,4,1,0,0,0,2,6,0,0,0,0,0,2,37,0,3,0,0,0,1,0,0,0,0,3,1,0,1,0,0,0,1,3,1,1,0,0,6,1,0
"COG4573",42,17,20,18,18,11,154,21,67,23,21,37,33,58,10,32,54,19,48,47,5,22,182,15,5,41,31,25,8,25,20,39,72,314,15,55,25,3,0,13,40,18,7,54,61,27,23,11,37,63,11,9,34,14,23,21,25,50,21,36
"COG4574",0,0,1,1,9,5,1,5,1,33,0,12,1,2,0,3,2,1,15,2,2,0,1,1,0,11,7,0,2,0,0,0,3,85,1,4,0,0,0,1,1,2,0,0,1,6,2,5,2,0,0,0,10,0,1,0,0,8,0,0
"COG4575",1,0,1,7,8,10,17,9,5,51,2,15,6,6,1,24,3,0,28,3,12,2,6,0,5,22,19,2,9,1,1,1,10,227,0,4,1,3,0,2,3,6,1,0,6,27,4,6,7,0,1,2,11,3,2,1,1,28,2,0
"COG4576",32,15,11,18,17,14,8,17,30,29,8,19,0,14,13,20,12,12,16,23,12,12,40,14,18,15,16,2,21,12,10,6,16,69,19,14,6,19,12,9,10,15,14,15,17,38,12,24,7,3,23,22,30,10,19,42,8,39,17,17
"COG4577",158,42,33,58,68,27,51,73,45,264,33,61,9,36,46,90,71,37,77,92,39,56,135,42,37,53,53,24,69,38,37,34,38,202,58,76,19,42,66,24,29,49,39,60,50,137,32,107,29,14,57,80,102,15,55,146,36,165,43,30
"COG4578",0,0,18,3,5,9,1,7,1,30,1,26,1,1,16,7,3,1,9,0,13,1,1,31,2,7,9,0,9,0,0,1,4,60,0,0,2,2,3,1,1,1,3,2,7,6,0,3,3,0,0,1,5,4,2,1,0,13,13,5
"COG4579",1,0,0,5,14,21,5,29,6,118,0,13,14,8,1,13,8,1,37,1,8,2,5,0,3,19,17,1,7,0,0,1,8,359,0,7,0,2,0,0,6,5,1,0,9,24,2,5,7,1,2,0,9,4,6,3,0,38,1,0
"COG4580",5,0,1,19,33,69,11,417,8,418,1,81,31,7,1,89,10,5,110,8,45,7,6,0,15,37,64,0,9,0,0,2,16,899,1,15,0,4,0,0,9,11,4,0,19,61,17,22,32,4,8,14,36,2,29,3,0,73,2,1
"COG4581",7,0,1,10,2,25,0,2,9,20,201,60,0,0,15,1,20,0,6,123,1,1,1,13,2,27,2,2,0,0,0,8,0,0,12,121,158,5,845,0,67,25,0,8,2,6,6,0,5,0,12,3,9,0,7,0,2,1472,4,10
"COG4582",1,2,0,2,1,4,2,19,11,25,2,9,5,1,1,5,0,1,10,1,5,0,4,0,1,7,7,1,2,3,1,0,4,176,1,9,0,1,0,4,3,13,1,0,12,18,2,6,1,0,0,4,10,0,1,4,2,27,4,1
"COG4584",1613,1651,1052,630,992,227,2002,702,598,637,1105,1329,115,1821,217,1945,383,1675,636,1446,3430,964,545,421,1202,1980,902,290,258,381,687,380,1376,1591,1461,435,681,82,2919,1503,940,772,1370,924,2685,513,1065,2277,2188,535,899,402,574,1497,508,1076,684,1084,1255,520
"COG4585",353,292,274,174,337,194,373,119,125,376,421,200,360,65,152,273,243,291,560,471,224,236,133,240,280,292,217,253,248,265,370,198,179,147,285,250,699,43,1111,163,291,332,451,320,150,135,190,156,184,247,304,238,367,197,192,250,291,1395,127,435
"COG4586",7,12,16,2,18,2,1,1,8,12,18,10,3,3,60,2,8,7,43,1,1,6,24,26,6,10,1,19,9,21,7,2,6,28,65,14,29,0,3,5,14,32,46,8,2,51,32,9,5,2,4,3,28,6,11,23,27,37,1,27
"COG4587",7,9,11,2,26,0,4,2,2,3,13,10,6,0,47,5,9,2,18,2,0,10,31,14,1,10,1,9,7,16,9,2,4,12,40,8,27,1,1,2,15,16,43,10,3,33,24,6,4,2,4,7,35,24,2,33,22,30,4,18
"COG4589",14,22,21,80,166,13,35,10,16,24,16,24,5,39,5,25,5,8,90,10,39,44,20,10,37,41,63,27,28,16,5,32,42,106,5,42,3,8,1,17,54,19,29,12,20,176,4,8,43,56,39,29,75,24,13,26,15,9,5,6
"COG4590",1,16,0,0,0,0,0,0,25,0,1,0,0,0,0,0,0,0,0,0,0,0,0,0,0,0,0,0,0,0,0,1,0,0,0,0,2,0,0,0,0,0,0,3,0,0,0,0,1,0,9,0,0,0,0,0,0,0,27,0
"COG4591",213,496,421,544,507,1326,632,454,373,581,442,392,909,507,240,606,222,474,571,191,691,421,375,349,382,471,580,662,452,395,469,491,558,280,365,449,539,542,119,345,718,656,709,590,525,486,683,1032,461,476,556,626,360,462,492,561,272,103,322,413
"COG4592",0,0,0,5,1,17,1,8,1,34,0,11,0,8,0,10,4,1,24,2,4,3,3,0,1,15,12,0,2,0,0,0,4,125,0,1,1,1,0,0,1,2,0,0,3,6,1,0,1,2,2,4,7,0,2,0,0,16,0,2
"COG4594",2,0,0,3,0,2,8,0,2,0,1,13,3,2,2,2,3,0,2,0,0,1,1,0,13,5,2,2,1,0,0,1,2,0,0,2,0,5,1,0,0,1,0,15,1,0,3,2,1,0,1,0,0,0,1,0,1,2,0,2
"COG4597",6,3,6,8,22,14,16,11,10,13,7,29,11,7,0,12,5,1,23,13,1,23,13,8,33,39,28,0,3,6,0,2,2,69,0,2,0,1,0,5,2,6,2,1,3,10,4,3,0,0,5,4,5,2,3,6,2,10,1,1
"COG4598",2,5,1,6,11,9,1,14,2,91,0,9,9,2,1,10,0,1,23,3,13,4,2,0,3,6,17,0,5,1,0,1,1,103,0,2,0,0,0,1,1,2,2,0,3,10,3,2,7,0,0,3,11,1,3,0,2,18,1,0
"COG4603",135,119,94,39,65,19,91,37,177,33,98,91,24,90,44,36,100,101,65,72,63,84,179,112,103,92,37,75,83,144,304,233,198,414,514,269,175,94,246,201,248,213,163,185,156,209,203,92,297,181,219,247,164,214,230,202,256,215,208,281
"COG4604",37,12,8,7,5,8,24,2,13,18,25,6,2,12,8,19,1,24,18,3,3,28,7,0,52,9,2,45,31,24,2,5,5,50,1,10,51,6,13,9,5,9,8,10,8,8,3,13,9,0,10,11,9,37,10,19,31,26,29,5
"COG4605",40,9,21,13,6,5,29,2,35,31,32,12,2,19,8,8,2,52,27,3,1,60,8,7,64,15,2,53,26,17,1,7,1,48,3,11,29,9,7,22,8,13,7,17,15,11,2,12,11,1,9,12,17,37,20,30,30,32,60,13
"COG4606",22,6,11,2,3,2,8,2,11,14,6,1,0,4,2,2,2,6,9,4,0,9,2,0,25,5,0,27,14,11,0,6,4,50,2,12,43,15,8,7,5,7,6,23,14,11,3,6,12,1,5,12,15,24,12,29,21,44,35,8
"COG4607",51,14,24,10,4,2,12,2,37,28,21,7,0,10,3,12,12,31,28,14,0,26,9,3,62,14,1,33,18,18,0,2,1,37,4,5,30,2,5,6,3,8,9,21,16,7,1,10,8,1,7,9,12,29,15,22,17,23,23,10
"COG4608",693,344,415,196,335,134,484,184,467,547,326,427,88,357,292,218,824,382,329,487,232,367,626,371,366,362,154,228,307,362,518,370,294,940,549,341,363,198,660,320,276,444,288,391,260,627,375,231,308,375,362,314,471,418,367,388,376,544,358,442
"COG4615",1,0,1,9,9,20,2,19,6,85,0,19,12,4,0,17,4,2,34,2,8,0,3,0,4,12,23,0,5,0,0,1,8,193,0,3,0,2,0,1,6,2,0,0,7,16,4,0,6,1,7,6,6,1,6,1,0,28,0,0
"COG4618",0,1,0,0,0,0,0,2,0,0,0,0,0,0,0,0,0,0,0,0,0,0,2,2,0,0,0,0,6,42,1,0,0,0,2,0,0,0,0,0,0,0,2,4,3,0,1,0,1,0,0,1,0,0,0,0,0,0,0,0
"COG4619",1,0,0,6,9,7,2,6,4,45,29,14,6,1,0,8,16,1,26,62,7,5,1,0,6,16,15,0,2,0,0,1,4,118,2,19,3,1,107,2,2,4,0,2,5,18,0,1,2,0,6,2,15,2,1,1,1,234,0,2
"COG4623",30,280,133,403,223,50,263,139,121,373,321,188,37,226,19,482,94,210,352,48,400,203,163,113,216,323,455,118,377,92,186,322,278,161,148,245,143,33,39,142,283,323,346,24,193,261,113,186,324,306,395,357,164,246,269,224,110,50,129,157
"COG4624",1086,1008,923,834,845,243,841,495,1014,744,794,1042,127,999,485,783,906,1053,636,814,915,933,1111,963,952,1010,617,773,871,990,913,956,843,723,1038,955,871,236,1127,819,738,858,963,539,793,1079,584,545,717,777,736,911,939,790,961,1146,981,495,771,855
"COG4625",6,37,16,4,10,29,40,17,122,28,11,95,6,29,11,10,11,0,22,24,11,43,21,9,15,47,37,4,26,55,57,10,20,169,2,21,16,16,1,12,25,33,4,9,24,108,7,2,9,7,32,31,37,3,5,31,7,15,93,5
"COG4626",115,113,74,143,174,65,57,162,203,32,1206,314,38,90,90,143,262,316,134,561,96,190,140,222,196,185,247,157,266,167,293,152,134,302,193,179,249,28,395,172,233,204,228,109,225,151,257,123,39,166,108,180,250,234,364,107,354,174,131,407
"COG4627",1,0,2,0,0,0,0,0,0,0,1,0,0,0,0,1,0,0,0,0,3,0,1,0,0,3,0,0,0,0,1,0,101,0,4,0,0,0,0,0,0,0,1,0,1,0,0,2,1,1,0,1,0,0,0,1,0,0,0,0
"COG4628",0,0,0,0,0,0,0,1,0,9,0,0,0,0,0,0,0,0,0,0,0,0,0,0,0,0,0,0,0,0,0,0,0,0,0,0,0,0,0,0,0,1,0,0,0,0,0,1,0,0,0,0,1,0,0,0,0,1,0,0
"COG4631",5,3,0,0,0,0,2,0,2,0,0,0,0,2,0,0,0,0,0,1,0,1,1,3,0,0,0,0,0,0,0,0,0,0,0,0,0,0,1,0,0,0,0,0,0,0,0,0,0,0,0,0,0,1,0,0,1,2,0,1
"COG4632",167,309,355,352,584,23,295,105,337,170,239,277,24,440,73,214,241,200,167,128,262,321,303,443,144,159,373,208,238,291,214,559,394,15,306,262,218,83,155,762,167,93,244,83,126,542,148,98,157,251,180,141,470,378,233,233,330,81,210,285
"COG4633",34,18,3,4,0,22,17,2,40,5,75,32,0,3,8,6,31,2,10,84,3,49,6,11,61,16,2,3,3,4,9,3,0,0,4,24,47,3,469,3,16,9,16,6,3,1,20,5,5,2,7,49,17,1,2,0,5,235,3,2
"COG4635",6,8,10,5,76,24,16,13,13,45,4,15,4,13,4,16,7,0,21,5,5,6,13,7,31,14,34,8,7,14,5,12,5,128,0,12,3,5,0,13,14,18,10,8,7,82,4,7,6,27,12,12,13,12,13,12,7,17,3,6
"COG4636",175,16,62,65,37,13,40,28,59,33,62,28,9,22,25,35,144,81,81,92,36,75,38,77,95,86,45,80,51,32,57,24,10,59,25,35,73,32,62,27,10,52,33,62,27,40,58,53,56,44,33,41,38,70,30,59,97,102,10,56
"COG4637",74,172,86,8,65,33,80,59,56,136,98,134,148,191,18,14,120,148,30,179,18,15,53,58,59,152,142,47,34,79,34,22,244,0,46,86,70,44,0,195,39,25,23,25,48,0,92,69,64,241,8,108,7,9,244,204,17,9,277,149
"COG4638",0,0,1,3,8,23,3,19,8,219,2,14,8,4,0,3,0,0,29,2,19,3,3,0,3,14,15,1,5,0,0,0,7,178,0,5,0,0,0,0,0,5,3,0,7,21,3,11,6,2,3,1,17,2,3,1,2,34,2,0
"COG4639",2,1,83,1,2,0,98,0,12,8,0,8,5,18,6,22,12,37,1,99,7,0,0,19,4,0,19,1,0,38,5,8,1,69,23,6,31,10,0,17,6,5,12,28,3,2,36,2,2,5,2,6,10,5,16,18,20,50,1,18
"COG4640",10,0,1,1,0,11,3,0,2,2,0,1,0,0,7,0,6,0,9,92,1,0,4,0,5,6,0,1,0,1,1,0,0,0,0,0,1,0,16,1,0,0,10,26,1,10,0,0,0,2,0,0,4,1,0,0,0,59,1,1
"COG4641",406,116,251,131,176,7,36,78,164,104,115,54,22,59,36,10,123,469,270,204,38,361,5,326,431,298,20,344,169,92,202,150,7,0,58,19,380,125,0,69,33,167,38,322,50,48,120,244,128,161,58,29,222,262,68,47,366,1,85,77
"COG4642",104,194,163,223,237,406,132,306,110,192,186,140,325,192,426,211,62,224,224,137,319,139,73,126,168,177,273,209,197,220,115,218,204,1,90,152,245,459,30,123,186,148,170,260,298,158,345,329,199,290,185,204,196,182,201,173,127,25,231,188
"COG4643",13,3,4,4,19,5,23,18,29,9,3,21,14,7,0,11,10,4,5,2,3,12,28,14,30,48,3,13,1,16,2,1,34,0,1,8,5,5,0,1,4,14,3,4,26,2,5,1,1,0,25,2,23,4,18,17,8,7,2,4
"COG4644",4,5,1,23,23,3,14,117,7,325,2,275,9,9,6,43,15,6,21,24,29,4,11,6,6,27,4,0,24,1,2,3,4,48,2,2,0,2,15,3,134,5,11,11,26,145,5,3,17,5,3,46,89,5,24,1840,1,46,4,4
"COG4646",1650,1973,2014,1634,1045,668,2548,1996,2931,1838,1563,1566,1058,2732,2648,1425,1905,1935,1162,1132,2127,2123,3969,1364,2491,1435,1269,1349,1615,2360,2567,1452,1503,508,2614,2547,1510,2391,679,1992,2046,1574,1105,1955,1958,1219,1820,982,4218,2000,1998,3395,1785,1255,1774,3246,2146,1554,1936,1991
"COG4648",2,1,0,0,2,3,0,0,3,2,6,15,0,1,2,0,0,0,1,3,3,2,2,0,4,2,0,0,0,0,1,3,0,0,0,0,1,0,0,3,6,3,0,0,1,2,1,0,3,0,3,8,0,2,8,1,1,0,1,1
"COG4650",2,0,2,5,7,21,8,16,8,7,4,10,0,14,3,7,6,3,30,18,9,8,8,7,5,17,30,6,12,6,1,10,16,226,0,5,8,3,0,11,5,7,3,0,7,22,2,4,3,2,10,11,14,4,11,2,3,26,3,2
"COG4651",14,37,11,11,18,19,25,33,70,63,7,31,7,15,5,23,7,5,54,5,13,30,24,13,32,36,18,12,10,28,3,1,32,255,4,14,4,5,1,13,21,38,6,5,30,29,10,2,6,0,32,6,24,8,18,14,12,27,66,10
"COG4652",8,0,5,1,3,0,0,0,0,32,26,0,1,22,1,0,28,1,7,0,1,4,12,0,2,0,0,0,1,1,3,0,0,2,6,3,0,0,1,0,10,5,4,18,4,0,1,2,6,0,0,1,1,0,0,0,0,85,0,1
"COG4653",37,27,32,64,21,49,40,67,81,8,74,51,6,32,86,46,23,117,64,67,12,58,44,109,83,43,46,70,28,45,73,33,54,237,31,28,52,17,137,44,99,30,34,38,30,12,73,72,13,27,34,90,20,70,51,75,68,45,25,115
"COG4656",802,593,558,421,318,611,575,516,601,607,504,462,474,565,476,476,497,561,518,547,576,537,687,573,498,539,399,475,509,562,577,536,487,508,709,516,587,320,480,395,627,582,447,476,526,332,362,532,517,474,600,573,439,544,574,628,504,296,486,497
"COG4657",292,297,260,214,218,230,323,300,286,251,282,263,273,268,313,227,261,278,248,263,296,281,377,309,262,308,244,305,257,345,291,308,331,125,304,253,300,200,155,175,311,285,295,236,293,207,184,337,228,259,282,260,276,314,277,300,281,83,279,331
"COG4658",446,478,381,393,268,440,540,391,515,382,400,413,330,559,409,402,410,431,387,475,447,506,692,415,443,431,383,420,443,509,460,462,497,229,595,395,465,267,264,291,474,537,374,378,424,257,303,372,450,427,558,444,365,449,435,518,500,124,455,450
"COG4659",255,312,277,321,248,297,345,267,282,227,283,293,259,293,394,250,225,323,289,278,339,281,339,268,294,301,248,258,325,266,280,302,326,144,304,270,263,291,176,204,300,342,291,230,295,200,191,283,316,267,360,340,281,303,317,333,205,93,266,276
"COG4660",345,332,361,334,267,268,444,339,415,321,383,338,290,387,344,314,325,366,303,319,362,354,536,310,376,334,312,379,313,428,369,374,391,157,365,315,345,324,205,237,317,410,322,308,337,192,235,327,363,341,405,344,352,371,347,361,356,109,380,351
"COG4662",10,5,6,0,0,1,4,2,5,3,4,0,1,2,2,0,3,1,2,0,6,3,5,1,3,2,1,5,5,30,8,3,1,0,7,0,0,0,0,3,2,10,2,6,4,0,5,2,1,2,6,3,7,1,5,2,3,0,1,1
"COG4663",8,12,11,0,0,0,5,3,5,4,11,32,1,2,3,0,0,6,2,0,3,9,10,15,5,2,5,2,5,5,1,6,4,0,4,14,6,1,0,7,6,6,9,1,17,0,5,2,3,3,4,1,1,1,20,7,15,0,6,7
"COG4664",7,18,21,0,0,0,3,3,8,2,10,25,0,2,1,0,0,7,0,0,13,10,11,9,5,5,2,2,7,7,5,12,6,0,4,6,1,0,0,6,4,5,9,4,18,0,3,1,8,3,6,0,0,2,15,9,10,7,5,5
"COG4665",2,9,6,0,0,0,1,3,4,1,1,15,0,3,2,0,1,4,0,1,7,3,3,11,4,2,2,1,8,5,1,6,3,0,6,5,4,0,0,3,4,0,7,2,6,0,3,0,4,0,2,1,0,1,3,3,4,2,0,4
"COG4666",79,148,148,51,54,34,383,86,273,80,106,75,35,192,105,80,105,220,99,131,80,70,137,166,81,93,28,149,98,161,114,152,160,209,206,154,86,50,92,149,154,160,119,49,169,221,70,45,132,184,105,61,138,50,171,130,129,27,75,96
"COG4667",404,297,392,347,383,341,360,374,418,370,453,300,430,266,450,273,417,448,398,437,383,406,304,316,467,441,361,368,326,393,325,374,332,240,315,357,481,547,465,283,283,441,274,419,370,303,525,478,402,364,376,329,402,378,382,346,432,510,366,427
"COG4668",154,13,87,24,30,64,34,76,57,272,29,116,18,23,38,57,65,57,109,71,91,23,45,75,49,92,59,18,43,30,17,15,12,522,35,84,59,20,85,37,82,78,32,68,42,74,30,26,21,38,19,8,55,28,71,29,24,121,43,92
"COG4669",1,3,2,3,15,4,3,3,1,0,0,26,6,4,2,0,0,2,1,1,1,1,4,0,2,6,25,1,3,0,0,2,3,159,0,7,0,3,0,3,1,3,2,1,6,30,0,3,0,2,1,3,16,4,16,1,1,22,0,3
"COG4670",221,32,73,25,55,29,43,34,70,80,34,255,21,41,47,112,47,39,104,445,34,41,78,41,61,61,30,15,51,29,23,42,38,350,68,101,99,6,751,55,48,38,44,58,112,147,19,36,24,45,66,41,108,18,64,79,19,39,32,92
"COG4672",0,0,1,9,3,16,2,13,3,0,0,19,3,2,0,19,4,0,1,0,1,1,5,29,3,165,17,0,5,18,0,5,6,171,3,2,1,2,58,0,4,3,0,1,2,49,1,3,13,0,4,18,3,0,0,0,3,21,1,1
"COG4674",0,2,0,0,0,3,4,38,1,44,0,0,0,0,0,0,4,0,2,0,4,24,13,27,0,1,0,0,5,2,5,3,1,0,2,0,1,0,25,1,4,1,9,3,0,1,4,2,4,4,0,0,6,1,1,0,6,0,15,22
"COG4675",0,0,8,0,0,0,0,3,7,2,0,26,0,1,1,0,0,1,16,0,0,2,1,7,0,0,0,0,0,5,2,0,0,0,1,6,5,0,0,11,0,0,0,0,1,0,1,3,0,0,8,0,0,0,0,0,5,0,5,0
"COG4676",4,0,0,2,2,6,2,4,1,0,2,13,7,6,0,5,4,1,19,2,1,0,1,0,3,13,5,0,3,0,0,1,5,116,0,2,0,0,0,0,3,1,0,0,5,11,1,1,2,1,0,1,5,1,0,1,0,10,0,0
"COG4677",481,918,611,849,1041,1537,877,1373,386,420,661,456,1047,652,897,866,368,1022,555,350,853,791,633,428,844,870,1083,967,846,703,396,591,639,227,317,590,1007,1281,397,512,700,766,545,1131,819,1064,340,1109,825,890,1007,1007,210,873,451,463,335,64,925,463
"COG4678",0,0,1,12,4,6,1,2,0,0,0,7,5,2,1,13,0,0,1,0,0,0,0,0,1,0,0,0,2,0,0,0,0,1,0,1,0,0,0,0,0,0,0,0,5,10,0,0,0,0,0,1,5,0,0,0,0,16,0,0
"COG4679",7,14,13,0,2,3,7,15,10,17,16,20,8,15,21,0,46,15,16,34,16,13,20,12,19,1,8,2,18,64,35,5,5,28,34,31,23,5,72,15,1,24,6,8,3,0,25,8,9,7,17,6,18,6,10,1,15,71,18,7
"COG4680",12,31,76,28,99,18,29,4,5,79,43,25,113,18,126,97,14,5,49,62,13,20,26,8,9,29,105,35,37,20,13,46,57,70,11,40,17,30,0,18,15,4,36,73,28,104,98,7,33,29,53,78,66,22,47,28,8,12,78,33
"COG4681",4,4,3,7,6,19,4,5,8,40,3,21,3,4,0,12,2,1,12,5,7,4,2,0,8,19,8,0,1,0,0,5,2,111,0,7,0,0,0,0,3,3,3,2,11,5,0,2,3,1,5,6,11,0,2,8,0,16,4,0
"COG4682",0,0,0,2,6,7,1,6,1,17,2,5,4,1,0,2,0,1,12,0,3,0,3,0,1,7,6,0,1,0,0,1,4,188,1,5,0,3,0,0,1,1,0,0,6,20,2,3,3,1,4,3,15,2,2,2,0,19,0,0
"COG4683",0,0,0,2,1,2,5,3,0,45,1,1,1,0,0,1,1,0,0,0,4,0,5,0,0,0,0,1,0,0,0,0,1,0,0,0,7,0,0,0,0,0,1,0,1,1,0,0,0,0,0,0,4,0,0,0,1,3,0,0
"COG4684",95,11,30,12,34,9,52,20,26,26,25,63,2,21,76,41,61,23,44,101,18,21,51,38,52,36,16,24,23,19,12,9,2,28,17,9,10,3,54,10,6,24,15,28,17,11,4,15,9,3,6,15,28,17,5,16,10,23,7,17
"COG4685",1,0,0,9,9,9,2,5,5,0,1,30,6,3,0,15,5,1,30,6,2,2,7,0,3,15,10,0,7,0,0,2,9,200,0,6,0,0,0,1,6,2,0,0,7,22,0,1,1,3,3,4,11,2,0,1,0,23,0,1
"COG4687",49,1,5,3,4,10,2,1,1,10,1,9,1,1,8,0,28,5,12,50,0,4,2,9,4,2,0,5,3,4,7,2,0,1,4,14,10,2,39,3,5,5,27,29,1,7,1,6,0,0,0,1,3,1,4,3,1,19,2,8
"COG4688",0,0,0,0,16,53,0,0,0,0,0,0,13,0,0,30,3,5,0,0,0,0,0,0,0,10,0,0,0,0,0,0,0,0,0,3,0,0,0,0,3,0,1,0,0,0,0,0,0,0,0,0,0,0,0,0,0,0,0,0
"COG4690",317,523,449,486,329,763,494,647,487,502,529,430,801,459,676,475,365,474,462,1440,504,345,360,367,365,485,443,388,371,543,201,190,184,32,180,172,245,315,255,117,274,208,246,176,249,96,195,213,133,162,202,189,145,149,190,183,122,560,216,150
"COG4692",50,196,296,437,403,26,356,585,284,195,317,221,381,494,1532,327,139,401,665,267,140,306,223,271,238,96,418,212,306,227,219,429,258,20,228,169,494,27,75,208,479,151,227,816,156,440,46,271,262,415,173,296,60,470,217,157,113,35,441,208
"COG4693",28,29,2,5,0,38,2,4,3,66,4,11,5,4,58,10,2,13,1,0,2,2,7,3,1,7,12,11,6,20,6,5,6,7,11,23,3,0,0,13,10,0,4,4,1,35,5,5,0,2,5,9,5,0,5,14,24,19,2,3
"COG4694",33,69,44,81,42,1,2,0,32,69,140,71,2,25,14,300,8,11,33,85,64,27,14,53,37,51,5,28,164,106,95,1,12,0,16,46,157,3,0,2,16,4,14,55,45,180,70,0,4,54,14,0,199,97,9,0,3,0,7,60
"COG4695",53,44,31,69,46,20,26,67,120,19,194,122,15,41,61,88,92,222,54,213,38,84,68,129,91,118,179,96,48,73,131,74,57,208,42,49,62,33,83,78,107,63,122,35,64,93,122,104,23,22,64,158,49,66,47,70,41,85,83,234
"COG4696",3,8,7,0,0,10,15,7,17,2,5,32,5,7,3,0,15,1,1,0,13,3,0,24,0,6,0,1,0,11,1,1,0,0,3,12,7,0,6,12,9,2,31,6,0,4,4,3,0,1,10,0,2,10,11,11,9,3,9,1
"COG4698",8,0,0,1,0,2,0,0,0,0,0,0,0,0,3,0,5,0,2,17,0,0,0,0,0,0,0,2,0,0,1,1,0,0,0,0,0,0,10,1,0,0,6,8,0,3,1,0,0,1,0,0,2,0,0,0,0,0,0,2
"COG4699",5,0,0,1,0,2,1,0,0,0,0,1,0,0,2,2,11,0,6,0,0,1,1,0,3,0,0,2,0,0,0,0,0,0,0,0,0,0,1,0,0,0,6,6,1,2,0,0,1,0,0,0,2,1,0,0,0,3,0,2
"COG4700",0,0,0,0,1,3,0,2,0,0,0,0,5,0,0,0,0,0,0,0,0,0,0,0,0,0,10,0,0,0,0,0,0,0,0,0,0,0,0,0,0,0,0,0,0,15,0,0,0,0,0,0,1,0,0,0,0,14,0,0
"COG4701",0,0,0,0,0,0,2,0,0,0,0,0,0,0,2,0,4,0,0,1,0,0,0,0,5,0,0,0,0,0,0,0,0,0,0,0,0,3,0,0,0,0,1,0,1,0,0,0,0,0,1,0,0,0,0,0,0,0,0,0
"COG4702",34,4,6,2,2,2,7,2,18,14,7,9,4,6,5,3,39,8,22,35,6,0,7,15,27,5,1,14,18,6,16,6,0,0,6,4,44,6,29,8,6,17,11,17,3,5,2,4,4,11,3,21,11,2,13,3,23,1,7,7
"COG4703",1,0,0,0,0,1,0,0,1,0,0,0,0,0,2,0,3,0,8,11,0,0,0,0,2,0,0,0,0,0,0,0,0,1,0,0,0,0,4,0,0,0,6,4,0,0,0,3,0,0,0,0,0,0,0,0,0,1,0,1
"COG4704",0,3,1,0,0,0,0,0,4,4,3,1,0,4,0,0,1,17,0,0,5,2,11,0,3,0,4,0,18,0,13,19,1,0,4,2,2,0,0,2,13,1,10,0,5,0,0,0,0,13,1,0,0,21,1,0,1,0,0,1
"COG4706",1,1,2,3,9,4,2,1,3,12,1,10,0,2,1,0,1,0,5,5,1,15,2,0,7,2,1,0,0,0,0,3,0,0,0,0,2,1,0,2,14,7,3,2,3,1,3,0,1,0,7,7,0,1,3,2,0,0,0,3
"COG4708",162,66,92,45,55,23,114,49,135,62,87,69,26,70,82,41,137,121,60,90,48,103,122,69,93,91,28,122,52,106,169,71,55,64,149,96,83,27,42,54,60,114,53,88,50,35,82,47,76,87,78,59,75,68,70,47,95,96,90,114
"COG4709",121,20,13,17,19,25,41,7,9,20,19,29,3,13,16,18,70,14,30,45,6,15,48,14,38,35,3,16,10,23,20,17,5,25,15,40,30,10,114,22,3,13,20,47,27,6,15,16,38,11,8,21,19,11,22,19,22,65,15,30
"COG4710",0,0,0,0,0,0,3,0,0,0,0,0,0,0,0,0,0,0,0,0,0,1,0,2,0,0,0,2,0,5,0,0,0,0,0,0,0,0,0,2,0,3,0,0,0,0,0,0,0,0,0,0,0,0,0,0,0,0,0,0
"COG4712",12,25,36,13,63,0,6,8,27,53,2,29,4,16,4,0,6,11,13,4,2,34,11,2,6,3,5,17,71,15,26,24,6,0,20,417,16,1,4,5,18,4,12,3,18,104,3,7,3,19,15,253,16,38,15,13,11,9,10,30
"COG4713",113,27,106,72,30,14,26,23,94,28,127,53,19,98,43,18,175,18,65,12,29,181,20,120,80,118,27,148,38,24,74,46,15,74,48,87,52,37,109,32,29,36,43,134,36,24,75,14,25,87,46,71,46,146,20,63,188,8,44,137
"COG4715",0,0,2,0,26,0,0,0,0,0,0,0,0,0,0,1,0,0,13,0,11,0,0,0,1,0,0,0,0,0,0,12,24,2,0,2,3,1,0,4,0,0,4,0,0,1,0,0,0,2,1,1,0,0,0,20,1,0,1,0
"COG4716",551,250,357,134,117,50,265,126,298,139,277,186,74,173,225,46,541,318,175,599,88,282,551,229,331,208,98,266,216,440,430,291,176,155,579,175,331,135,524,469,171,328,104,333,164,73,332,120,210,180,210,123,237,336,170,162,527,781,214,324
"COG4717",214,106,123,39,57,32,111,38,262,77,105,104,29,130,132,47,248,138,142,370,53,87,118,174,162,41,36,70,88,57,104,105,40,179,184,107,170,71,253,363,75,163,50,135,53,75,137,38,57,140,46,103,134,186,69,59,339,208,70,205
"COG4718",0,0,0,7,1,7,4,16,1,0,0,28,5,1,0,16,0,0,0,1,1,1,11,0,0,123,23,0,6,0,0,1,5,177,0,8,0,0,0,0,3,4,1,0,2,14,0,0,2,0,3,2,4,2,0,0,0,24,1,1
"COG4720",225,81,105,36,61,23,53,35,189,41,122,110,38,72,105,50,174,147,83,234,57,115,122,108,138,109,32,80,49,99,120,84,20,56,123,169,125,41,172,72,73,118,66,119,49,33,125,44,166,69,64,67,108,93,73,62,86,211,76,145
"COG4721",0,0,2,10,0,9,2,0,3,10,40,30,0,2,12,1,5,3,1,78,1,1,3,0,1,19,0,0,4,0,1,0,0,0,2,21,58,2,142,3,25,13,7,4,2,18,3,16,0,0,5,9,9,0,8,25,0,491,1,2
"COG4722",1,5,0,0,0,3,0,2,2,0,12,1,1,4,0,2,18,3,2,22,0,0,2,6,0,6,0,1,0,5,6,3,1,16,3,46,34,1,18,14,2,2,9,3,4,16,1,3,2,5,7,14,29,1,2,1,1,60,1,7
"COG4723",1,1,1,4,2,11,1,11,2,0,0,28,3,6,1,23,1,0,1,1,5,0,7,0,2,121,16,0,4,1,0,1,1,182,0,3,0,0,0,0,6,4,0,0,2,21,0,0,0,0,2,13,6,1,0,0,1,27,0,0
"COG4724",39,864,440,7,6,2903,10,49,62,39,108,24,153,24,74,9,2,84,13,34,40,51,2,45,80,28,30,585,16,63,66,26,10,0,159,50,112,602,6,102,193,9,130,165,72,16,1980,88,81,219,27,6,76,77,30,99,435,412,37,9
"COG4725",75,128,58,32,19,27,14,28,79,46,54,80,23,56,26,15,138,84,47,16,41,89,93,167,84,82,29,80,50,100,128,50,46,84,168,154,114,11,32,54,77,61,2845,77,27,14,128,18,36,111,39,20,57,150,109,62,96,43,48,131
"COG4728",43,15,56,7,16,18,15,80,38,6,13,64,57,72,104,21,32,31,46,57,13,16,26,51,31,18,9,24,23,34,99,73,52,22,55,26,81,103,124,171,50,63,32,110,71,15,88,114,51,48,54,32,56,45,43,25,106,17,131,95
"COG4729",0,0,3,0,0,2,0,2,0,5,3,2,1,3,1,10,2,1,4,0,7,3,1,4,6,3,1,4,5,1,2,0,0,7,0,0,5,0,0,3,0,5,8,1,9,0,1,2,0,3,3,6,1,1,7,2,0,0,2,1
"COG4731",0,0,3,0,0,0,0,0,0,0,0,0,0,0,0,0,0,0,0,0,0,7,0,0,0,2,0,3,0,0,0,10,0,0,0,0,0,0,0,0,0,0,5,0,0,0,0,0,0,2,0,0,0,0,0,0,1,0,0,1
"COG4732",156,59,62,38,26,15,83,46,80,44,69,68,8,70,85,41,108,67,36,91,47,67,187,74,109,45,26,60,31,68,75,48,38,76,26,33,69,35,135,56,46,96,20,72,49,43,59,47,50,54,84,81,97,31,52,53,74,18,60,55
"COG4733",3,0,1,12,10,46,7,37,11,31,2,87,14,13,1,49,7,1,2,2,7,3,8,38,4,238,47,2,8,30,1,25,15,923,6,25,1,3,269,2,34,21,5,9,13,243,12,4,42,2,39,37,24,6,15,1,9,117,10,2
"COG4734",27,89,57,177,67,24,79,26,77,183,124,57,18,92,35,154,155,77,52,28,43,27,104,124,50,68,58,120,113,82,44,99,206,54,110,83,35,57,40,58,67,80,102,47,62,75,71,52,125,59,106,189,44,49,59,47,105,19,74,96
"COG4735",1,8,18,11,75,1,9,22,23,29,1,112,8,4,0,33,21,6,48,4,22,3,4,46,1,49,18,0,3,29,5,40,6,131,33,33,9,0,0,27,14,5,72,0,10,14,10,31,5,2,18,1,80,26,20,16,10,13,9,0
"COG4737",2,4,2,3,3,21,0,5,2,4,0,0,8,4,0,5,0,1,1,0,2,1,3,0,0,0,22,1,6,0,0,1,1,4,0,0,0,0,0,0,0,0,0,0,7,28,1,0,4,0,0,0,1,0,1,0,1,21,0,0
"COG4739",8,160,55,194,167,37,128,62,61,128,164,85,10,165,16,190,54,126,141,11,162,117,95,63,89,125,213,50,191,32,72,158,192,0,59,127,64,19,27,98,106,148,79,5,105,108,50,57,106,107,157,191,145,151,158,142,78,18,93,76
"COG4744",9,52,52,86,129,8,25,74,62,30,61,121,79,132,86,86,19,56,76,67,77,36,30,66,43,62,98,44,90,63,16,102,131,1,21,56,8,121,3,38,67,55,61,85,72,57,25,98,54,57,57,63,149,62,103,64,36,12,89,10
"COG4747",116,240,84,163,222,66,218,71,145,206,198,138,21,192,57,262,115,150,90,53,228,136,129,133,154,159,219,118,213,102,138,168,288,52,135,134,101,24,169,144,125,163,149,38,157,120,101,116,161,196,203,297,138,191,241,199,97,55,173,191
"COG4748",14,12,34,7,1,350,15,11,23,6,6,37,4,86,16,4,13,118,15,3,5,6,31,22,1,65,11,16,97,45,36,82,32,2,38,48,38,1,186,4,30,146,19,55,40,158,19,3,0,45,121,3,25,116,15,11,0,14,61,13
"COG4750",292,137,262,205,282,36,141,161,114,97,165,108,76,213,180,110,385,262,210,237,117,352,315,213,225,270,176,359,254,313,81,25,57,45,88,10,78,202,152,96,47,61,26,115,50,71,72,46,19,131,69,97,112,58,72,38,58,28,57,39
"COG4752",3,5,9,11,14,9,21,17,45,11,11,35,1,6,16,11,13,5,3,44,3,4,10,18,2,10,3,11,8,7,1,10,8,0,2,2,11,6,69,14,33,7,18,6,14,32,7,18,9,6,14,8,13,9,24,51,18,2,2,2
"COG4753",3131,3239,2664,4942,4524,1836,3658,1338,1710,2038,3783,2616,1244,2991,1224,4358,3184,3774,3228,1062,3490,3321,3179,2455,3077,3214,5200,2515,3397,3359,3359,4005,4014,2551,3294,3570,2147,1007,2224,2578,3229,3742,4240,2241,3041,5601,2558,2983,3304,4505,3101,3394,3869,3524,2907,2512,3015,1968,1465,2102
"COG4757",0,0,0,1,1,0,0,1,0,42,0,0,0,0,0,0,0,0,0,0,1,0,0,0,0,0,0,0,0,0,0,0,0,0,0,0,0,0,0,0,0,1,0,0,0,0,0,0,1,0,0,0,0,0,0,0,0,1,0,0
"COG4758",4,0,1,1,0,4,0,0,1,0,0,0,0,0,2,0,6,0,8,0,1,2,0,0,1,0,0,1,0,0,1,0,0,1,0,1,0,0,4,0,2,0,18,10,1,0,1,1,0,0,0,0,0,0,1,0,0,4,0,1
"COG4760",0,0,12,0,0,0,0,23,0,0,0,2,0,0,3,0,2,0,0,0,9,0,0,6,0,0,2,1,1,0,1,1,0,0,5,0,5,0,0,0,3,7,2,1,0,0,44,0,0,0,0,0,1,8,0,14,14,0,7,14
"COG4763",3,9,16,0,6,9,0,7,24,0,0,30,8,3,0,15,10,9,13,0,2,0,3,57,0,7,4,5,0,13,8,0,1,87,1,20,0,8,0,0,19,1,9,0,18,17,3,1,2,1,7,56,11,5,0,14,0,11,16,12
"COG4766",1,4,0,4,2,8,3,12,7,50,0,5,7,9,1,22,1,5,15,0,3,4,7,6,1,9,14,1,14,2,5,4,9,107,0,5,1,1,18,3,9,4,4,2,10,9,0,10,2,3,6,15,22,2,10,4,2,14,2,1
"COG4767",279,108,252,81,138,30,93,47,147,73,224,87,54,93,139,47,382,140,143,189,54,159,90,163,306,152,33,213,102,196,208,134,32,156,250,71,173,61,569,563,56,136,79,170,94,59,284,79,97,159,92,72,198,196,85,98,206,240,98,333
"COG4768",0,0,0,1,0,1,0,0,0,0,0,0,0,0,0,0,2,0,2,75,0,1,1,0,1,2,0,0,0,0,0,0,0,2,0,0,0,0,7,0,0,0,4,2,0,0,0,0,0,0,0,0,2,0,0,0,0,30,0,0
"COG4769",171,77,164,56,45,23,74,38,142,72,118,96,31,94,82,39,152,140,87,145,65,106,146,149,125,120,41,107,62,131,134,91,67,67,164,88,117,58,125,72,73,111,49,109,60,60,123,48,126,79,74,70,93,124,97,116,147,49,75,170
"COG4770",1,5,0,10,0,13,0,3,7,14,73,26,0,5,19,0,21,0,8,83,0,13,1,0,17,17,1,0,1,12,59,1,1,0,16,39,72,20,258,1,32,38,0,10,2,4,1,28,62,6,13,7,8,0,1,1,8,867,0,1
"COG4771",236,1565,943,2661,1913,1896,1586,1052,728,1509,1488,1145,787,1584,685,2621,584,1198,1438,445,2022,1379,982,902,890,1549,2452,1333,2372,686,723,1399,2431,264,505,1468,712,816,243,998,1360,1554,1586,791,1332,1666,1218,1521,1305,1770,2036,1749,1643,1091,1872,1400,915,336,938,531
"COG4772",0,5,0,34,101,1,21,2,5,164,9,31,2,8,3,56,4,2,62,0,14,9,19,7,1,45,19,2,41,0,0,1,7,0,0,5,0,0,0,0,5,1,1,0,7,2,3,11,3,7,8,5,56,7,0,0,1,8,2,0
"COG4773",7,0,4,13,13,9,3,10,4,1,0,27,10,3,1,24,3,1,31,3,7,4,4,0,4,25,22,0,4,0,1,1,7,258,1,8,0,0,0,0,8,2,0,0,21,17,1,0,2,3,2,1,15,1,3,1,1,18,1,1
"COG4774",0,0,0,5,20,24,3,26,11,114,0,35,14,7,1,25,4,1,57,3,10,4,5,0,3,17,28,0,10,0,1,0,10,336,2,10,0,0,0,0,8,3,0,0,10,34,1,4,6,2,1,3,30,2,6,1,1,40,1,1
"COG4775",326,609,481,712,539,1501,547,1003,528,759,532,599,1554,567,1022,791,232,480,843,430,689,497,297,529,450,486,751,743,657,590,466,545,674,505,371,509,638,1287,198,328,867,642,641,811,787,604,594,1023,553,600,751,650,444,486,605,615,330,122,792,451
"COG4776",2,0,0,1,3,8,10,89,0,67,1,2,2,1,4,3,7,2,11,3,5,2,2,0,39,2,4,3,2,1,1,0,1,32,0,1,1,4,0,0,2,2,1,6,2,5,8,3,8,1,0,0,4,1,2,0,0,5,1,0
"COG4778",0,7,7,23,3,26,7,15,7,35,2,15,0,10,1,9,3,0,31,1,11,11,29,25,1,24,11,6,16,12,3,11,12,116,1,5,0,1,0,5,23,12,7,3,5,32,5,1,11,5,11,15,5,6,23,12,15,6,1,0
"COG4779",1,0,1,2,4,13,3,13,2,36,0,8,0,4,1,19,2,0,28,1,2,2,2,0,1,8,4,0,5,0,0,1,3,138,0,3,0,0,0,0,2,0,1,0,6,9,0,0,6,0,2,1,13,0,3,0,2,12,0,0
"COG4781",0,0,2,0,0,9,2,0,0,0,0,0,0,0,0,2,2,0,7,205,16,3,1,0,0,0,0,0,0,0,0,0,0,1,0,0,0,0,23,1,0,0,9,0,0,9,0,0,0,1,0,0,0,0,0,0,0,87,0,0
"COG4783",15,12,64,47,44,49,36,87,65,84,24,113,7,33,36,75,34,2,42,93,44,42,51,82,44,55,42,25,25,44,17,20,20,245,8,16,62,25,167,39,76,45,35,13,23,49,17,5,21,8,23,36,40,27,43,38,25,41,28,36
"COG4784",14,47,27,43,88,3,11,24,28,10,128,58,11,43,2,73,14,83,329,4,124,51,13,16,79,49,49,16,52,66,23,12,14,0,23,3,57,6,0,16,26,12,5,0,19,5,0,16,23,53,18,21,98,12,15,11,12,2,28,19
"COG4785",2,0,0,2,6,13,9,67,1,68,0,5,4,0,5,7,3,0,11,4,7,0,1,0,29,4,4,3,3,1,1,0,3,57,0,0,0,5,1,0,2,3,5,9,3,0,6,1,5,2,0,0,4,1,2,1,1,12,0,1
"COG4786",187,128,170,94,82,28,69,104,135,45,98,64,14,55,104,54,155,178,115,80,60,163,48,179,333,174,79,233,135,157,285,95,39,251,107,32,122,76,64,53,31,161,55,214,102,120,184,108,117,143,54,59,155,237,67,125,374,24,79,145
"COG4787",0,0,0,3,4,7,1,30,2,0,0,11,2,3,0,5,0,2,8,1,2,0,12,0,2,9,9,0,4,0,0,0,5,109,0,1,0,0,0,0,0,2,0,0,3,6,0,2,2,1,2,3,7,0,1,1,0,10,2,0
"COG4789",0,6,1,9,8,18,0,15,5,4,1,0,6,3,0,0,0,3,5,0,2,4,14,6,1,5,50,1,13,6,1,4,3,378,7,6,0,0,0,1,3,6,3,3,7,60,0,2,1,5,11,10,14,2,16,13,2,60,0,3
"COG4790",1,3,0,2,7,11,4,2,3,5,0,10,4,0,1,0,0,0,4,0,2,0,3,3,2,5,19,2,3,1,3,0,6,141,2,1,1,1,0,2,3,3,1,0,5,22,1,0,0,1,2,1,11,1,2,6,2,17,1,1
"COG4791",0,2,2,0,5,8,1,3,0,0,1,16,7,1,0,0,0,0,3,0,0,0,1,0,2,5,21,2,6,0,0,0,3,157,3,3,0,0,0,0,0,4,1,1,4,27,0,1,1,5,5,3,12,2,6,4,2,16,5,0
"COG4792",0,1,1,0,0,0,0,4,4,3,0,1,0,5,0,0,0,0,7,0,1,1,1,5,0,1,1,2,1,0,1,5,1,0,5,0,1,0,0,2,1,0,3,0,2,0,0,3,0,1,2,3,9,3,8,11,3,0,1,0
"COG4794",0,1,1,2,6,2,0,2,2,1,0,5,1,0,0,0,0,0,3,0,0,0,0,0,0,0,3,0,2,0,1,0,0,25,1,0,0,0,0,2,1,0,0,0,1,5,0,0,0,0,0,0,1,0,0,2,0,2,0,1
"COG4795",1,0,1,2,9,17,8,10,7,39,1,25,12,5,1,28,8,1,48,1,5,1,0,0,15,18,7,0,6,1,0,1,9,221,1,5,0,3,0,0,8,0,1,7,8,15,3,0,4,0,2,2,11,6,2,1,0,17,1,1
"COG4796",15,12,59,30,38,57,44,28,64,80,17,137,17,44,40,57,43,11,49,97,48,40,26,55,31,51,39,25,20,35,13,36,20,288,5,15,35,28,131,25,62,23,132,33,29,49,21,7,17,5,16,9,47,16,112,39,32,41,38,30
"COG4797",0,0,0,0,0,1,1,0,0,0,0,0,0,0,1,2,14,2,0,0,2,1,0,0,5,2,0,1,0,0,0,0,0,0,0,0,0,0,0,0,0,0,0,0,0,4,1,0,0,0,0,0,13,0,0,0,0,11,0,0
"COG4799",556,1171,784,1169,904,720,1067,805,786,783,862,789,649,1246,747,1016,682,864,916,684,910,957,835,766,966,914,1003,843,1070,598,756,959,1143,209,782,931,908,687,679,680,1001,745,859,529,935,849,662,640,896,912,1005,1048,912,857,1134,1161,794,509,1000,761
"COG4803",0,0,0,0,0,0,0,3,1,5,0,0,0,3,1,0,0,1,3,0,1,2,1,4,0,2,0,1,4,1,0,0,0,0,1,0,0,0,0,1,0,0,1,2,1,0,0,1,0,0,2,0,4,1,2,0,3,1,0,1
"COG4804",443,678,911,1035,974,1779,840,1005,650,603,1022,1132,2253,770,1833,1389,540,650,733,786,903,643,744,1094,817,875,1169,838,914,948,825,806,912,340,617,618,515,1755,192,698,756,992,1053,722,924,948,1714,2525,887,686,986,751,525,674,897,840,427,169,984,849
"COG4805",582,144,257,59,125,45,152,66,137,89,128,94,18,103,108,65,422,202,199,190,71,199,106,179,348,216,73,193,198,202,231,87,32,223,219,201,235,115,266,125,30,197,86,286,142,93,160,120,151,214,89,166,248,149,151,111,298,132,116,188
"COG4806",150,265,256,402,274,471,372,384,240,376,433,195,411,282,57,389,167,369,337,80,280,240,269,224,289,261,517,331,277,170,177,270,408,271,195,211,325,59,71,204,338,388,285,270,219,282,150,428,289,294,405,394,271,285,425,276,115,95,316,236
"COG4807",0,0,1,2,1,2,0,8,0,48,0,3,1,0,1,3,1,1,5,0,1,1,0,0,0,3,2,0,2,0,0,0,0,37,0,0,0,0,0,0,0,1,2,0,0,19,1,11,1,0,0,4,3,0,1,14,0,7,0,0
"COG4808",1,0,1,3,7,6,0,2,2,0,1,14,2,2,1,12,2,1,16,1,2,1,2,0,1,7,10,0,2,0,0,0,3,84,0,2,0,2,1,0,3,0,6,0,1,12,0,0,2,0,0,0,2,1,1,0,0,19,0,0
"COG4809",2,0,2,0,0,0,0,0,5,1,0,0,0,1,0,1,4,0,0,0,5,1,1,1,0,1,1,0,0,11,9,0,0,0,0,1,0,0,0,1,0,1,0,1,2,0,3,0,0,1,0,0,0,0,3,1,0,0,0,0
"COG4810",81,4,21,22,23,12,35,16,13,72,9,21,5,17,16,34,37,20,41,45,19,27,40,22,14,27,10,21,32,16,18,9,10,88,20,53,16,8,27,20,10,12,13,25,22,18,18,43,15,20,18,32,46,9,30,40,11,86,6,12
"COG4811",0,0,0,3,1,3,1,4,2,35,0,10,2,1,0,7,2,2,22,1,3,1,2,0,1,1,10,0,0,0,0,1,0,80,0,1,0,1,0,0,3,1,0,0,3,7,2,3,2,2,2,1,4,1,0,1,0,8,1,0
"COG4812",2,4,3,10,7,5,1,5,7,21,3,3,3,8,1,5,2,4,16,0,2,4,11,6,13,10,7,6,18,18,1,3,4,58,25,2,3,2,0,6,9,11,4,8,6,5,5,2,4,4,6,4,21,5,11,1,1,5,3,3
"COG4813",8,21,1,0,3,0,0,3,10,3,9,12,1,0,4,0,34,9,4,4,1,0,6,6,2,9,2,2,3,4,7,4,2,0,19,4,6,0,32,9,4,6,7,3,4,0,6,2,2,4,0,6,6,1,11,0,7,0,9,14
"COG4814",7,0,0,0,0,0,1,0,0,0,1,0,0,0,4,1,16,0,11,394,1,1,0,0,0,4,0,0,0,0,0,0,0,2,0,0,0,0,55,1,0,0,5,10,1,0,0,1,0,1,1,0,1,0,0,0,0,134,1,1
"COG4816",33,8,7,8,22,16,7,11,5,48,10,23,3,7,7,19,19,12,14,18,3,4,20,8,6,11,5,8,12,12,21,11,10,116,33,45,14,5,7,22,11,20,12,30,35,84,14,24,24,12,12,31,46,11,35,63,6,67,5,18
"COG4819",4,34,7,19,15,14,11,14,22,56,27,17,7,17,16,17,5,6,20,3,24,17,22,11,15,18,32,7,30,60,5,11,17,189,36,54,12,5,0,13,9,10,6,10,19,15,6,7,9,18,8,28,47,6,25,7,8,26,4,9
"COG4820",42,7,6,15,36,16,12,15,12,52,8,46,5,12,7,36,25,10,27,4,14,9,35,9,11,27,18,5,20,13,5,7,6,111,3,25,2,4,22,6,15,19,14,13,20,87,8,34,9,3,9,19,46,5,17,45,4,37,6,9
"COG4821",22,34,28,1,6,5,1,0,12,4,58,21,1,30,8,18,16,46,4,7,13,31,18,4,4,27,33,5,31,4,6,14,11,2,6,6,15,0,11,16,3,3,15,14,7,3,9,2,9,16,6,11,9,7,13,17,10,13,12,3
"COG4822",431,359,267,402,338,69,529,148,268,272,418,271,52,402,154,562,425,408,269,304,435,346,490,351,264,552,464,208,537,251,265,235,485,73,318,297,206,107,323,249,258,551,350,162,305,204,222,370,383,298,579,560,313,317,505,366,337,173,267,145
"COG4823",495,256,350,118,488,429,469,697,329,133,205,402,644,321,489,262,275,307,90,389,393,201,297,525,216,267,385,653,102,292,218,144,192,55,180,141,299,1136,73,382,224,83,244,715,738,109,961,334,112,155,123,190,171,215,137,128,251,116,311,373
"COG4824",47,38,44,4,9,15,16,12,76,10,70,50,11,33,20,19,46,52,17,52,13,46,44,48,21,46,6,80,20,41,73,39,26,28,57,40,50,11,27,63,16,41,39,26,26,122,40,13,9,16,14,56,20,31,24,15,34,38,26,150
"COG4825",1,0,0,0,0,0,0,1,1,0,0,1,0,0,0,0,0,0,0,0,0,1,0,0,3,1,0,0,0,0,0,1,0,0,0,0,0,2,0,0,0,0,0,6,0,0,1,3,0,0,0,0,0,1,0,0,0,0,1,0
"COG4826",96,215,211,47,67,520,10,267,117,25,109,118,382,64,147,26,200,137,53,101,32,53,66,87,125,45,32,302,48,115,111,96,26,74,93,136,105,268,329,39,212,84,141,289,146,59,427,322,85,121,43,33,53,60,92,69,155,159,191,123
"COG4828",4,30,37,73,199,2,43,11,15,37,44,33,2,47,4,97,22,19,64,5,33,68,33,28,21,18,91,38,66,11,11,62,48,0,8,28,5,1,10,36,25,15,36,1,30,99,9,20,56,45,36,64,90,35,27,22,16,9,13,7
"COG4829",0,0,0,0,1,1,0,1,0,21,0,0,0,0,0,1,0,0,0,0,2,0,0,0,1,0,0,0,0,0,0,0,0,0,0,0,0,0,0,0,0,0,0,0,0,0,0,0,1,0,0,0,0,0,1,0,0,0,0,0
"COG4832",117,41,82,25,40,7,10,12,80,26,109,26,26,68,47,25,104,76,48,139,20,84,115,63,48,28,15,20,45,105,120,44,39,70,81,48,105,27,170,62,30,71,42,95,43,40,62,18,26,52,36,17,39,93,44,35,133,43,72,87
"COG4833",15,434,324,928,1007,21,115,76,138,264,540,206,26,714,36,541,141,335,641,25,418,413,350,181,408,371,1130,312,704,222,129,1068,443,2,369,492,515,32,0,212,520,107,415,21,347,1906,74,87,323,762,368,307,862,385,553,483,370,55,215,438
"COG4834",22,11,13,0,3,12,13,21,7,2,38,14,7,5,18,0,8,16,0,1,64,40,1,2,2,3,7,5,3,16,29,23,4,3,5,5,2,3,0,9,4,49,18,2,17,1,17,1,7,1,1,20,28,8,14,8,14,0,30,2
"COG4835",0,0,1,0,0,2,0,0,0,0,0,1,0,0,4,0,1,0,3,38,0,1,1,0,0,0,0,0,0,0,0,0,0,0,0,1,0,0,8,1,0,0,6,2,0,2,0,0,0,0,0,0,0,0,0,0,0,26,0,0
"COG4839",5,0,1,0,0,0,0,0,0,0,0,0,0,0,2,0,3,0,0,0,0,0,0,0,0,0,0,0,0,0,0,1,0,0,0,0,0,0,6,0,0,0,9,3,0,1,5,0,0,0,0,0,1,0,0,0,0,0,0,1
"COG4842",0,3,5,0,3,1,2,0,0,0,0,0,0,4,15,2,3,0,4,0,5,15,2,2,11,1,0,18,4,0,8,4,0,21,1,0,13,0,3,1,0,0,4,3,12,7,1,2,0,0,2,0,5,3,3,0,6,6,7,50
"COG4843",0,0,0,0,0,0,0,0,0,0,0,0,0,0,0,0,0,0,0,0,0,0,0,0,0,0,0,3,0,0,1,4,0,2,14,0,1,0,0,0,0,0,0,3,0,0,2,0,0,0,0,0,0,0,0,0,0,3,4,36
"COG4845",196,276,219,269,237,83,168,252,249,428,326,358,148,212,46,352,127,206,324,72,374,162,348,245,126,219,264,104,360,359,164,250,197,69,194,210,211,50,26,324,262,188,369,79,339,248,108,141,212,271,262,278,256,170,303,303,140,33,269,227
"COG4849",0,0,0,0,0,164,0,0,1,0,0,13,211,0,0,0,2,10,0,0,1,0,0,0,0,0,5,24,0,0,12,0,0,0,29,0,1,81,0,0,52,0,14,0,1,0,261,0,0,42,0,0,0,0,0,0,1,0,10,0
"COG4850",0,0,0,2,0,4,0,0,4,2,58,20,0,0,3,0,4,0,0,35,2,1,0,0,2,4,1,0,0,0,0,0,0,0,3,21,27,0,212,0,14,8,0,0,2,4,1,0,0,0,6,1,5,0,0,0,1,464,0,1
"COG4851",47,0,2,0,1,2,0,1,0,5,0,2,5,0,2,0,21,4,4,162,0,0,2,3,4,2,0,2,1,2,2,0,0,1,0,8,12,3,17,6,2,1,9,24,12,2,0,0,0,2,5,3,4,1,0,3,0,62,0,6
"COG4853",0,0,0,0,0,0,0,0,0,0,0,0,0,0,0,0,2,0,0,106,0,0,0,0,0,0,0,0,0,0,0,0,0,0,0,0,0,0,13,0,0,0,0,0,0,0,0,0,0,0,0,0,0,0,0,0,0,51,0,0
"COG4856",349,239,246,93,129,35,250,77,278,103,245,200,29,241,224,77,437,256,148,352,117,271,356,297,236,247,88,219,144,271,267,200,175,66,328,287,290,158,336,404,137,292,106,146,130,78,270,92,172,238,219,92,284,189,215,132,333,145,210,317
"COG4857",29,15,8,12,30,11,5,5,9,40,13,9,2,10,4,13,28,18,18,1,11,20,42,17,2,13,14,12,12,58,3,21,13,68,21,60,5,3,1,16,9,8,18,11,10,83,3,26,6,4,15,17,27,6,16,23,6,37,14,7
"COG4858",11,0,1,1,1,5,1,0,0,0,1,0,0,0,3,0,10,0,8,121,0,0,1,0,4,0,0,4,0,0,0,0,0,3,1,1,1,0,16,1,1,0,20,5,0,4,1,0,0,0,0,0,1,0,0,0,0,46,0,4
"COG4859",7,6,2,4,2,0,4,0,12,4,10,9,2,3,8,1,7,26,4,17,2,11,17,17,12,12,17,7,4,6,10,22,10,2,16,7,10,13,20,89,5,31,12,9,25,1,29,8,18,30,7,3,25,21,17,11,31,1,11,39
"COG4861",0,8,0,9,1,442,0,0,0,12,0,46,638,11,0,0,8,13,0,0,2,9,0,0,0,0,16,56,0,1,5,0,0,0,0,2,1,64,0,28,76,0,17,2,1,0,208,0,0,73,0,0,0,0,28,6,2,0,14,0
"COG4862",275,52,130,28,75,21,54,33,57,31,61,31,11,42,92,34,186,126,85,189,33,118,81,139,162,87,29,82,81,90,120,47,14,103,105,67,107,59,92,120,13,70,49,110,42,46,94,72,58,52,26,41,81,116,45,58,179,76,39,133
"COG4864",49,243,166,343,306,45,262,129,214,214,286,273,13,281,43,329,128,281,207,103,406,247,214,221,206,296,349,226,293,112,167,268,339,3,137,236,155,40,146,189,319,237,291,15,201,220,105,243,218,190,320,399,209,274,305,297,147,34,214,153
"COG4865",4,2,3,5,2,18,7,5,25,17,2,9,4,3,3,3,0,2,0,1,1,0,7,2,2,2,24,0,15,2,1,1,2,4,3,3,5,2,0,4,10,0,8,5,1,79,6,17,7,0,5,8,10,2,4,79,2,26,8,9
"COG4866",238,371,204,406,386,79,423,154,332,321,417,336,64,356,95,420,322,332,415,236,414,300,266,354,450,325,398,271,380,252,226,368,430,155,329,380,417,129,265,263,314,358,436,152,293,376,261,257,432,424,406,458,336,314,331,379,264,118,278,357
"COG4868",504,182,386,95,88,635,223,511,490,143,170,261,612,196,648,67,362,295,168,400,89,242,353,368,247,230,61,452,164,486,397,197,136,161,444,262,246,612,70,176,227,212,142,537,276,134,379,362,300,224,199,116,184,206,197,220,417,324,383,190
"COG4869",110,71,55,47,35,30,31,37,107,104,75,55,41,41,37,43,89,66,49,43,40,84,110,98,49,61,42,49,60,63,61,66,56,108,106,117,59,48,49,36,55,53,64,47,36,118,59,52,98,31,65,51,96,46,56,109,39,83,76,113
"COG4870",359,149,316,96,111,36,103,64,128,65,315,46,73,69,134,26,509,258,191,156,82,442,88,232,404,235,75,208,128,398,265,144,40,77,144,291,199,283,357,79,109,364,37,241,104,45,324,91,113,101,93,158,356,256,102,220,380,57,174,471
"COG4871",0,0,0,0,3,0,0,0,0,0,0,1,0,0,0,0,0,1,0,0,0,0,0,0,0,1,0,0,0,0,0,0,0,0,0,1,0,0,1,0,0,0,0,2,0,0,0,1,0,0,0,0,0,0,1,0,1,0,0,0
"COG4874",6,22,10,35,46,10,73,22,15,26,30,19,0,104,4,57,30,9,11,2,18,34,32,51,26,21,40,30,53,4,13,15,41,0,6,16,0,4,23,24,14,28,33,2,30,68,5,28,52,63,26,47,2,32,24,48,13,6,19,2
"COG4877",37,7,22,8,8,0,40,10,20,11,7,9,3,32,9,2,30,12,5,26,6,33,52,10,24,23,4,20,3,12,24,10,25,0,22,10,13,14,0,9,4,22,7,14,11,0,7,3,11,14,32,3,13,18,13,5,37,9,19,15
"COG4878",220,22,30,65,15,19,23,30,36,13,42,33,6,88,38,6,146,45,23,38,2,24,362,26,95,43,6,28,5,30,32,19,98,0,27,86,50,6,510,40,8,64,20,49,46,91,82,45,12,99,67,64,91,31,41,9,44,422,36,61
"COG4880",207,35,67,7,11,3,30,5,76,23,52,55,19,92,86,15,70,89,62,84,20,62,111,42,78,39,14,36,23,57,77,41,12,71,110,54,63,31,85,90,34,66,66,61,28,14,68,34,195,81,26,9,50,90,83,30,80,93,38,121
"COG4884",0,0,0,22,12,0,3,0,3,12,4,3,5,10,2,13,1,0,27,2,2,3,2,2,1,13,10,0,2,0,0,0,5,0,4,0,0,0,0,9,0,1,7,0,1,87,0,8,0,13,4,1,4,3,0,30,0,0,3,0
"COG4886",361,589,529,828,529,1067,329,1073,836,348,382,706,1488,552,760,416,419,690,472,427,561,523,304,697,450,467,1076,836,553,711,520,847,435,383,643,702,589,183,66,444,985,636,880,791,350,709,324,473,551,649,978,681,455,659,454,401,487,169,628,915
"COG4887",57,51,48,67,67,33,106,56,39,96,69,68,10,53,63,77,66,44,114,33,113,72,50,99,128,30,78,33,101,42,33,23,80,17,68,37,127,17,110,41,34,64,40,24,63,62,44,84,128,34,48,146,13,53,71,83,31,15,40,120
"COG4889",88,350,58,372,0,0,69,80,59,109,186,67,15,315,31,148,17,61,620,1,83,370,37,111,121,8,183,11,108,90,159,45,60,0,16,23,11,4,0,64,234,39,135,918,124,0,128,60,13,19,51,1,235,46,74,30,31,3,423,141
"COG4890",0,0,0,0,0,1,1,1,0,4,0,2,1,0,0,0,0,0,4,0,2,0,0,0,0,2,0,0,0,0,0,0,0,14,0,0,0,0,0,0,0,0,0,0,1,5,0,2,0,0,0,0,0,0,2,0,0,1,0,0
"COG4892",1,0,0,0,0,0,0,0,0,0,2,0,0,0,0,0,0,0,0,45,0,0,0,0,0,0,0,0,0,0,0,0,0,0,0,0,0,0,7,0,0,0,0,0,0,0,0,0,7,0,1,0,0,0,0,0,0,10,0,1
"COG4894",33,23,24,11,4,5,6,7,36,9,34,28,9,17,21,6,41,39,16,13,11,28,16,31,23,13,12,34,13,41,76,56,29,12,105,75,50,34,71,37,31,81,39,74,44,11,61,40,50,78,51,37,70,47,39,40,87,15,38,66
"COG4895",0,0,0,0,1,0,0,2,0,0,0,4,0,1,0,5,0,1,0,0,0,0,0,0,0,0,0,0,1,0,1,1,0,0,0,1,0,0,0,3,0,0,2,0,0,0,0,0,0,0,0,0,0,0,0,1,0,0,0,0
"COG4898",9,0,3,0,1,0,0,0,9,7,2,2,1,1,0,2,9,17,2,0,5,0,2,0,13,1,0,0,1,0,1,0,0,0,2,5,33,2,23,0,1,0,2,2,1,1,3,0,0,4,5,0,0,2,1,2,14,29,1,0
"COG4903",0,0,0,0,0,0,0,0,2,0,0,0,0,0,0,0,8,0,3,0,0,0,0,0,0,0,0,11,0,0,0,6,0,0,4,1,0,0,0,104,0,0,0,2,0,1,9,0,0,0,0,0,0,1,0,0,23,0,0,15
"COG4905",666,269,490,162,209,81,385,189,376,147,458,321,68,283,228,99,706,442,219,551,134,381,599,446,430,379,95,312,287,520,445,271,164,215,722,461,485,162,637,817,206,345,145,433,221,179,453,142,296,351,262,209,279,368,259,220,561,1438,294,685
"COG4907",7,2,6,3,1,6,5,2,8,33,0,4,0,1,2,0,6,0,0,5,1,1,2,10,1,3,1,2,10,9,0,4,1,0,58,27,56,0,47,5,8,9,4,5,0,91,3,42,0,0,1,19,16,1,7,100,2,63,2,63
"COG4908",0,0,0,0,2,0,0,0,0,0,0,0,0,2,0,1,0,0,0,4,0,0,2,0,0,0,0,1,0,0,0,0,2,14,0,0,0,0,20,0,1,0,14,0,0,0,0,0,0,0,0,0,0,0,0,0,0,2,0,0
"COG4909",23,7,2,24,17,12,28,25,14,283,11,7,1,27,14,66,35,6,32,2,15,20,25,6,12,14,3,3,34,7,2,16,9,64,11,45,5,5,10,15,4,19,25,18,13,99,4,75,12,4,5,24,28,1,32,100,4,93,3,3
"COG4910",8,2,1,5,1,5,9,12,3,81,1,6,0,2,4,11,8,4,8,1,4,4,5,1,2,1,1,0,10,2,2,2,0,9,1,5,0,0,2,1,0,3,4,2,4,28,1,18,5,1,3,7,7,0,9,33,1,26,4,0
"COG4912",237,222,289,266,250,229,276,367,219,213,231,251,225,283,149,304,252,256,228,230,208,229,205,314,244,237,315,325,275,292,303,272,257,78,208,239,238,257,192,182,249,280,249,248,267,209,431,256,299,228,184,262,196,231,252,253,260,100,325,229
"COG4913",228,137,105,82,281,39,648,100,194,72,84,132,29,400,49,8,338,135,207,328,88,548,819,55,123,194,16,136,22,85,144,102,179,56,208,230,222,75,164,181,95,267,44,120,126,112,101,125,116,248,230,22,57,236,206,219,271,850,180,208
"COG4916",0,0,3,0,1,0,0,0,0,0,0,19,1,0,0,16,0,0,1,0,0,0,0,6,0,0,23,0,0,0,62,13,0,0,1,0,6,0,0,15,2,0,0,1,0,0,3,1,20,0,0,0,0,0,0,0,0,1,2,26
"COG4917",69,10,15,17,35,15,24,31,12,74,23,29,10,11,16,41,40,10,52,32,17,20,30,24,15,32,28,18,24,19,15,9,10,146,16,43,6,11,18,19,10,24,18,22,25,35,19,35,16,9,11,22,55,7,20,42,11,59,7,10
"COG4922",2,3,9,0,0,0,2,0,4,1,5,27,2,10,1,3,4,2,0,36,5,5,6,0,1,7,0,2,2,8,16,1,0,1,4,1,45,0,74,4,13,1,6,5,7,1,0,1,0,1,0,2,2,22,4,1,0,1,13,13
"COG4924",15,3,3,9,79,10,61,54,19,6,18,31,0,39,3,0,12,10,44,22,11,97,22,0,16,35,0,12,1,1,6,1,1,1,33,37,35,2,24,33,24,4,2,2,23,21,10,38,2,12,10,1,6,39,32,64,70,349,26,10
"COG4925",3,88,37,113,16,12,29,33,29,94,40,32,6,37,12,48,5,14,15,9,43,62,32,40,9,42,96,28,76,35,14,77,11,5,10,27,8,5,4,42,67,29,36,10,56,86,8,16,43,52,34,23,79,35,30,34,17,6,44,11
"COG4926",19,12,1,0,83,3,0,4,48,9,7,2,1,55,26,48,2,56,5,125,12,5,41,17,19,11,11,10,2,62,14,40,8,88,54,16,11,8,33,18,7,4,13,24,8,39,25,5,6,1,9,11,26,3,17,11,8,31,0,162
"COG4927",8,5,16,1,9,1,10,1,0,0,4,2,1,4,0,2,11,1,9,2,1,0,6,12,6,4,0,1,6,17,6,8,9,63,28,16,1,18,3,31,2,6,43,20,5,44,130,1,5,6,14,4,20,7,7,8,4,8,5,28
"COG4928",183,33,243,67,487,6,27,873,184,88,80,134,810,7,10,59,143,180,252,10,31,19,52,121,89,40,125,277,6,193,84,72,19,78,33,193,47,217,291,58,52,12,36,35,22,251,1223,40,29,198,44,30,11,218,49,146,280,37,16,126
"COG4929",2,9,14,53,37,1,1,7,0,10,6,18,0,14,1,14,1,6,10,2,4,11,13,6,3,6,30,6,12,9,2,33,18,0,2,34,1,1,0,8,16,2,7,0,8,93,5,11,11,32,9,4,33,17,7,9,5,5,2,5
"COG4930",205,167,93,43,132,13,384,46,289,67,372,65,99,77,164,8,135,88,123,191,115,35,112,303,204,47,289,222,52,333,123,80,13,14,78,87,131,173,289,71,164,68,19,138,81,42,186,619,262,16,309,156,45,71,40,99,77,6,56,82
"COG4932",1205,878,820,145,284,246,497,128,955,281,1092,666,118,491,734,511,857,593,517,821,350,1285,542,1013,590,499,286,690,382,1139,1046,573,180,1359,1176,969,846,109,1036,1291,517,485,591,756,297,357,603,482,734,397,372,358,835,1256,593,619,1068,1742,380,1450
"COG4933",26,9,48,13,36,122,0,74,7,8,39,51,107,9,8,34,28,4,8,96,0,19,2,23,4,3,30,10,4,15,26,10,2,3,15,65,23,16,0,33,38,6,30,33,4,7,11,221,12,69,12,3,47,41,0,5,63,6,9,16
"COG4936",103,77,65,42,89,30,26,33,108,73,37,90,11,12,36,56,31,38,47,29,15,79,68,71,47,62,16,112,50,82,96,44,17,8,105,33,80,10,0,44,13,48,22,121,35,178,87,28,36,45,20,24,50,155,36,69,238,37,31,82
"COG4937",82,94,86,44,60,292,124,301,128,107,83,140,423,117,293,61,42,39,140,161,76,50,28,124,124,61,53,190,33,128,57,26,111,0,78,31,136,306,26,39,145,26,125,199,171,29,31,274,65,42,22,90,1,61,64,96,17,15,177,98
"COG4938",51,6,118,50,302,10,65,15,40,115,24,184,567,49,11,26,61,95,4,221,109,73,17,134,118,123,139,117,165,96,244,108,73,0,4,10,54,1125,96,29,144,351,70,530,45,21,65,49,11,82,10,12,225,31,160,47,90,8,32,71
"COG4939",6,0,0,0,1,0,0,0,0,2,3,4,0,3,0,0,0,2,1,0,0,2,1,2,0,1,0,0,0,0,0,0,0,2,0,3,1,0,0,1,7,0,2,0,8,0,1,0,0,0,0,0,0,1,2,2,0,13,1,1
"COG4940",9,12,17,28,1,10,11,0,8,20,4,18,1,9,11,13,12,15,7,0,13,5,40,33,8,19,10,28,14,22,23,17,14,0,21,4,17,1,7,3,32,4,20,12,5,43,10,6,13,11,15,18,1,13,28,17,24,1,8,6
"COG4942",16,152,124,215,182,708,131,49,89,137,79,92,15,139,15,189,35,116,108,30,143,156,102,83,87,233,206,256,152,105,92,227,184,173,68,152,100,123,1,102,216,125,264,28,139,219,277,84,78,153,199,126,147,162,103,165,110,27,56,49
"COG4943",1,0,2,17,25,25,6,47,16,227,0,46,30,7,4,33,14,2,81,4,30,3,10,0,20,39,53,0,10,0,2,1,9,509,0,13,0,2,0,0,3,10,7,1,19,58,5,15,9,1,3,13,29,5,19,0,1,71,7,0
"COG4946",355,809,491,1052,1402,388,1259,1144,581,828,694,514,1231,1359,802,1107,382,915,955,480,1385,837,531,675,867,902,912,299,945,439,783,924,1173,22,464,583,561,612,206,552,1119,764,925,649,1078,901,312,1338,1049,1056,820,1243,769,1012,977,894,344,148,886,521
"COG4947",109,40,87,48,4,1,208,35,65,42,28,35,18,118,61,1,149,61,26,80,26,82,284,35,63,47,10,38,12,99,86,78,88,1,92,57,86,55,76,32,44,109,18,57,45,43,57,19,63,127,106,11,50,66,53,56,97,16,93,77
"COG4948",355,432,354,552,593,629,643,473,462,853,485,469,434,536,462,666,353,423,429,600,641,395,1448,337,522,568,657,387,545,429,478,513,772,1979,359,511,374,356,599,358,374,587,425,314,553,938,324,570,460,425,585,733,618,410,534,569,301,225,510,257
"COG4950",0,0,0,1,5,9,2,7,2,78,0,12,4,3,0,9,0,1,13,0,4,1,1,0,2,10,7,0,1,0,0,0,2,116,0,3,0,0,0,0,2,0,2,0,5,9,1,3,4,0,2,2,8,0,2,0,1,19,0,0
"COG4951",116,198,69,64,170,69,29,383,65,193,158,160,89,27,62,45,334,61,226,161,71,6,82,72,83,110,236,245,109,92,52,183,67,46,138,91,239,396,8,61,67,543,49,314,172,2,141,58,84,130,343,147,205,63,98,221,40,82,98,170
"COG4952",1,7,4,2,14,0,2,4,8,6,4,9,0,22,2,8,48,1,0,0,1,2,3,10,13,5,4,3,11,4,12,3,10,30,19,17,0,3,0,7,6,1,4,8,1,29,7,1,1,26,15,4,18,6,24,18,8,1,2,2
"COG4953",12,48,91,337,247,16,117,128,68,190,39,118,6,133,12,238,19,47,161,40,78,148,71,57,21,206,188,49,164,64,51,155,106,137,64,177,23,3,2,75,210,44,243,7,179,344,20,38,61,162,130,46,311,87,116,198,33,43,40,24
"COG4955",0,0,0,0,0,0,0,0,0,0,0,0,0,0,0,1,0,0,0,40,0,0,0,0,0,1,0,0,0,0,0,0,0,1,0,0,0,0,13,0,0,0,0,0,0,0,0,0,0,0,0,0,0,0,0,0,0,11,0,0
"COG4956",15,7,47,33,11,9,31,12,42,22,27,97,5,9,30,31,23,14,11,138,30,15,19,68,15,45,13,16,25,21,18,18,20,1,16,9,41,14,177,28,36,22,24,19,4,42,14,16,14,11,11,10,13,37,17,27,15,17,17,40
"COG4957",0,1,0,0,0,0,0,1,1,1,0,9,0,1,0,0,0,1,3,0,0,2,4,1,0,0,1,2,5,0,1,3,0,0,0,2,0,0,0,2,0,5,2,0,1,0,3,2,0,0,4,0,5,0,4,3,1,0,1,1
"COG4959",0,0,13,0,0,0,0,18,0,0,2,0,0,0,2,0,0,0,0,0,9,0,0,34,0,0,0,0,0,1,0,0,0,0,0,0,0,0,0,0,0,0,0,0,1,0,0,4,0,0,0,0,0,0,0,0,1,0,6,0
"COG4962",497,317,514,121,184,102,200,135,364,141,207,239,56,349,391,92,502,446,211,208,103,257,151,589,531,254,153,337,274,401,461,223,99,399,601,349,325,134,634,473,128,382,139,331,242,140,492,228,317,283,146,238,306,228,285,262,677,663,214,327
"COG4963",2,1,2,1,0,0,4,0,14,0,0,3,6,10,9,0,6,17,10,7,1,0,0,15,10,1,1,0,2,0,11,9,3,24,17,0,7,29,27,1,25,3,1,12,8,10,26,0,106,24,0,0,3,0,1,0,5,0,1,5
"COG4964",9,25,9,0,0,0,10,0,33,0,2,1,0,0,19,0,0,0,0,19,0,0,0,37,0,1,0,0,0,0,0,1,0,0,1,3,4,9,15,0,8,0,2,0,22,0,0,0,1,0,4,0,2,0,0,0,0,0,105,0
"COG4965",257,30,94,26,51,13,40,13,70,47,52,41,20,70,39,23,130,221,80,110,38,77,41,99,136,115,6,85,67,61,95,54,15,78,65,126,112,38,92,63,27,55,23,100,42,23,79,52,122,84,24,23,126,76,66,28,182,81,27,81
"COG4967",0,0,0,2,1,3,2,7,5,19,1,6,0,2,0,5,0,1,11,1,6,2,3,0,1,8,1,1,2,0,0,0,2,98,0,3,0,0,0,2,1,2,2,0,3,5,1,0,2,0,0,1,2,0,2,0,1,10,0,0
"COG4969",8,1,0,3,9,5,7,7,3,42,12,16,6,7,0,7,3,0,12,0,4,9,4,1,13,11,7,2,3,0,5,11,2,98,1,12,1,2,0,0,2,2,1,9,3,7,3,0,3,1,1,3,13,1,5,0,3,16,4,1
"COG4972",54,109,167,49,49,15,39,23,78,10,66,66,9,32,53,6,81,90,19,29,40,158,19,147,69,139,29,192,49,165,60,27,6,17,89,16,24,2,19,18,13,37,6,49,11,11,24,2,12,23,20,21,31,66,19,11,77,8,43,38
"COG4973",109,229,213,280,451,349,307,279,191,459,362,237,140,201,45,274,174,241,850,64,394,339,99,202,285,422,304,153,164,234,231,269,207,190,193,123,255,232,79,354,214,149,264,30,332,162,173,410,259,277,286,232,524,226,236,209,90,54,351,409
"COG4974",1245,1729,2000,2596,2167,3125,1881,2467,2025,1838,2044,2544,7439,1647,3783,2125,1765,1901,2060,1074,3185,2046,1563,2384,1982,2390,2485,3804,2844,2156,2034,2072,2149,1147,1468,2035,1740,2873,849,2128,3031,1961,2827,4474,2480,1483,2792,2229,2117,1909,2222,2270,1952,2011,2269,2828,2176,1040,2791,1609
"COG4975",0,0,0,0,1,8,0,0,2,0,0,0,0,0,1,0,1,0,2,175,0,2,0,0,0,1,0,0,0,0,0,0,0,3,0,0,13,0,35,0,1,0,0,0,1,6,0,0,0,0,0,0,0,0,0,0,0,50,0,0
"COG4977",278,607,640,1065,847,190,292,232,301,412,471,501,567,496,1695,501,440,727,310,54,829,950,392,334,473,518,1388,507,467,398,410,1111,815,1,252,907,355,64,90,472,775,379,850,1085,590,1549,410,364,648,1749,619,556,575,555,613,402,601,73,141,278
"COG4978",119,66,133,85,175,39,88,31,107,91,87,109,22,71,37,118,104,131,68,25,51,104,110,203,85,103,53,80,111,98,88,100,119,330,51,109,55,30,91,109,73,47,250,91,91,450,51,97,85,75,70,108,97,89,115,200,152,143,59,111
"COG4981",0,0,0,16,0,22,0,1,12,14,210,78,0,0,12,0,22,0,3,186,0,3,0,0,1,26,2,2,1,0,0,9,0,0,25,113,180,6,1179,0,118,48,0,3,1,6,2,0,3,0,23,9,18,0,4,0,0,2058,4,7
"COG4982",5,0,1,11,0,37,0,3,9,16,214,66,0,0,11,0,26,0,6,175,1,1,0,1,1,27,2,1,4,0,0,8,0,0,19,122,152,3,1184,0,133,39,0,3,0,5,2,0,3,0,14,9,12,0,2,1,3,1900,4,2
"COG4983",31,24,24,61,23,37,2,4,6,8,20,1,24,26,34,3,35,6,41,6,5,33,9,10,59,11,0,8,59,11,12,59,2,48,24,9,16,7,138,16,61,9,6,9,1,0,10,3,1,15,4,15,29,48,18,1,15,11,14,106
"COG4984",1,15,29,107,87,6,17,7,6,27,12,38,2,40,4,39,5,15,14,3,23,25,27,12,22,24,79,21,49,20,4,95,15,0,8,76,3,3,1,12,32,11,23,16,22,183,13,11,29,57,28,27,71,24,42,24,14,2,6,9
"COG4985",42,45,64,14,42,2,4,31,41,5,40,15,7,15,24,3,39,70,0,8,26,88,23,71,21,54,13,64,43,59,72,40,3,0,108,17,25,8,16,21,27,16,19,28,38,1,49,22,22,22,22,3,22,56,18,15,31,2,75,24
"COG4986",0,0,0,0,0,2,0,0,2,1,23,0,0,0,1,0,2,0,0,2,0,0,0,0,0,3,0,0,0,0,0,1,0,0,0,0,1,0,480,0,0,0,0,0,0,0,0,1,0,0,0,0,0,0,0,0,0,0,0,0
"COG4987",6,0,62,4,14,17,17,15,4,59,2,37,4,5,14,37,63,0,23,171,27,7,3,48,39,24,17,5,14,0,2,1,5,204,0,3,8,5,25,2,4,5,7,28,8,23,9,1,10,4,2,1,23,1,2,11,2,105,25,55
"COG4988",323,78,148,46,58,59,149,48,111,178,198,183,24,117,90,67,153,155,125,406,60,88,346,112,194,150,54,57,103,86,44,32,31,112,52,52,61,37,272,27,52,39,25,77,21,18,63,27,51,40,40,55,50,11,31,32,65,522,47,53
"COG4989",103,9,17,16,20,22,17,55,12,68,22,43,7,30,46,23,105,25,52,124,7,12,62,22,40,53,14,24,17,19,35,11,13,136,21,59,50,4,85,21,30,14,64,40,28,50,58,9,9,34,12,19,33,10,24,24,12,226,9,63
"COG4990",80,22,94,29,92,3,47,33,62,28,82,28,11,54,39,6,101,149,21,95,20,121,151,92,127,128,38,107,43,78,86,38,15,32,76,51,98,11,40,31,65,69,15,47,23,9,173,13,18,54,28,6,106,80,33,42,97,86,31,63
"COG4992",799,650,660,605,519,465,828,718,719,817,670,697,406,858,565,609,742,512,598,680,629,748,766,678,679,726,589,649,657,487,676,563,639,723,508,735,811,412,893,447,624,792,592,528,658,438,407,486,713,567,684,778,407,659,697,547,763,678,676,592
"COG4993",5,0,0,10,10,33,10,38,7,186,0,26,12,5,1,25,4,2,49,3,21,6,5,0,1,27,17,0,6,0,0,0,4,345,0,4,0,2,0,1,5,4,2,0,11,25,1,6,11,4,4,4,21,2,10,1,0,45,2,0
"COG4995",0,168,31,16,26,3,4,3,9,9,6,17,114,99,2,14,4,187,33,0,79,27,13,10,29,2,168,101,7,53,120,86,451,0,128,85,463,369,1,78,125,107,52,18,35,108,1014,14,59,113,16,19,4,502,60,290,150,3,7,193
"COG4997",4,11,3,0,1,0,2,0,5,0,49,37,5,0,0,0,3,2,0,0,5,8,4,42,5,21,7,7,2,38,4,44,1,0,14,2,2,0,0,1,4,9,3,3,0,0,30,0,0,0,3,1,7,0,1,9,23,0,3,17
"COG4999",1959,2996,2366,1949,2420,1552,1867,1303,2175,1108,1790,1914,1093,2723,1422,1957,1903,2559,54,862,3018,3070,1834,2753,1498,1691,2830,2086,2259,2578,2717,3869,2630,485,2423,2494,1385,1513,725,4047,2152,1199,2233,2210,2647,1677,2981,1215,1561,3193,1750,1381,2513,3072,2520,2438,3260,512,1565,1681
"COG5000",195,442,417,995,1040,535,653,505,414,576,501,515,673,905,270,877,261,568,655,332,987,650,380,475,480,616,901,461,674,361,451,734,957,33,330,486,392,353,153,416,703,449,930,368,628,776,280,657,718,673,591,815,649,543,735,543,216,170,484,405
"COG5001",1630,728,1696,534,723,198,541,452,1047,553,686,451,103,562,629,307,1266,1138,701,562,299,1150,1052,1275,1328,985,320,1317,752,1017,1387,654,353,966,891,518,946,499,537,585,339,864,508,1240,608,1790,882,528,623,889,504,537,842,1338,432,686,2034,381,516,1140
"COG5002",1504,4023,2604,7386,6235,2101,3117,4302,2115,3966,3352,2882,3595,5451,3192,6211,2024,5185,4103,1307,3365,4549,2335,2504,2851,2959,7797,4805,5252,2598,2486,5616,4662,127,2054,3013,3194,2625,936,3527,4251,3271,3695,2343,3974,6181,1611,3223,5025,7222,4911,4571,2872,4587,4508,4337,2783,706,3125,3272
"COG5004",0,0,0,1,0,0,1,1,0,34,0,8,0,0,0,2,1,0,6,0,0,1,0,0,2,4,0,0,0,0,0,0,1,1,0,1,0,0,0,0,1,0,0,0,1,1,0,0,0,0,0,0,2,0,0,0,0,4,0,0
"COG5005",0,0,0,0,0,0,2,1,2,1,0,0,0,0,0,0,0,13,0,0,0,0,1,19,0,0,0,1,0,0,2,4,2,1,2,13,0,0,0,0,1,0,0,1,19,41,3,0,0,0,0,1,1,0,0,0,1,0,0,2
"COG5006",1,0,3,3,6,11,2,15,10,59,29,19,4,13,5,13,8,4,36,6,7,3,1,0,4,10,7,2,7,3,0,3,4,149,0,12,19,0,81,3,21,8,1,0,5,12,1,3,2,1,8,2,23,1,8,2,1,150,0,1
"COG5007",1,0,0,1,2,7,3,5,0,21,0,8,7,0,1,3,5,0,14,0,4,0,3,0,8,7,4,0,1,0,0,0,3,80,0,2,0,3,0,0,0,1,0,1,1,14,2,4,1,0,0,0,0,2,3,0,0,11,2,0
"COG5009",635,902,626,546,575,1735,550,1443,618,813,495,708,1905,646,1163,605,347,653,599,664,592,484,422,627,612,499,520,764,597,729,627,514,625,711,524,522,856,1484,255,442,796,488,666,964,1060,428,1021,1180,483,504,595,561,470,534,675,770,504,296,991,663
"COG5011",149,100,154,51,45,21,149,48,196,58,128,96,23,100,108,52,212,144,87,128,63,110,170,169,137,73,46,109,91,168,164,93,84,74,174,140,107,53,179,81,74,142,47,100,74,74,142,55,129,93,83,84,143,139,102,101,185,58,92,129
"COG5012",97,96,111,286,226,16,143,58,100,111,86,106,12,204,26,288,82,82,198,17,103,185,156,104,95,69,255,83,202,108,52,234,158,4,153,168,28,10,28,119,134,97,227,25,87,320,64,48,145,220,154,123,255,109,131,134,49,82,48,78
"COG5013",5,1,7,17,47,97,57,65,23,272,22,81,24,65,10,98,79,7,88,36,33,25,36,15,45,58,68,17,33,18,7,18,34,704,1,17,67,14,38,35,33,78,4,20,32,96,13,31,19,6,14,29,79,18,26,3,15,138,3,4
"COG5015",76,77,82,7,35,14,15,29,73,50,49,58,23,55,30,28,166,73,40,25,21,49,81,78,104,58,54,66,58,85,128,46,68,49,111,82,123,7,156,63,54,148,85,85,54,57,81,16,40,37,54,28,163,110,35,48,123,11,44,142
"COG5016",543,816,786,1082,1001,882,1136,790,743,663,811,656,852,1147,796,1093,585,839,739,517,942,865,919,710,812,876,981,872,1011,728,878,970,1167,155,717,778,728,841,513,600,888,896,801,506,782,718,718,807,900,734,1044,1171,732,874,918,894,672,247,837,599
"COG5017",44,23,91,49,18,4,26,15,20,30,15,32,13,27,11,28,65,36,15,29,14,25,42,20,54,5,1,60,4,13,31,62,1,0,27,26,10,11,45,298,18,23,43,16,68,50,69,9,35,6,40,25,31,49,13,22,119,18,84,85
"COG5018",230,83,175,62,95,35,176,38,104,61,79,130,13,141,83,31,212,136,49,147,55,157,250,132,173,160,44,165,102,188,189,69,121,71,130,85,117,49,156,67,53,112,35,136,87,74,170,45,90,143,104,102,110,131,108,75,228,23,76,164
"COG5026",0,32,88,155,220,1,29,12,22,26,21,110,1,46,19,154,15,7,113,150,37,48,46,68,8,62,108,18,69,25,15,80,36,0,10,47,50,6,239,38,76,13,67,4,22,173,6,21,33,63,43,17,177,20,31,25,8,17,38,27
"COG5029",1,0,2,0,0,0,0,0,0,1,0,3,1,0,0,22,1,0,2,6,0,0,0,2,0,0,0,1,6,0,0,4,8,0,2,4,1,0,0,0,19,0,5,0,5,0,0,0,0,0,4,0,0,0,0,0,0,0,0,1
"COG5039",119,14,41,44,257,24,126,11,29,6,77,51,93,20,14,3,16,42,19,5,24,37,3,54,11,43,38,55,12,36,18,43,124,0,19,50,150,4,40,40,25,4,43,7,194,81,13,6,4,14,8,16,2,11,14,17,6,0,34,143
"COG5042",1,2,0,0,0,0,0,0,0,0,0,1,0,0,2,0,0,1,0,0,0,0,0,0,0,0,0,0,0,1,1,0,0,0,4,0,0,0,0,0,2,0,0,0,0,0,0,0,0,0,0,0,0,0,1,0,0,0,1,0
"COG5048",0,1,3,2,0,0,0,0,2,0,0,1,0,1,2,0,2,0,0,0,28,4,5,0,6,19,0,0,0,5,51,1,2,0,6,0,2,1,0,2,0,1,58,0,0,0,3,76,0,6,17,2,1,6,1,100,7,0,1,0
"COG5108",153,5,45,76,0,0,0,1,0,0,0,0,0,0,0,30,0,0,0,0,32,0,0,1,0,2,0,0,0,77,0,0,0,1,4,0,3,1,0,4,0,0,23,2,0,0,0,1,1,0,0,0,0,2,4,0,1,0,0,0
"COG5146",36,135,85,109,56,357,128,169,85,58,168,62,264,124,170,187,45,176,27,75,260,65,76,67,47,141,182,149,183,78,60,133,223,0,27,65,45,172,12,87,117,208,96,96,162,18,207,247,170,96,209,239,93,120,167,113,126,6,179,11
"COG5184",7,121,140,25,0,2,100,8,105,6,68,53,6,17,115,0,996,188,27,0,37,122,309,502,305,116,0,222,102,486,1602,245,29,0,381,66,157,39,138,2598,62,14,8,273,171,0,571,15,28,117,82,49,46,985,5,21,533,3,191,1054
"COG5206",0,91,47,0,0,1,4,73,7,112,101,54,8,8,4,21,6,29,0,0,1,1,1,5,74,28,43,67,149,15,20,4,12,0,4,6,4,1,0,102,38,404,21,5,39,1,4,0,0,41,734,315,0,43,39,91,5,3,29,9
"COG5255",0,0,0,0,0,0,0,0,0,0,0,2,1,0,0,0,0,2,0,0,0,0,0,0,1,0,0,1,0,0,0,0,0,0,0,0,0,0,0,0,0,0,0,0,0,0,0,0,0,3,0,0,0,0,0,0,0,0,0,0
"COG5263",642,197,108,51,507,159,405,128,111,145,308,302,20,130,184,307,510,451,248,420,255,160,258,277,192,211,62,166,282,121,197,93,213,956,283,178,159,81,739,207,115,225,288,703,206,743,150,119,203,284,168,776,406,95,161,352,233,197,79,208
"COG5265",0,4,0,0,0,0,1,0,0,0,0,4,4,2,0,2,4,0,2,0,0,0,5,0,0,67,38,0,1,0,2,13,46,0,1,0,0,0,0,0,2,0,0,2,0,0,0,0,2,0,1,0,0,0,0,0,0,42,1,0
"COG5266",13,5,7,0,7,8,25,11,18,8,4,7,5,15,7,4,8,1,10,6,3,7,18,9,26,4,20,10,12,10,1,9,7,361,6,5,5,7,1,13,4,27,6,13,14,33,4,3,9,3,11,18,28,6,8,14,2,1,2,2
"COG5268",0,0,0,0,0,0,0,14,0,2,0,0,1,0,0,0,0,5,0,0,2,0,0,8,0,0,0,0,0,0,0,0,0,0,0,0,0,0,0,0,0,0,0,0,0,0,0,0,0,0,0,0,1,0,0,0,0,0,0,0
"COG5271",1,3,4,0,1,0,0,1,2,0,10,0,1,7,0,2,0,1,1,0,15,6,0,0,0,0,5,0,1,485,1,3,0,0,0,2,0,0,0,2,1,0,61,1,7,0,2,0,0,2,2,0,0,1,0,0,0,0,0,3
"COG5272",1,3,0,8,0,0,1,0,0,0,11,0,0,5,1,0,0,0,2,1,0,2,1,1,0,14,0,0,0,0,4,0,3,1,1,5,0,0,0,0,0,0,0,0,0,8,0,1,6,1,0,0,0,0,1,0,1,2,0,0
"COG5276",23,3,1,1,1,1,0,7,0,55,0,2,2,5,4,0,25,5,7,4,1,7,2,11,4,3,0,7,4,1,2,18,1,0,4,11,10,1,3,16,3,6,4,5,12,0,1,2,5,4,0,8,11,5,9,5,2,14,0,8
"COG5279",589,314,587,85,246,35,224,86,219,97,364,153,26,142,178,67,587,211,166,150,101,318,206,353,386,222,116,376,187,382,468,223,64,95,424,266,278,219,196,468,136,238,211,356,170,57,569,128,309,289,129,158,180,316,196,297,457,113,207,525
"COG5280",59,22,25,1,16,20,0,7,16,17,103,77,24,28,45,28,78,84,7,3,20,26,501,125,41,47,7,11,56,60,117,22,48,91,66,20,61,2,9,64,12,38,44,41,97,1,24,10,12,59,24,47,19,31,51,40,30,35,19,316
"COG5281",19,485,20,27,5,55,18,69,17,0,107,105,15,26,21,85,48,22,2,3,31,90,37,12,138,455,115,49,17,12,59,52,26,851,23,19,15,2,3,4,21,61,7,5,57,112,16,16,16,41,6,46,86,33,46,32,30,90,43,49
"COG5282",2,1,0,1,0,13,0,0,4,3,56,21,0,0,7,0,6,0,1,48,0,1,0,0,2,5,0,1,0,0,0,1,0,0,4,30,54,0,258,0,24,14,0,1,2,2,1,0,2,0,6,11,6,0,0,0,0,426,0,4
"COG5283",161,132,139,114,185,563,25,100,146,294,57,253,62,85,138,135,210,192,110,366,169,291,984,202,90,168,82,259,95,130,419,202,67,244,383,529,204,17,658,232,232,245,129,76,267,615,370,158,55,355,171,54,116,297,498,116,259,359,66,439
"COG5285",0,0,0,1,1,1,0,1,1,0,0,0,0,0,0,0,0,0,3,0,4,1,0,0,0,0,0,0,0,0,0,0,0,0,0,0,0,0,0,0,0,1,1,0,0,0,0,4,2,0,0,0,0,1,1,0,0,0,0,0
"COG5293",0,9,58,2,2,0,3,0,0,3,2,1,0,12,0,25,45,15,9,0,0,45,0,42,12,6,132,0,58,8,22,4,2,1,32,12,0,2,2,3,2,5,18,4,1,2,22,0,0,0,9,1,5,3,36,0,2,25,1,17
"COG5294",1,0,0,0,0,0,0,0,0,0,0,0,1,0,1,0,0,0,0,0,0,0,0,0,0,0,0,0,0,0,4,0,0,1,0,0,0,0,0,0,0,2,0,0,0,0,8,1,0,0,1,0,0,5,0,0,1,34,0,0
"COG5295",28,22,76,98,266,119,148,89,19,69,28,256,17,64,37,292,275,53,66,142,77,30,118,80,169,77,81,47,86,32,28,55,32,37,15,42,101,39,991,67,331,136,54,64,34,160,44,74,69,31,38,124,158,33,63,60,323,243,84,5
"COG5298",0,1,2,31,0,16,9,1,2,0,0,12,0,13,2,0,2,0,4,2,1,11,11,0,0,23,0,0,7,0,2,22,1,0,0,4,4,0,16,4,19,0,10,9,1,47,11,0,9,0,17,7,0,14,0,24,1,0,0,0
"COG5301",3,5,3,39,12,57,65,13,17,67,1,101,7,5,5,22,2,5,27,0,7,14,15,41,4,14,9,10,28,4,2,17,1,321,6,28,5,2,0,0,15,6,2,7,18,48,1,5,1,15,3,25,9,2,12,30,0,171,28,0
"COG5302",1,0,0,4,2,5,0,0,0,24,0,0,0,0,0,7,1,0,1,0,0,0,0,0,0,1,13,0,4,0,0,0,1,111,0,1,0,0,0,0,1,3,0,0,0,18,0,1,3,0,0,0,2,0,1,0,0,18,0,0
"COG5305",18,15,25,0,0,1,0,5,54,15,36,45,8,25,11,0,91,18,14,25,5,8,6,35,14,1,21,24,42,60,125,36,24,0,194,82,57,66,36,202,12,21,12,27,15,0,57,17,7,0,35,19,46,114,45,12,67,11,61,26
"COG5309",2,4,4,1,0,0,0,1,1,0,2,5,0,15,1,0,11,0,0,0,1,13,0,5,5,2,1,2,2,1,12,0,1,0,10,5,1,4,0,1,10,0,0,12,0,0,5,0,2,22,7,1,8,0,21,5,1,0,0,2
"COG5314",0,0,0,0,0,0,0,0,2,0,0,0,0,1,0,0,0,1,4,0,0,0,0,3,0,6,3,0,0,0,1,1,0,0,0,1,0,0,0,0,0,2,0,0,2,0,0,1,0,1,3,0,1,0,0,0,0,1,2,0
"COG5319",1,4,1,2,1,0,1,3,4,1,0,4,0,0,0,4,0,0,0,0,2,5,2,1,10,6,0,1,0,2,0,0,3,0,0,0,0,1,0,3,6,5,1,0,0,2,2,0,0,0,2,0,0,0,1,0,1,0,1,1
"COG5322",0,7,8,15,0,11,4,11,1,12,0,11,5,11,2,0,1,18,4,1,6,7,13,11,0,17,3,12,6,22,5,12,13,0,2,5,8,0,0,2,19,1,17,1,0,20,2,13,10,5,6,6,0,11,16,7,14,0,3,1
"COG5324",5,0,113,0,3,4,80,2,1,8,14,14,5,0,9,6,6,34,1,9,0,1,0,27,0,10,1,0,0,2,0,6,0,0,13,0,56,9,0,0,17,6,0,36,0,0,20,0,2,0,0,0,10,1,1,0,0,191,0,19
"COG5337",183,25,35,68,18,12,5,23,30,12,51,47,9,84,32,2,83,30,23,45,4,20,400,21,63,41,4,27,5,60,50,28,90,0,43,92,38,10,426,30,15,62,9,69,39,1,97,14,7,101,65,19,92,118,16,11,34,433,41,105
"COG5339",4,0,3,8,20,14,9,17,10,55,0,41,23,8,2,40,8,4,90,1,18,0,7,0,18,39,58,1,13,1,0,1,8,472,0,14,0,6,0,1,10,5,0,9,11,52,2,4,6,3,5,4,21,0,3,0,0,49,4,1
"COG5340",0,3,2,18,1,0,0,1,3,0,5,25,9,1,0,0,0,0,10,53,1,3,0,10,58,1,1,18,11,66,2,12,1,0,53,0,24,0,0,0,1,1,0,3,0,0,2,0,0,1,1,0,7,1,16,5,1,1,7,1
"COG5341",20,33,40,3,7,8,23,10,41,7,36,40,2,8,12,20,11,8,8,36,14,9,17,22,33,13,10,22,15,54,39,26,9,8,33,13,29,4,59,14,18,21,12,43,6,16,26,15,23,17,4,23,19,4,10,30,18,4,17,33
"COG5345",0,0,0,0,0,0,0,43,7,0,0,0,1,1,1,0,0,3,3,0,1,1,0,0,0,1,0,1,3,8,13,1,0,0,4,0,0,1,0,4,3,2,3,1,4,0,2,0,0,1,2,1,4,2,5,0,1,0,1,0
"COG5353",2,0,0,0,0,2,0,0,0,0,0,0,0,0,0,0,3,0,0,22,0,0,0,0,1,0,0,4,0,0,0,0,0,0,0,0,0,0,15,0,0,0,5,6,0,2,0,0,0,1,0,0,1,0,0,1,0,4,0,0
"COG5360",9,3,5,35,1,0,25,9,11,0,14,20,3,15,14,2,0,6,11,0,1,30,4,15,2,19,20,5,1,13,13,2,0,0,0,4,2,2,0,7,28,74,15,0,47,0,11,16,2,28,3,9,1,3,25,5,2,0,0,1
"COG5361",26,33,48,0,0,8,8,8,49,2,37,30,7,93,33,0,20,14,14,20,28,9,199,18,3,23,0,6,9,31,51,24,26,0,64,24,9,3,1,15,15,27,12,36,31,0,16,7,29,115,2,1,0,94,9,4,20,7,18,78
"COG5362",0,16,8,0,44,2,0,12,1,6,0,18,5,2,6,0,17,1,1,0,9,1,195,0,22,3,28,2,146,0,44,3,1805,0,20,33,0,1,0,3,1,19,13,5,2,0,7,0,17,19,3,1,1,3,49,3,15,0,23,38
"COG5368",7,532,167,744,250,219,247,73,125,150,374,78,24,436,16,603,190,511,495,75,308,330,197,133,161,529,706,295,618,110,108,362,695,1,170,255,136,18,3,401,315,381,235,144,329,182,80,101,340,511,458,465,456,443,716,240,423,35,493,113
"COG5373",1,21,31,121,79,3,40,12,11,17,11,4,5,30,1,128,6,17,41,34,20,22,32,5,6,30,82,27,40,9,22,67,17,0,6,43,5,3,1,9,48,5,64,3,19,140,1,19,34,49,21,26,17,5,31,38,13,8,8,2
"COG5377",117,54,142,19,47,271,252,152,198,34,76,95,95,64,59,72,104,146,44,9,22,42,269,123,86,69,22,65,34,260,112,69,57,147,220,124,39,38,70,61,70,100,56,99,38,90,147,48,155,119,39,61,72,58,95,70,188,7,223,83
"COG5383",1,0,0,1,8,10,3,7,6,18,0,23,6,5,0,13,1,1,26,4,5,2,1,0,0,12,15,0,3,0,0,0,3,64,0,1,0,0,0,0,3,0,0,1,0,6,0,1,0,0,0,2,6,0,0,0,0,5,0,0
"COG5393",0,1,0,2,1,6,0,9,0,30,0,3,2,1,1,2,0,0,7,2,5,0,2,0,1,3,5,0,0,0,0,0,3,30,0,3,0,1,0,0,0,1,0,0,2,1,2,0,0,1,0,1,3,0,3,0,0,7,0,0
"COG5398",1,0,0,0,0,0,0,0,0,2,0,0,0,0,0,0,0,0,0,0,0,0,0,0,0,9,0,0,0,0,0,0,0,0,0,1,0,1,0,0,0,0,0,5,0,0,0,1,0,0,0,0,0,0,0,0,0,1,2,0
"COG5401",0,0,0,0,0,0,0,1,18,0,0,0,0,2,1,1,3,0,0,1,1,0,0,32,0,0,0,1,1,13,8,7,0,0,11,0,0,0,0,51,3,0,0,2,0,0,11,0,1,0,0,0,0,15,0,0,10,0,4,21
"COG5404",1,0,0,4,7,8,2,7,3,32,1,15,7,5,2,12,1,0,27,0,4,0,2,0,4,16,8,0,4,0,0,1,1,125,1,2,0,0,0,1,2,1,0,0,0,15,0,2,2,0,3,2,14,0,2,0,0,15,0,0
"COG5405",5,1,47,5,13,4,15,40,35,46,10,55,2,5,32,14,5,3,13,102,24,16,6,49,15,11,11,2,21,13,5,15,4,96,7,3,20,6,72,12,14,6,19,3,19,31,5,18,5,2,6,7,15,26,9,48,2,38,25,45
"COG5410",12,23,190,17,107,4,25,30,140,21,29,106,27,159,17,5,194,67,18,1,88,86,249,161,328,278,192,11,249,48,150,251,1876,66,106,146,35,1,91,30,287,230,228,16,53,24,41,43,167,72,43,64,65,16,170,185,56,7,32,547
"COG5412",81,29,118,58,24,45,20,49,280,76,173,47,16,55,109,52,160,158,38,36,38,33,72,74,107,37,18,221,30,82,192,32,41,1,165,80,32,33,118,73,62,48,37,90,41,16,163,46,7,25,24,122,36,139,46,257,252,31,82,198
"COG5413",3,0,0,0,0,0,4,0,0,0,0,0,0,0,1,0,1,1,1,0,0,0,0,0,15,0,0,0,1,0,0,0,0,0,0,0,0,3,0,0,0,0,0,3,1,0,1,0,1,0,0,0,0,0,0,0,0,0,0,0
"COG5418",6,1,0,0,7,0,4,1,1,1,0,2,1,5,5,8,0,3,3,2,1,1,5,8,2,0,1,1,2,1,0,0,1,40,0,11,0,0,2,1,0,0,5,3,3,6,0,3,1,2,1,1,4,0,2,3,0,8,0,0
"COG5421",734,97,235,10,180,207,328,739,238,55,289,447,94,167,142,91,80,128,41,223,77,81,238,227,47,171,57,315,33,317,12,150,114,32,42,48,244,239,35,409,113,533,63,88,431,32,114,15,16,16,22,273,9,83,28,116,69,73,33,178
"COG5423",0,4,11,22,6,1,13,0,30,0,8,19,0,6,10,0,0,0,9,11,2,5,10,14,0,28,4,7,8,12,0,9,3,0,0,2,3,8,2,9,8,8,6,3,3,25,7,1,7,9,10,11,4,4,11,11,11,3,6,2
"COG5424",0,0,0,1,1,2,0,3,0,20,0,0,0,0,0,0,0,0,0,0,6,2,0,0,0,0,0,0,0,0,0,0,0,0,0,0,0,0,0,0,0,2,0,0,0,0,0,0,1,0,0,0,1,1,0,0,0,0,0,0
"COG5426",4,1,2,6,32,4,5,1,2,46,3,10,3,1,3,8,5,6,7,0,7,5,15,8,6,10,17,2,9,3,1,0,1,87,1,4,0,0,2,1,5,3,1,1,1,13,0,0,2,0,1,4,8,0,3,1,3,14,3,1
"COG5427",206,9,15,14,32,17,60,6,13,16,26,32,7,14,32,28,146,38,53,23,11,35,59,32,6,55,11,11,16,15,14,25,10,0,25,57,23,5,64,35,10,39,23,33,15,0,5,12,19,15,7,29,46,13,38,10,24,98,4,25
"COG5433",298,100,225,682,698,112,397,326,135,201,548,358,455,319,53,680,124,204,267,186,293,147,244,338,177,162,244,248,162,1557,123,481,331,901,158,256,685,638,34,251,295,339,243,28,595,347,800,649,139,223,202,251,353,201,181,225,149,107,55,111
"COG5434",1109,1749,1551,2522,2359,4089,2467,2812,1349,1750,1594,1327,3530,2206,2415,2411,900,1824,2497,1023,1441,2345,1474,1387,1425,1254,2911,2750,2324,1750,621,863,694,95,550,568,800,607,259,544,827,766,609,1121,731,793,374,1307,932,1303,800,824,328,778,632,614,393,112,773,576
"COG5437",0,0,2,31,4,10,8,0,0,0,0,8,7,2,6,2,1,5,3,0,0,5,1,15,2,0,4,0,1,0,0,1,12,0,1,2,0,0,72,0,14,3,4,4,0,0,7,4,0,4,8,0,2,3,15,17,10,1,1,0
"COG5438",314,65,143,81,92,40,83,33,96,93,107,85,8,88,114,52,156,73,53,363,55,90,130,179,110,165,26,173,90,87,95,65,41,58,171,145,87,23,122,290,48,137,83,133,47,165,89,61,95,113,58,94,67,56,79,122,141,215,70,146
"COG5441",16,11,4,0,45,10,21,8,11,4,11,15,0,9,4,25,10,10,11,2,8,8,20,14,5,9,2,4,14,10,10,9,23,135,46,15,4,9,0,19,8,2,14,7,10,93,1,2,4,1,11,52,38,2,9,12,2,13,0,5
"COG5444",48,8,54,35,0,2,18,5,14,6,12,3,5,14,8,11,63,20,3,29,16,32,5,12,12,8,21,5,16,16,13,11,8,56,49,3,6,5,0,25,8,25,1,33,7,26,76,16,4,23,5,0,1,12,12,6,23,13,10,119
"COG5445",0,0,0,7,3,13,4,9,7,0,0,21,18,10,2,8,5,2,26,1,2,0,6,0,3,28,18,0,6,0,0,0,7,251,1,4,0,2,0,0,6,0,1,0,9,17,0,1,1,4,1,3,15,1,0,0,0,26,1,0
"COG5449",0,0,0,0,1,0,0,6,1,0,0,0,5,4,0,2,0,0,2,0,0,2,2,0,0,0,2,1,1,2,0,0,1,0,0,0,0,0,0,3,0,6,0,0,1,0,0,0,0,2,3,0,1,12,1,0,2,2,0,13
"COG5455",0,0,0,3,1,2,1,2,0,9,0,2,0,2,0,3,0,0,6,0,1,2,1,0,2,3,5,0,1,0,0,0,1,39,0,3,0,0,0,0,0,0,1,0,3,1,0,0,1,1,0,0,4,0,2,0,0,6,0,0
"COG5457",0,0,0,0,0,0,0,1,0,11,0,3,0,0,0,1,1,1,1,0,3,0,0,0,0,1,2,0,0,0,0,0,0,0,0,0,0,0,0,0,0,0,0,0,0,1,0,0,2,0,0,0,0,0,0,0,0,2,0,0
"COG5459",0,1,0,0,0,0,0,0,0,0,0,0,0,0,0,0,6,0,0,0,0,0,0,16,0,0,0,0,0,0,0,10,0,0,8,0,1,0,0,119,0,0,0,10,0,0,7,0,0,0,0,0,0,18,2,0,19,0,6,3
"COG5463",0,0,0,7,5,3,1,5,1,7,0,10,1,0,0,15,4,0,23,2,2,0,4,0,4,12,12,0,5,0,0,1,1,132,0,3,1,1,0,0,4,0,0,0,2,15,0,2,0,1,0,4,4,3,0,0,0,14,0,0
"COG5464",76,10,91,81,53,319,26,460,118,280,29,125,529,21,361,99,125,10,115,140,25,33,24,73,7,58,132,100,61,68,5,10,30,495,9,28,5,67,7,6,74,40,38,429,186,90,116,135,50,22,31,19,42,10,61,5,6,85,251,19
"COG5470",0,0,0,0,0,0,0,1,0,0,2,0,0,0,0,0,0,0,0,0,1,0,0,0,0,0,0,0,0,0,0,1,0,0,0,0,0,0,0,0,0,0,0,0,0,0,0,0,0,0,0,0,1,0,0,0,0,0,0,0
"COG5471",0,1,2,1,0,0,0,5,1,1,1,20,0,1,0,1,0,1,1,0,1,0,1,1,3,0,1,0,5,4,0,0,1,1,5,1,0,0,0,4,0,1,3,0,1,0,1,0,0,0,1,8,1,0,1,6,0,4,0,0
"COG5474",48,1,3,0,0,0,0,1,0,0,0,1,1,5,0,0,0,3,0,0,0,0,0,3,0,0,0,20,0,0,17,1,0,0,0,6,1,0,0,0,0,0,0,0,0,0,1,1,0,5,0,0,0,1,0,1,0,0,0,0
"COG5475",0,0,0,0,0,2,0,1,1,0,0,4,3,0,0,5,0,1,3,0,2,0,0,0,0,6,2,0,1,0,0,0,1,34,0,1,0,0,0,0,0,0,0,0,1,4,0,0,1,0,0,0,1,0,0,0,0,3,1,0
"COG5476",56,54,1,60,17,12,42,10,36,15,22,12,3,43,26,65,8,11,8,30,12,221,26,6,10,37,36,3,17,8,19,26,22,13,2,75,14,6,0,10,63,14,46,126,26,3,3,13,8,17,6,10,3,8,53,51,5,20,41,14
"COG5482",0,7,5,0,0,2,3,1,3,6,3,1,0,1,1,0,3,7,0,0,3,1,20,2,2,2,2,2,3,3,12,1,1,0,0,0,0,1,10,1,0,0,0,0,5,0,2,0,2,4,2,4,0,3,0,1,3,0,0,0
"COG5483",12,0,0,5,0,0,0,0,1,0,1,0,2,65,0,0,0,0,7,0,0,0,0,0,0,14,0,0,1,0,0,1,0,0,13,24,0,27,1,17,0,0,0,1,28,0,0,0,3,8,0,0,0,0,4,0,7,0,2,1
"COG5484",2,13,23,7,10,13,15,3,25,99,1,70,4,6,0,19,16,50,35,4,16,54,1,9,9,30,0,3,8,1,19,4,1,8,1,18,6,3,27,6,1,16,5,5,14,26,8,6,1,8,22,23,21,9,13,2,19,34,9,11
"COG5485",0,6,3,0,0,3,0,1,1,10,0,0,0,0,0,0,0,1,13,0,1,0,0,0,0,7,1,0,2,1,0,1,1,15,6,0,2,4,0,2,1,1,6,0,1,3,0,3,1,4,8,0,1,1,1,6,1,0,2,4
"COG5492",561,265,720,488,379,92,611,205,1113,389,375,303,225,317,199,520,353,419,609,416,139,1274,370,885,627,926,232,552,262,341,861,495,226,183,535,949,406,129,55,1720,453,347,408,729,264,285,387,155,888,556,474,313,306,1393,509,287,2566,119,193,777
"COG5493",0,0,1,0,0,0,3,0,0,2,0,0,0,0,0,0,0,0,0,0,0,1,1,1,0,2,0,1,1,0,0,1,0,9,0,0,0,0,0,59,0,0,0,2,0,0,3,0,1,0,0,0,0,0,0,0,10,3,0,5
"COG5495",64,45,106,32,14,24,63,52,46,25,36,91,4,64,60,13,72,48,42,80,48,51,80,135,92,87,23,52,34,64,71,40,19,48,63,48,45,16,133,36,46,56,40,72,34,40,56,44,79,69,29,44,55,76,57,63,129,29,40,77
"COG5496",69,90,133,70,62,38,130,77,221,129,95,101,24,118,85,66,115,105,80,62,163,113,203,123,138,108,80,97,75,103,98,86,50,9,117,124,151,65,104,75,95,133,117,55,81,41,77,106,165,91,106,96,81,74,106,99,106,7,99,110
"COG5498",39,122,98,70,35,37,52,157,69,141,65,101,150,263,213,105,76,104,53,57,63,38,55,102,49,90,81,135,56,99,350,356,213,91,167,270,117,585,1,176,441,137,257,261,247,388,123,547,82,623,214,146,211,378,299,334,118,18,366,278
"COG5499",0,0,0,5,9,16,0,11,5,28,0,20,0,2,1,16,4,3,25,3,4,2,1,0,2,7,5,0,4,0,0,1,4,118,0,3,0,0,0,0,4,1,0,0,6,9,0,3,1,0,1,6,2,0,1,0,1,18,5,0
"COG5503",1,0,0,1,0,0,0,0,0,0,0,0,0,0,1,0,1,0,2,33,0,0,0,0,1,1,0,2,0,1,0,0,0,1,0,0,0,0,3,0,1,0,9,4,0,3,0,0,0,0,0,0,0,0,0,0,0,15,0,0
"COG5504",14,1,4,0,4,1,0,1,1,11,19,2,1,2,0,4,6,10,6,1,4,3,4,2,1,12,0,16,6,4,11,5,0,14,0,1,0,0,6,2,4,0,12,3,4,3,0,2,0,3,11,5,0,0,5,9,3,7,1,12
"COG5505",68,30,62,39,66,8,24,39,55,25,63,71,9,37,38,61,44,92,40,10,43,101,65,34,70,102,12,72,21,42,42,56,39,113,62,28,52,38,45,45,42,68,26,30,11,77,23,17,11,37,62,44,98,61,44,19,51,7,53,39
"COG5506",4,0,0,3,1,2,0,0,0,0,0,0,0,0,1,0,4,0,1,20,0,1,0,0,2,0,0,2,0,0,0,0,0,0,0,0,0,0,14,0,0,0,8,3,0,6,0,0,0,0,0,0,0,0,0,0,0,1,0,1
"COG5507",1,0,0,0,2,2,0,3,0,0,0,8,2,2,0,5,0,0,14,0,0,1,2,0,0,9,9,1,3,0,0,0,2,69,0,1,0,0,0,0,1,0,0,0,2,6,0,0,0,0,1,3,8,0,1,0,0,8,0,0
"COG5510",0,0,0,0,2,5,2,2,1,25,0,3,3,1,0,4,0,0,6,0,3,1,0,0,0,6,4,0,1,0,0,0,0,26,0,1,0,0,0,0,0,0,0,0,1,2,0,5,0,0,1,0,3,1,1,0,0,5,0,0
"COG5511",20,44,69,48,4,66,13,30,68,29,2,275,22,49,23,61,15,81,7,53,48,169,280,63,21,47,46,60,35,57,66,32,35,402,34,13,33,5,1,34,59,34,13,22,68,78,39,11,45,40,71,66,54,21,42,22,78,54,62,53
"COG5512",1,7,49,16,1,18,10,11,39,15,35,76,1,2,29,13,17,11,7,106,21,3,22,65,2,15,8,19,13,15,6,8,9,0,3,19,59,9,254,15,29,12,18,20,0,37,10,12,11,6,10,12,4,6,14,14,14,278,20,50
"COG5514",6,1,4,0,0,0,13,1,5,0,0,3,0,0,1,0,2,0,6,0,0,0,0,0,10,1,0,0,1,0,0,0,1,0,0,0,1,3,0,0,0,0,3,7,1,0,3,0,1,0,1,0,0,0,0,4,0,0,2,0
"COG5517",0,0,0,3,1,3,1,7,3,18,0,8,1,5,0,0,0,0,4,2,3,0,3,0,3,5,7,0,2,0,0,0,1,92,0,4,0,0,0,1,0,1,1,0,3,7,1,1,1,0,1,3,10,2,0,0,0,12,1,0
"COG5518",1,5,14,7,8,1,5,5,4,61,1,45,4,6,6,18,4,1,21,1,52,10,222,3,4,22,0,4,2,0,31,8,31,3,4,14,42,2,0,2,0,3,8,1,1,15,2,0,4,9,0,4,8,10,9,1,0,7,7,1
"COG5519",11,16,33,2,3,20,32,21,73,7,605,46,12,8,11,2,30,21,57,2,38,135,354,22,39,38,42,4,19,27,13,4,7,28,45,29,17,4,28,9,12,31,12,9,20,90,17,11,2,1,77,1007,13,71,58,12,2,18,60,68
"COG5520",271,990,483,753,636,769,607,992,330,400,240,370,910,498,840,734,323,356,713,418,655,639,288,550,335,357,731,650,440,336,579,788,503,112,381,331,277,99,305,462,513,127,398,166,705,1007,127,115,401,861,236,385,462,583,465,482,296,92,664,318
"COG5521",0,0,1,0,0,0,1,0,0,0,0,0,0,0,0,0,2,1,2,0,0,1,0,0,0,0,0,0,0,0,0,0,1,1,0,0,0,0,0,0,0,0,7,0,0,0,0,1,0,0,0,0,2,0,0,0,1,6,0,0
"COG5522",20,35,20,3,0,2,47,4,29,5,24,0,5,11,7,0,17,34,8,8,3,0,137,12,15,16,2,8,4,34,16,13,15,0,14,17,14,7,13,9,5,31,8,16,16,26,15,11,8,28,16,4,20,10,7,29,12,2,63,20
"COG5523",283,131,271,135,116,28,160,83,182,74,204,119,28,141,134,83,317,128,201,143,118,221,339,194,194,84,81,110,87,197,196,162,172,65,280,267,173,89,111,139,109,201,113,202,146,168,174,88,133,166,171,105,124,120,116,106,168,468,126,202
"COG5525",15,40,73,84,17,94,20,48,68,25,5,407,57,66,16,100,14,106,55,68,53,112,424,105,36,81,71,55,43,76,74,28,38,556,36,29,22,6,0,52,73,52,16,33,71,113,55,16,70,33,82,79,95,17,38,44,56,141,43,70
"COG5527",54,98,108,13,45,15,122,34,90,128,80,49,53,19,230,31,120,54,182,137,40,71,119,108,66,278,5,46,146,225,23,24,1895,388,266,58,150,22,104,81,110,36,54,64,2,52,100,34,63,33,13,9,123,123,52,1,122,161,7,172
"COG5529",0,0,0,6,6,13,1,9,2,25,0,27,12,2,1,48,2,0,12,1,27,3,8,0,2,3,3,0,2,0,0,2,2,64,0,1,0,2,0,0,13,5,2,0,4,21,11,1,5,0,1,3,6,2,1,0,1,12,0,0
"COG5532",0,29,0,6,0,4,0,7,10,3,0,0,0,4,0,36,0,0,0,0,2,14,0,0,0,0,0,0,6,0,0,0,4,339,0,1,0,0,0,0,0,0,0,0,2,0,0,0,1,0,0,1,10,0,1,0,0,5,0,0
"COG5542",9,23,36,4,0,7,3,4,24,3,18,22,0,13,10,0,25,26,17,1,2,21,24,38,40,16,8,4,25,52,141,48,11,0,234,44,46,31,19,62,39,37,8,59,89,1,66,8,49,96,27,9,57,118,18,11,101,4,48,33
"COG5544",0,0,0,3,3,3,2,9,2,30,0,5,1,0,0,4,0,1,6,0,5,1,0,0,2,2,5,1,2,0,0,0,1,54,1,1,0,0,0,0,0,0,0,0,2,8,1,0,1,0,0,0,1,0,5,0,0,6,1,0
"COG5545",1143,1343,1267,1707,1317,2407,1743,3577,1546,1135,1094,1126,2372,2190,2426,1416,1207,1340,654,2291,1209,1364,1539,1460,919,1033,1825,1481,1578,1383,1032,1715,1625,418,998,1288,832,2669,634,2530,1163,1665,835,2305,1655,1633,1048,2071,1253,1686,1830,1206,1695,1301,1626,2192,1077,418,2787,651
"COG5546",0,0,0,3,0,0,1,0,0,16,0,0,0,0,0,0,0,1,1,0,0,0,3,1,0,1,0,0,0,0,4,4,1,1,10,0,1,0,0,0,0,1,0,0,0,2,0,0,0,1,0,0,2,0,1,1,0,0,0,0
"COG5549",4,0,1,0,0,1,2,0,0,0,0,0,0,0,2,1,6,0,6,107,0,1,0,1,0,0,0,2,0,0,0,0,0,0,0,0,0,0,23,0,0,0,10,5,0,3,3,1,0,1,0,0,2,0,1,0,0,32,0,1
"COG5551",54,15,16,3,0,4,2,9,43,9,18,27,4,6,13,2,32,7,41,56,2,13,5,37,9,33,5,12,20,7,20,25,5,1,15,6,34,30,89,12,5,0,8,31,6,0,36,26,20,1,10,6,30,20,4,8,43,2,7,34
"COG5553",0,0,0,0,1,1,0,3,0,32,0,0,0,0,0,2,1,0,1,0,0,1,0,0,0,0,0,0,0,0,0,0,0,0,0,0,0,0,0,0,0,1,0,0,0,0,0,0,1,0,0,0,0,0,1,0,0,0,0,0
"COG5557",10,6,5,5,7,16,15,20,10,1,4,23,7,20,12,25,13,3,25,0,4,3,9,7,47,18,17,8,22,5,2,9,15,191,18,10,2,11,0,12,6,16,7,14,21,18,12,2,3,1,11,13,40,6,12,24,4,33,6,2
"COG5561",28,13,27,34,11,17,25,16,10,26,6,69,11,11,5,31,17,11,6,31,13,19,20,56,41,40,27,22,22,27,13,14,23,1,10,19,12,14,29,7,32,11,44,7,8,68,27,19,14,16,14,21,8,15,20,38,21,2,14,26
"COG5562",0,0,0,3,2,3,1,3,2,17,1,26,1,0,0,7,0,0,17,0,0,0,1,0,2,11,8,0,4,0,0,2,1,143,0,1,0,1,0,0,1,0,1,0,1,5,1,2,3,2,1,3,4,0,2,0,0,12,0,0
"COG5564",13,5,7,0,8,3,0,1,5,0,5,4,0,2,0,3,5,0,16,2,1,5,7,4,0,0,1,1,6,7,5,1,7,19,38,7,1,0,0,7,7,0,17,1,5,4,0,3,0,1,1,1,9,0,7,2,2,3,2,2
"COG5565",0,0,0,0,0,0,1,0,2,0,0,0,1,0,0,0,0,0,0,0,0,0,0,0,0,0,0,0,0,0,0,0,0,0,1,3,0,0,0,0,0,0,0,0,0,0,0,0,0,0,0,2,2,0,1,0,0,4,0,0
"COG5566",0,0,0,1,0,1,0,0,0,0,0,0,0,0,0,0,0,0,0,0,0,0,0,0,0,0,0,0,2,0,0,0,0,3,0,1,0,0,0,0,0,0,0,0,0,0,3,0,0,0,0,0,0,0,0,0,0,3,0,0
"COG5567",0,0,0,1,1,6,1,1,0,9,0,8,5,2,0,7,3,0,4,0,0,1,1,0,0,4,2,0,1,0,0,0,1,71,0,2,0,0,0,0,1,3,0,0,2,5,0,0,3,1,1,1,5,1,4,0,0,8,1,0
"COG5569",1,0,1,2,5,1,2,8,1,22,0,8,2,1,0,4,1,0,15,0,1,2,2,0,1,7,8,0,1,0,0,0,2,69,0,3,0,0,0,0,1,1,1,0,6,11,1,3,1,0,1,0,9,2,1,0,0,11,0,0
"COG5571",0,0,0,2,5,8,2,13,1,41,0,7,8,2,1,13,1,1,18,1,5,3,1,0,1,11,7,0,0,0,0,1,2,116,0,4,0,0,0,1,0,0,0,0,3,10,0,1,0,0,3,1,4,2,1,0,1,11,1,0
"COG5577",101,19,87,19,21,4,8,17,51,10,47,15,9,17,30,5,73,64,36,29,25,80,19,59,52,31,13,62,29,53,30,7,1,0,10,11,19,8,11,13,2,17,3,24,7,0,18,2,4,20,4,7,26,35,7,4,51,6,8,22
"COG5578",0,0,0,0,0,1,1,0,1,0,0,0,0,0,0,0,0,0,0,0,0,2,0,0,2,0,0,0,0,0,0,0,0,3,0,0,0,0,0,0,0,0,1,0,0,5,0,0,0,0,0,0,0,0,0,0,0,17,0,0
"COG5579",29,14,19,44,58,84,11,64,43,22,20,11,60,7,125,33,9,10,10,1,86,3,20,49,3,1,0,108,8,37,15,12,17,0,23,15,47,37,22,39,16,4,18,17,9,44,112,77,3,20,13,17,8,14,8,5,9,7,4,46
"COG5581",0,0,1,9,3,6,3,3,0,0,1,12,1,2,0,10,7,2,25,0,3,1,3,0,3,13,4,0,1,0,0,1,0,127,0,5,0,1,0,0,3,1,0,0,4,9,1,1,0,0,1,4,11,1,0,1,0,15,1,1
"COG5585",60,289,73,11,6,12,81,8,31,7,27,38,17,73,136,20,130,71,41,31,25,22,47,56,92,31,16,81,29,69,66,46,36,105,40,62,39,19,182,15,29,85,28,90,20,77,67,14,264,61,25,97,26,15,42,72,29,69,47,127
"COG5586",3,2,0,0,0,0,4,1,7,1,0,1,0,0,2,0,0,0,2,1,0,0,0,0,0,0,0,1,0,0,0,0,0,4,3,0,0,0,0,0,1,0,3,0,0,0,0,0,2,3,0,1,1,0,4,7,0,0,0,0
"COG5587",29,224,124,160,264,188,148,85,166,172,288,217,19,140,28,245,57,231,206,29,274,138,135,147,103,211,246,211,193,113,156,218,217,2,159,198,189,25,33,171,159,167,281,23,162,125,86,120,210,153,214,240,133,209,230,181,100,17,146,183
"COG5595",1,1,0,0,0,0,2,0,0,0,0,1,0,0,0,0,3,0,1,0,0,0,0,0,15,0,0,0,0,0,1,0,0,0,0,1,0,1,0,0,0,0,0,6,0,0,3,0,0,0,0,0,0,0,0,0,0,0,0,1
"COG5598",1,1,3,0,0,0,1,5,5,3,1,2,0,10,0,0,0,1,14,0,0,2,3,13,0,2,6,7,7,2,4,1,5,0,5,3,3,0,0,1,0,11,2,3,5,0,1,5,0,4,14,0,28,2,25,0,7,0,0,0
"COG5606",0,0,0,2,0,5,0,0,0,0,0,1,0,0,0,0,0,0,0,0,3,0,5,0,0,0,0,0,3,0,0,0,0,12,0,0,0,0,0,0,0,0,0,0,0,0,0,0,6,0,0,0,2,0,1,0,0,49,0,0
"COG5610",22,76,160,102,93,7,1,98,71,1,81,43,11,26,37,54,361,195,102,68,94,162,16,84,190,197,62,187,219,269,120,89,61,0,63,139,98,72,274,56,68,113,52,111,35,181,255,99,87,147,335,362,25,202,75,147,72,63,82,70
"COG5614",0,0,0,2,9,1,0,2,17,0,0,16,0,0,2,3,2,0,24,13,5,1,3,12,7,5,4,0,3,4,14,3,1,47,1,0,22,5,4,13,1,1,4,0,0,3,10,13,0,0,3,6,2,3,1,1,0,8,0,17
"COG5617",96,12,76,13,57,0,0,25,20,14,53,11,1,9,6,0,43,88,18,54,11,96,0,50,180,108,1,78,39,69,87,27,6,0,52,4,106,6,0,39,4,37,0,80,6,0,45,28,3,102,7,0,35,107,11,0,63,0,23,18
"COG5618",11,1,0,1,2,2,16,36,0,32,4,0,0,0,1,0,8,0,6,0,2,1,2,0,1,7,2,1,0,1,3,0,0,4,6,0,0,0,2,3,0,2,1,0,1,0,0,2,2,1,0,1,1,1,2,0,0,2,1,4
"COG5619",15,6,2,4,7,3,10,3,30,4,2,0,9,0,7,0,6,4,5,2,0,0,4,6,1,1,1,37,1,0,2,3,0,0,1,1,8,0,2,1,8,10,0,7,0,0,3,2,1,0,14,1,0,0,6,2,1,3,0,57
"COG5620",11,75,19,22,86,58,127,12,42,140,111,69,4,28,7,14,18,32,23,9,98,31,78,73,44,44,0,47,71,47,24,60,27,12,57,59,39,42,1,21,29,122,65,1,30,56,93,42,6,30,30,87,18,17,90,16,67,0,19,122
"COG5632",138,140,112,61,32,26,73,26,112,57,545,309,39,90,83,29,246,148,75,184,94,83,113,152,166,92,85,57,75,138,124,54,55,105,163,65,138,42,237,111,64,119,54,109,84,77,93,69,50,83,48,159,119,64,145,92,145,194,151,182
"COG5633",2,0,0,2,2,2,4,2,2,24,0,6,0,0,0,8,2,1,10,0,1,0,0,0,11,5,4,0,2,1,1,0,0,52,0,1,0,5,0,0,4,0,0,3,2,5,3,2,2,0,1,1,3,1,1,0,0,5,2,0
"COG5635",168,11,29,164,340,4,156,20,23,43,51,336,213,34,6,8,166,148,0,0,236,40,15,47,44,37,191,45,28,470,65,3,22,5,8,32,6,44,93,63,3,4,108,236,7,130,125,0,0,196,6,131,3,88,15,34,3,55,23,7
"COG5640",0,1,0,34,0,0,0,3,12,0,0,0,0,0,0,0,0,0,0,0,0,8,3,0,1,0,24,0,0,5,0,0,0,0,0,0,0,0,0,0,0,1,1,1,0,0,1,0,5,0,0,13,0,3,19,0,0,4,0,0
"COG5642",0,0,0,0,0,0,0,0,0,54,0,0,0,0,0,0,0,0,0,0,0,1,0,0,0,0,0,0,0,0,0,0,0,0,0,0,0,1,0,0,0,0,0,0,0,0,0,2,0,0,0,0,0,0,0,0,0,2,0,0
"COG5645",2,0,1,2,4,12,4,11,0,44,0,5,4,4,2,6,2,1,17,0,8,1,2,0,11,7,8,0,5,0,0,0,4,93,1,3,0,3,0,0,0,0,1,8,4,13,0,2,3,0,1,1,6,1,1,0,0,13,1,1
"COG5646",0,0,0,0,0,0,0,0,0,0,2,1,0,1,0,3,0,0,0,1,0,1,6,0,0,0,0,0,0,0,1,3,0,8,0,0,0,0,16,0,0,0,5,0,0,4,0,0,0,0,1,0,0,2,0,0,0,2,0,0
"COG5651",0,3,0,0,0,0,0,2,0,0,0,6,0,0,1,0,0,0,1,0,1,0,0,1,0,4,0,0,0,0,1,35,0,0,0,0,41,0,30,0,0,0,0,0,0,0,0,3,0,0,0,0,0,0,0,0,2,0,10,0
"COG5652",138,51,117,27,38,14,35,36,97,51,100,58,26,74,58,19,177,96,62,41,25,127,81,111,115,83,24,76,59,131,107,70,42,54,166,88,93,50,86,180,28,95,25,93,27,32,131,40,95,84,81,56,107,165,65,49,197,42,84,182
"COG5654",0,0,0,0,1,0,0,1,0,56,0,0,0,0,0,0,0,0,1,0,1,0,0,0,0,0,0,0,0,0,0,0,0,0,0,0,0,0,0,0,0,0,0,0,0,0,1,3,0,0,0,0,0,0,2,0,0,0,0,0
"COG5655",0,3,95,2,47,5,5,5,10,16,1,37,53,52,1,4,27,0,3,1,26,0,6,0,15,60,136,57,8,0,92,119,45,1778,0,0,6,2,129,6,0,5,15,4,9,4,1,4,18,0,21,11,6,0,7,6,6,91,8,136
"COG5658",88,65,74,10,45,7,14,19,47,32,60,30,3,40,28,14,109,71,69,43,10,53,31,64,79,77,7,54,31,69,48,32,37,57,96,172,47,17,55,48,25,104,31,57,29,27,48,10,32,56,16,10,72,26,39,30,69,139,40,149
"COG5659",0,1,0,0,0,0,0,0,0,0,0,0,0,1,0,3,0,1,1,0,1,0,0,0,0,0,0,0,2,0,0,0,1,2,0,0,0,0,0,0,6,0,35,0,2,0,0,0,1,1,1,0,0,0,1,0,0,0,0,0
"COG5663",5,74,27,8,0,1,7,3,26,4,31,4,2,29,3,26,71,40,5,0,46,22,19,20,11,45,39,9,52,1,5,58,63,13,39,17,16,1,0,368,2,16,13,14,24,3,66,2,39,11,21,11,74,103,82,26,99,3,55,153
