"","NOM017","NOF010","NLM010","NLM002","DLM017","NLM007","NLF012","DLF005","NOM014","DLM024"
"COG0001",510,296,1015,301,877,637,860,683,394,860
"COG0002",2277,2101,2190,1203,2618,2452,2332,2089,2407,1238
"COG0003",9,133,596,137,30,233,465,8,722,3
"COG0004",5711,3066,3037,2947,3750,1094,2801,3132,2118,1539
"COG0005",2082,1662,1171,2090,1371,1023,1454,1220,1115,1267
"COG0006",6273,6569,5437,8398,6415,6434,6412,5820,7015,4550
"COG0007",661,313,902,277,706,667,586,911,587,1314
"COG0008",9485,7033,5865,7990,8153,6734,6259,7044,5900,4706
"COG0009",1658,2399,2836,2162,2200,3286,2799,2547,3325,1826
"COG0010",507,601,1264,273,561,1004,832,702,566,1610
"COG0011",27,14,29,24,9,29,15,20,24,168
"COG0012",2736,2472,2329,3548,3264,2944,2637,2835,2583,1373
"COG0013",5569,5854,5522,7105,6766,6021,6001,5849,5717,2461
"COG0014",2315,2660,2560,2336,3105,3167,3009,2384,3147,1335
"COG0015",4507,3445,2963,4241,3576,3471,3139,3223,3007,1615
"COG0016",1977,2162,2359,2830,2408,2587,2566,2798,2636,1088
"COG0017",3485,3476,2947,3741,3659,3632,3259,3221,3160,2068
"COG0018",4047,3927,3792,4589,4653,5244,4363,4418,4300,2036
"COG0019",7690,4992,4965,6039,4778,4767,4992,4787,4723,2620
"COG0020",2479,1733,1727,2255,1890,1871,1660,2068,1806,732
"COG0021",3404,3009,2711,5159,3227,2146,2229,2236,2799,3165
"COG0022",90,562,1082,93,288,327,690,149,322,207
"COG0023",18,156,113,50,114,468,487,363,747,304
"COG0024",2757,2751,3186,4745,3193,3823,3607,3608,4277,1641
"COG0025",93,135,172,199,149,494,389,1285,360,1887
"COG0026",70,215,109,182,115,95,132,38,107,977
"COG0027",1690,1691,1015,3089,1366,1211,1176,1009,1585,857
"COG0028",5299,5649,5565,4724,5534,5879,5789,4551,4970,10175
"COG0029",1856,2422,2726,4504,3021,3049,3148,2717,3203,1689
"COG0030",3645,2213,3035,2650,3476,2877,2536,4148,2616,2381
"COG0031",2236,2897,3181,2348,2959,3232,3246,2979,2950,2302
"COG0033",7,25,8,37,4,23,10,13,46,1078
"COG0034",6588,6042,4837,7331,6098,4446,5360,4575,4951,1875
"COG0035",2635,1927,1663,2419,2393,2222,2224,1744,2103,1068
"COG0036",2207,1613,1930,2223,2256,1456,1612,2918,1414,2401
"COG0037",4780,4490,5082,4022,4831,5140,5063,5764,4911,3230
"COG0038",3660,4256,4025,5233,3930,4680,4705,3364,4622,2724
"COG0039",3266,3258,2810,2981,3223,1150,1163,953,1289,692
"COG0040",2139,1872,1717,1627,1962,1476,1730,1363,1858,807
"COG0041",1356,1277,1339,1857,1459,1440,1361,1426,1604,708
"COG0042",2621,3117,4300,4168,3954,4675,3787,3649,3972,3854
"COG0043",345,288,259,405,247,159,383,335,359,2351
"COG0044",4003,3355,3585,3796,3617,3491,3854,3055,3606,4161
"COG0045",259,286,337,99,266,258,99,125,124,900
"COG0046",9367,6622,6082,9729,7864,6863,6927,5686,5662,3182
"COG0047",7547,5969,5174,9549,6872,5497,6213,5192,4774,3234
"COG0048",1174,868,788,1106,1183,715,768,1229,746,792
"COG0049",992,1073,1293,1640,1218,1321,1306,1693,1305,1008
"COG0050",3785,3283,2887,3380,3606,3941,3248,2962,3168,3125
"COG0051",659,795,977,683,970,1017,932,1338,1089,832
"COG0052",2233,1879,1457,2738,2188,1542,1632,2000,1615,1281
"COG0053",2476,2158,2261,2309,2468,2536,2294,2658,2312,2386
"COG0054",1519,1172,977,1170,1393,937,934,1100,1209,907
"COG0055",4190,3465,4353,4061,3739,4063,3951,3472,3029,2457
"COG0056",5285,4015,4798,4561,4423,4905,4610,3982,3627,2602
"COG0057",3096,2484,2057,2429,2904,2349,2227,2810,1958,2990
"COG0058",6789,5937,7295,6804,6618,1843,2521,2980,1898,2080
"COG0059",2344,2247,2314,2416,2541,2566,2422,2243,2522,1757
"COG0060",7179,7073,5548,6646,6442,5407,6406,7345,5695,3251
"COG0061",2102,1821,1895,2860,1976,1785,1936,1889,2117,1417
"COG0062",3998,2630,2057,4141,2999,649,742,844,761,577
"COG0063",3926,2737,2348,4193,3141,2290,2415,2538,2468,1620
"COG0064",920,665,1674,499,1215,743,1331,2415,758,384
"COG0065",3565,3062,3508,2936,2993,3176,3115,2697,3370,1747
"COG0066",1031,1297,1470,1459,1336,1750,1254,1277,1916,1095
"COG0067",5630,5049,6946,8913,5859,2927,5161,5787,4472,2725
"COG0068",739,384,636,207,716,408,414,627,236,974
"COG0069",6114,5036,7051,7720,6288,3457,5411,5590,4439,2822
"COG0070",5342,4634,6313,7779,5540,864,1664,1766,1403,873
"COG0071",2528,1820,1772,1370,1776,1635,1579,2342,1620,2056
"COG0072",4616,3478,3962,5892,4630,3267,3924,5216,2798,1948
"COG0073",9166,7509,6945,11800,9444,6288,7868,8904,6185,4202
"COG0074",289,340,412,245,287,192,109,146,236,3104
"COG0075",354,2135,856,2415,1092,1350,1495,1266,2299,778
"COG0076",150,1302,1178,261,1037,1291,1425,178,1670,2424
"COG0077",2252,1748,1856,1954,1975,2150,1848,1744,1685,1749
"COG0078",2979,2595,2664,2485,2963,3257,2892,2654,3014,4640
"COG0079",4215,5415,5578,2602,4281,4488,4638,5057,6082,2066
"COG0080",1594,1124,1172,1348,1294,420,381,559,386,296
"COG0081",2270,1854,1688,2064,2357,1753,1801,2066,1654,990
"COG0082",2004,1951,2248,3016,2187,2296,2082,1930,2038,904
"COG0083",461,406,444,195,293,672,474,372,175,780
"COG0084",2181,2568,2777,2848,2594,2665,2556,2942,3282,2960
"COG0085",10184,8996,8701,10310,9426,10398,8846,9475,7364,5062
"COG0086",10629,8294,8031,12351,10351,7535,8720,9554,6439,4675
"COG0087",2236,1673,1766,1924,2012,1693,1725,2213,1598,769
"COG0088",2021,1598,1675,2044,1975,1795,1481,2123,1792,1240
"COG0089",1105,853,1006,723,1050,994,834,1293,808,623
"COG0090",2992,1880,1840,2614,2275,1799,1911,2512,1273,1061
"COG0091",1410,1070,1129,1376,1421,1214,1048,1556,1088,826
"COG0092",2145,1529,1507,2331,1927,1806,1499,2123,1497,457
"COG0093",1328,924,896,1405,1338,287,319,455,235,301
"COG0094",582,489,461,715,522,1739,1342,2160,1646,960
"COG0095",298,298,677,701,340,205,329,423,296,1171
"COG0096",1614,1061,1032,1237,1340,1025,939,1655,816,739
"COG0097",2299,1542,1358,1875,1938,1364,1265,1975,1054,1058
"COG0098",2075,1395,1502,1874,1807,1748,1517,1911,1498,993
"COG0099",1236,973,928,767,1194,360,292,467,341,295
"COG0100",1459,890,964,1062,1229,1208,980,1405,943,686
"COG0101",2084,2088,2366,1982,2163,806,696,853,722,498
"COG0102",966,1006,1218,1386,1027,1015,1027,1473,1148,782
"COG0103",1320,1090,1123,980,1305,1219,1047,1278,1246,738
"COG0104",3796,3209,4149,3361,3610,3709,3240,3377,2329,1784
"COG0105",170,393,404,640,284,434,299,584,472,418
"COG0106",1709,1667,1727,1406,1605,1251,1642,1392,1585,720
"COG0107",2071,1613,1539,1635,1728,1095,1613,1468,1301,1151
"COG0108",3754,2621,2208,3080,3085,2390,2369,2274,2489,897
"COG0109",0,17,5,52,4,3,2,2,3,251
"COG0110",2413,7816,6567,3396,6444,6956,6885,6313,9328,3738
"COG0111",4082,4016,3091,2751,3968,3688,4067,4588,3835,5774
"COG0112",3501,2389,2388,3323,3026,2163,2531,3256,2469,902
"COG0113",448,245,815,262,525,465,461,562,399,979
"COG0114",125,311,236,191,98,409,212,205,438,891
"COG0115",5141,2735,3122,4289,3387,3396,3438,2919,3619,2227
"COG0116",2257,1916,1908,2690,1761,1913,2011,2408,1681,2043
"COG0117",3278,2126,1894,2069,2644,666,615,571,721,230
"COG0118",1647,1353,1470,1136,1286,1093,1294,1295,1384,685
"COG0119",2147,1975,2127,1907,2224,4632,5731,5693,5411,3891
"COG0120",41,211,319,146,102,193,147,90,209,679
"COG0121",7,13,19,40,8,34,6,13,20,533
"COG0122",486,324,489,205,491,1046,519,1196,493,813
"COG0123",12,56,120,80,41,67,41,42,135,1
"COG0124",3587,3169,2884,3297,3489,2991,2951,3028,3148,1518
"COG0125",474,343,637,162,1005,395,436,1160,260,558
"COG0126",957,856,837,1088,948,2463,2568,2994,2300,1734
"COG0127",1801,1587,1511,1945,1768,1638,1498,2202,1551,1126
"COG0128",2483,2325,2330,3443,2964,2748,2505,2093,2210,1397
"COG0129",4861,4566,3808,4295,4135,4978,4634,3305,4995,4275
"COG0130",2232,1785,1586,2435,1999,1709,1759,2180,1477,1121
"COG0131",1726,1631,1646,2172,1705,1375,1811,1456,1663,783
"COG0132",259,679,658,280,706,752,753,518,1197,1212
"COG0133",2730,2140,1927,1971,2347,1683,1957,1820,2065,1691
"COG0134",1549,1409,1243,1485,1548,1295,1186,1201,1722,969
"COG0135",1514,862,965,1010,987,707,576,1030,706,1040
"COG0136",2858,2367,1886,2713,2544,746,744,819,657,746
"COG0137",3423,2812,3334,2418,3435,4067,3076,2845,2454,1807
"COG0138",5089,4258,4000,5183,4286,3326,3990,2943,3667,1555
"COG0139",454,470,513,478,423,1622,1692,1519,1785,636
"COG0140",1251,1312,1196,1364,1132,1559,1445,1195,1716,591
"COG0141",915,796,798,667,825,1846,2454,2097,2275,1194
"COG0142",5061,3920,2808,4878,4180,3034,2879,3578,3109,1901
"COG0143",5405,3971,3710,6047,5219,4516,4330,4687,3490,2116
"COG0144",3029,3330,3484,2868,3546,3936,3515,3866,3461,2991
"COG0145",90,158,197,180,129,271,138,91,235,1241
"COG0146",33,36,36,1,4,58,64,31,3,167
"COG0147",2734,2890,3063,4099,3193,3448,3648,2636,4438,2605
"COG0148",2476,2812,3423,3252,3714,3070,3083,3855,3158,3328
"COG0149",926,1297,1633,479,1607,1663,1857,2144,1677,1663
"COG0150",2437,2497,2455,3281,2634,2816,2508,2224,2493,1532
"COG0151",2916,2499,2682,3410,2773,2909,2902,2470,2650,1580
"COG0152",2048,2175,1842,2758,2387,2341,2250,2343,2581,1015
"COG0153",3139,2760,2725,3007,3008,2895,3085,2850,2692,1413
"COG0154",967,630,1453,457,1175,797,1309,2216,827,462
"COG0155",87,133,73,160,261,316,129,112,277,1426
"COG0156",777,1977,1383,1323,1326,5784,5391,2523,4959,1930
"COG0157",1821,1918,1812,2575,1922,1548,1872,1886,1927,1217
"COG0158",18,107,154,97,35,31,2,11,17,239
"COG0159",1535,1493,1435,1654,1664,1161,1224,1224,1534,1243
"COG0160",208,146,623,155,291,196,557,519,70,1000
"COG0161",429,1777,1354,446,1315,1856,2072,815,2645,1189
"COG0162",1142,942,922,1175,1024,2793,2623,3190,2550,1586
"COG0163",204,182,122,161,147,69,225,187,185,809
"COG0164",1680,1522,1397,2042,1673,1507,1471,2001,1572,713
"COG0165",4507,3421,3335,3914,3380,3388,2840,2915,2538,1957
"COG0166",3200,2851,3337,3353,3336,3659,3366,3454,3203,2576
"COG0167",1578,2867,3016,2801,2912,2858,3553,3193,3730,2117
"COG0168",6285,6066,6364,5089,7106,8034,7296,6311,6612,3526
"COG0169",2252,1999,1907,2477,2219,1978,2035,2228,1987,2595
"COG0170",0,0,0,0,3,0,0,9,0,0
"COG0171",4591,3802,3182,4492,4320,3172,3481,3223,2593,1238
"COG0172",3489,2436,2947,3292,2916,2915,2828,3886,2477,1570
"COG0173",3587,3628,3913,4314,3912,2864,3821,4813,3544,1679
"COG0174",1370,1701,2065,615,1557,2146,2011,1866,1561,3082
"COG0175",479,2008,2030,1837,1562,2009,2039,1499,2316,1894
"COG0176",600,1225,1172,544,905,1757,1092,734,1736,3891
"COG0177",1837,1625,1616,1813,1875,1711,1697,1873,1688,1101
"COG0178",4058,3294,2894,4633,3858,8428,8534,8303,7941,3390
"COG0179",1865,1368,873,1862,1464,1546,1019,981,1314,932
"COG0180",3063,2649,2384,3328,2861,2930,2607,2955,2670,1253
"COG0181",86,82,288,81,163,431,348,664,423,1122
"COG0182",170,372,389,168,263,370,185,150,255,332
"COG0183",688,857,1065,472,603,1062,926,616,576,4635
"COG0184",261,237,225,197,244,852,710,886,1028,572
"COG0185",774,662,887,545,869,970,857,1245,878,546
"COG0186",1175,762,725,821,1040,718,721,1205,516,618
"COG0187",9127,7727,8652,12570,8873,9370,8240,9208,6718,5787
"COG0188",11545,10187,9142,11722,11249,10097,9782,10688,7894,5351
"COG0189",124,145,365,164,255,127,165,87,96,1409
"COG0190",2532,2314,1817,2778,2512,2686,2070,2441,2442,1417
"COG0191",3906,2933,2444,2529,2999,3020,2541,3893,2316,6092
"COG0192",4458,3371,3282,4023,4014,4097,3633,3992,3717,2057
"COG0193",1432,1410,1411,1758,1496,1436,1487,1766,1605,997
"COG0194",2181,2052,1829,2050,2310,1977,2116,2327,2134,1374
"COG0195",4172,3295,2923,3749,3552,3082,2964,3357,2684,2166
"COG0196",2498,1903,1983,3456,1968,1505,1727,2214,1374,1590
"COG0197",1914,1374,1369,1487,1512,1585,1272,1374,1579,884
"COG0198",1316,983,832,1021,1100,695,726,1202,678,700
"COG0199",1015,653,384,824,891,461,431,735,674,550
"COG0200",1465,1239,1175,1227,1341,1299,1181,1678,1303,730
"COG0201",4260,3357,2876,4129,3749,3128,3036,4250,2549,2623
"COG0202",2360,2050,2296,2872,2522,2520,2317,3137,2133,919
"COG0203",1252,1106,1020,1436,1173,319,369,482,457,228
"COG0204",3336,3857,5457,3660,3567,4529,3344,3372,3496,4103
"COG0205",7580,7919,8438,7221,7989,11006,9213,8307,9255,3486
"COG0206",2685,2431,2792,4606,2827,3733,3263,3278,2836,1658
"COG0207",494,2005,1616,1402,1914,572,527,642,653,411
"COG0208",363,515,756,931,575,1409,661,443,776,1939
"COG0209",822,2882,3178,4595,2621,3775,3406,2467,3793,3911
"COG0210",11635,11134,9857,9525,9279,8431,8586,11268,10793,8350
"COG0211",814,572,495,475,624,442,428,945,529,511
"COG0212",1601,1429,1326,1289,1584,352,414,443,546,311
"COG0213",624,399,879,145,708,323,616,1324,135,1415
"COG0214",1899,792,756,2119,999,409,488,583,304,164
"COG0215",4221,3210,3451,4205,3366,4037,3485,3981,3129,1528
"COG0216",3102,2470,2146,2914,3003,2149,2265,2813,1981,1407
"COG0217",1806,1902,1877,2203,2093,1773,1998,2040,1941,1410
"COG0218",1417,1141,1188,1479,1266,1286,1003,1644,816,1123
"COG0219",598,412,745,174,636,688,650,1286,481,680
"COG0220",1401,1538,1581,2106,1709,2008,1729,1965,1824,1217
"COG0221",126,226,499,85,426,157,371,723,92,747
"COG0222",825,742,779,783,800,866,753,942,686,748
"COG0223",2582,2328,2027,2898,2495,2467,2431,2570,2441,2948
"COG0224",3119,2480,2767,3113,2459,3229,2686,2554,2666,1552
"COG0225",1207,770,805,255,1534,982,550,549,1124,1197
"COG0226",2930,2531,2872,3304,2627,2975,2508,2665,1888,2334
"COG0227",669,565,249,506,591,465,386,499,641,392
"COG0228",779,734,660,598,681,548,753,920,762,359
"COG0229",62,524,478,81,529,536,367,124,645,666
"COG0230",69,189,228,69,209,270,232,319,379,73
"COG0231",1767,1642,1233,1646,1857,1558,1502,1762,1729,1796
"COG0232",3700,2494,2310,3530,2900,2602,2360,3159,2123,2191
"COG0233",1869,1638,1519,1833,1751,1576,1587,1834,1804,1010
"COG0234",247,245,232,202,248,716,715,909,1029,678
"COG0235",3068,2437,2079,4254,3702,3417,2789,2906,3636,5819
"COG0236",1112,1064,1333,705,1133,1362,1134,1470,1180,471
"COG0237",1217,1102,1212,1715,1287,1257,1340,1365,1490,590
"COG0238",964,525,421,572,764,415,432,851,412,283
"COG0239",151,492,459,116,428,557,582,139,847,1187
"COG0240",2967,2467,2040,2947,2696,2198,2267,2660,2240,1517
"COG0241",2291,1920,1171,2158,1603,1250,1476,933,1835,1490
"COG0242",1810,1851,1656,1297,1795,1742,1868,2240,1747,908
"COG0243",436,1649,2124,2264,356,2182,276,583,1807,18043
"COG0244",693,790,1248,374,937,1075,919,1678,905,1008
"COG0245",1491,1435,1477,1705,1743,1740,1565,1213,1456,721
"COG0246",2933,1550,961,1068,1546,4069,3350,3108,2428,6063
"COG0247",1663,2097,1912,2457,1658,720,956,429,869,950
"COG0248",1837,1158,1451,2224,1454,1613,1001,1818,1661,3260
"COG0249",5368,6832,8193,9637,6567,6743,7222,8421,6795,2299
"COG0250",2274,1637,2257,2053,2009,1900,1478,2065,1935,1949
"COG0251",2387,2674,2092,1677,3008,1891,2323,2238,2091,2889
"COG0252",2894,3349,2875,4343,3038,3594,3546,2175,4648,2926
"COG0253",2077,1842,1554,2628,2137,1954,1838,1948,2165,1721
"COG0254",171,367,490,296,408,121,133,210,211,193
"COG0255",271,181,311,79,333,343,300,560,148,352
"COG0256",1687,1157,1164,1380,1319,1262,1047,1330,1285,774
"COG0257",70,36,52,19,62,63,84,86,37,70
"COG0258",7046,5288,4384,6546,6013,5423,4978,5187,4288,3925
"COG0259",35,347,425,38,342,233,405,53,594,328
"COG0260",49,107,192,248,120,335,87,92,195,1773
"COG0261",1249,910,847,1000,1061,954,828,1205,944,658
"COG0262",833,1292,1143,1869,1073,1133,1499,1592,1987,2807
"COG0263",863,1689,2126,640,1598,2362,2397,2001,2288,866
"COG0264",1799,2079,2294,3422,2389,2569,2476,2708,2299,1441
"COG0265",3189,3718,3655,5018,3938,3675,3843,4290,3805,4432
"COG0266",146,454,412,271,233,239,219,267,384,1526
"COG0267",323,321,220,298,297,235,167,383,417,215
"COG0268",263,173,293,75,243,223,214,613,165,426
"COG0269",6,45,13,114,9,22,74,67,28,953
"COG0270",6806,4130,6101,11341,4655,3068,5506,10037,5934,2407
"COG0271",0,12,3,17,2,4,0,1,1,155
"COG0272",4453,3953,3972,5009,4464,1088,1236,1651,1349,1342
"COG0274",2464,2042,1489,2962,2096,1972,1578,1802,2093,1592
"COG0275",3098,2626,2508,2707,2906,2696,2405,2940,2589,1521
"COG0276",16,79,59,103,12,139,12,40,74,600
"COG0277",405,1074,1339,952,1095,1657,2100,848,1802,3925
"COG0278",0,15,5,16,0,20,2,0,6,291
"COG0279",992,575,177,175,388,292,226,250,398,1623
"COG0280",4152,6199,4720,8710,5416,7271,6357,4245,8074,3801
"COG0281",2405,3648,3204,5222,3233,1578,1290,923,1465,964
"COG0282",3386,2618,2470,2852,3022,2287,2477,3680,2090,1915
"COG0283",1980,1553,1383,2115,1943,1341,1419,1936,1188,791
"COG0284",1994,1896,2059,2512,2150,2603,2130,2052,2105,774
"COG0285",1164,1094,942,1145,1077,3398,2943,2936,2789,1878
"COG0286",9957,7116,6410,11098,10792,6095,7017,10434,3910,2336
"COG0287",972,1073,1675,348,1346,1167,1387,1467,978,1079
"COG0288",1134,800,474,262,658,675,420,573,628,1112
"COG0289",1975,1836,2139,2465,2232,2338,2075,1794,2642,900
"COG0290",1955,1447,1323,1782,1783,1151,1455,1946,1276,651
"COG0291",319,341,413,351,434,390,410,536,461,257
"COG0292",1067,825,845,569,996,975,788,1320,809,643
"COG0293",15,58,60,57,18,77,4,16,45,425
"COG0294",1510,1588,1254,2292,1394,1536,1355,1220,1898,1365
"COG0295",1266,989,927,1449,1124,749,950,1089,846,902
"COG0296",6046,5090,5933,4623,4805,6494,6062,6349,4927,3034
"COG0297",2959,2449,2602,2154,2778,2766,2860,3073,2571,1665
"COG0298",126,68,93,75,107,57,60,82,71,581
"COG0299",702,1325,1460,317,1070,2002,1572,1076,1776,929
"COG0300",1211,1477,1808,1975,1576,1738,1932,1806,1461,634
"COG0301",852,787,1186,255,861,1136,1132,1298,670,1573
"COG0302",1356,1243,1381,1839,1351,1227,1273,1037,1173,702
"COG0303",916,689,785,306,630,1662,871,755,766,1611
"COG0304",4390,4094,6097,4439,4552,5213,4332,3054,4172,2285
"COG0305",4388,4625,3878,5165,4372,5977,4477,4713,5228,2179
"COG0306",143,163,210,103,164,762,279,820,644,2825
"COG0307",1500,1321,1059,1595,1465,1278,1139,1138,1388,718
"COG0308",143,839,806,412,194,675,497,325,764,1526
"COG0309",669,463,906,230,579,587,722,800,410,1044
"COG0310",232,188,129,77,281,162,141,262,188,151
"COG0311",877,399,486,1103,499,234,324,500,254,136
"COG0312",197,1155,835,268,1365,530,601,193,663,550
"COG0313",2446,2613,2662,2430,2584,2963,2691,2986,3100,1463
"COG0314",2,34,48,65,6,54,2,12,31,481
"COG0315",414,238,323,145,291,531,329,412,304,858
"COG0316",11,62,78,158,30,123,8,24,67,1558
"COG0317",9465,8113,6125,10867,7309,6713,6562,6926,6856,4020
"COG0318",2910,4503,5746,3594,4994,5358,5133,4059,5312,6109
"COG0319",1215,1151,1322,1825,1458,1533,1328,1650,1498,808
"COG0320",116,905,850,374,900,1357,1159,704,1652,865
"COG0321",78,733,590,260,592,227,251,181,375,221
"COG0322",5211,3931,3818,4979,3994,3614,3584,4476,3190,2230
"COG0323",3223,3350,3205,4831,2867,3883,3319,3732,3667,2093
"COG0324",3254,3513,2688,5018,3804,2911,3015,3295,3751,1520
"COG0325",1694,1695,1642,2074,1795,1698,1470,1645,1555,1085
"COG0326",4489,4593,4831,4890,4252,3732,4147,4449,3572,2615
"COG0327",1973,1507,1139,1626,1588,1338,1356,1325,1469,695
"COG0328",318,324,301,116,410,399,363,659,233,1018
"COG0329",3509,3697,3565,3569,4646,4408,4547,3918,3933,5269
"COG0330",2221,2360,2752,4133,2790,2724,2900,3798,1942,4408
"COG0331",2573,2216,2086,2599,2399,2277,1963,2099,2196,1720
"COG0332",3185,3807,3578,3170,3473,3191,3119,2546,2993,1564
"COG0333",319,209,230,284,327,234,282,522,397,180
"COG0334",4030,4759,4195,5164,4552,4919,4929,3900,4997,2575
"COG0335",1412,1047,984,1094,1057,833,905,1321,960,434
"COG0336",2152,1588,1564,1805,1994,1564,1506,1968,1399,1141
"COG0337",2893,2371,1985,2229,2511,2382,2163,2210,1877,1469
"COG0338",790,1653,1535,658,1179,1366,1039,2409,1830,2162
"COG0339",7078,6406,3823,8985,6014,4628,4930,2719,5940,2487
"COG0340",2283,2050,2204,2339,2516,2620,2233,2314,1878,1058
"COG0341",1142,1621,1774,291,1610,1859,1524,1909,649,1687
"COG0342",6379,4560,4709,7771,4898,4448,4561,3683,2822,2521
"COG0343",2957,2484,2316,3489,2905,2258,2570,3090,1941,1333
"COG0344",640,560,938,206,932,888,980,1539,531,1164
"COG0345",1912,1856,1802,1569,2049,2231,1763,1588,2248,1704
"COG0346",1185,1873,2311,864,1853,2656,2183,1906,3683,2440
"COG0347",2705,1741,2390,1254,2230,1274,2456,2555,1530,901
"COG0348",2370,2582,2226,684,2229,1851,2369,2195,1822,2242
"COG0349",34,32,14,94,148,36,9,6,24,713
"COG0350",1366,1206,1334,1444,1582,1302,1294,1058,1488,1430
"COG0351",4113,2517,1786,3367,2956,2255,1961,2388,2352,982
"COG0352",1961,1518,1547,2009,1677,1446,1670,1718,1602,750
"COG0353",1800,1693,1527,2091,1778,1618,1709,1857,1729,1079
"COG0354",2,55,47,50,14,75,6,17,10,682
"COG0355",824,705,781,744,628,857,825,624,758,619
"COG0356",2929,2268,2932,2585,2558,3059,2617,2685,2013,1500
"COG0357",1653,1511,1408,2341,1489,1505,1514,2317,1512,1358
"COG0358",8986,5913,7428,5645,6777,9148,6313,5886,5778,4372
"COG0359",1319,1170,1281,1063,1305,1341,1182,1783,1161,950
"COG0360",1375,942,694,563,993,938,783,1234,797,761
"COG0361",905,610,606,755,902,816,692,1000,654,400
"COG0362",328,1246,1073,249,796,1449,1219,350,1458,1011
"COG0363",5853,5517,3643,2710,6437,4202,4586,2923,5383,3143
"COG0364",248,1357,1199,248,878,1279,1515,323,1902,1614
"COG0365",1656,2435,1887,3334,2529,1648,2248,1761,2858,2627
"COG0366",6192,5283,3548,7588,6910,8953,11782,11410,9630,13028
"COG0367",2136,2478,3649,3896,3034,2943,3259,3800,2716,2610
"COG0368",488,617,861,195,578,1002,662,687,699,871
"COG0369",4,27,14,83,189,35,6,2,10,662
"COG0370",5810,5506,6217,7836,6774,5564,8180,7946,5526,5276
"COG0371",935,1080,892,462,824,949,1325,1472,1070,2319
"COG0372",3725,3113,4193,2647,3587,2636,3710,3541,2872,2523
"COG0373",470,243,890,308,450,467,536,660,406,917
"COG0374",554,285,312,293,570,400,81,204,184,2323
"COG0375",191,176,161,111,293,150,109,212,100,866
"COG0376",2,57,8,156,6,20,10,2,32,1486
"COG0377",1344,960,466,1876,930,340,561,670,747,469
"COG0378",171,122,169,38,210,349,301,503,176,600
"COG0379",1370,1490,1818,2802,1596,1541,1785,1953,2045,1115
"COG0380",16,290,271,50,196,529,632,249,1130,916
"COG0381",2099,4264,2147,3162,2881,2668,4026,1112,3502,1972
"COG0382",1445,591,141,2296,652,123,122,273,81,888
"COG0383",819,4594,2724,412,2491,972,2556,2711,2053,3082
"COG0384",58,97,34,52,167,108,32,63,100,771
"COG0385",2390,1474,873,2127,1935,967,884,994,646,989
"COG0386",243,267,448,1251,143,471,231,127,574,135
"COG0387",2,25,16,50,3,15,14,3,7,843
"COG0388",8687,7914,5842,9365,8139,2114,2459,2073,2428,1292
"COG0389",4956,4100,4328,4445,2840,957,1441,1563,1057,1473
"COG0390",34,560,434,684,322,257,643,113,625,760
"COG0391",256,171,116,192,228,224,85,812,196,431
"COG0392",677,380,598,235,565,526,610,1703,374,1157
"COG0393",779,522,871,135,785,561,642,611,835,311
"COG0394",2439,2038,1925,1738,2374,2478,2455,2196,2530,1734
"COG0395",2027,2260,2506,550,2062,7224,7502,10245,6108,13537
"COG0396",1767,1539,1149,2108,2196,1200,1739,1909,2069,807
"COG0397",3,36,12,64,10,18,5,4,21,930
"COG0398",313,264,264,216,254,295,273,605,483,1228
"COG0399",3462,4991,4666,3945,4222,1255,2098,788,1293,1304
"COG0400",11,18,11,115,9,49,5,6,43,585
"COG0401",0,2,1,6,1,0,0,0,3,161
"COG0402",1076,1559,1597,924,1512,2229,1427,1904,2657,8037
"COG0403",559,2327,2083,1121,1867,2389,2915,1395,3033,1993
"COG0404",471,1128,1090,1038,1309,1233,1459,1188,1621,1233
"COG0405",117,178,184,230,106,199,98,91,362,1503
"COG0406",2303,2018,2510,1888,2065,2299,2267,3268,1833,1779
"COG0407",215,627,674,216,218,603,496,335,439,1201
"COG0408",0,14,7,42,2,6,5,1,11,587
"COG0409",409,184,313,163,331,71,70,77,53,305
"COG0410",776,527,996,340,1190,955,629,1093,722,1471
"COG0411",749,551,949,326,1195,985,670,1059,803,1728
"COG0412",2,57,16,124,8,28,11,3,33,1452
"COG0413",1853,1389,1138,1560,1458,1151,1199,1273,1465,667
"COG0414",2311,1671,1259,2144,1876,1341,1376,1289,1592,1092
"COG0415",1,21,60,58,6,12,3,0,14,870
"COG0416",917,751,1376,261,1161,1232,1298,1675,601,1260
"COG0417",3,48,18,85,12,15,3,1,4,647
"COG0418",1,24,8,49,193,13,7,1,10,777
"COG0419",7397,4466,4374,2824,5828,5284,3554,3870,3519,2153
"COG0420",2897,2486,2935,753,2713,2948,2351,2677,2422,2312
"COG0421",655,546,813,197,661,863,895,856,456,1016
"COG0422",3523,2872,2683,4652,3300,3189,2799,1974,2665,2052
"COG0423",4493,3606,3160,4926,3621,3228,3647,3644,3106,768
"COG0424",1593,1553,1337,1705,1665,1397,1401,1421,1595,1420
"COG0425",200,1953,1850,2133,1020,2460,1833,1571,2591,675
"COG0426",3287,2939,2868,3847,3274,3639,3268,3301,3044,2941
"COG0427",3843,3259,2287,3956,3406,3116,2893,2720,2498,1849
"COG0428",497,385,391,702,473,942,1001,1772,633,1229
"COG0429",9,78,84,99,25,34,0,7,30,198
"COG0430",2,24,1,44,1,6,2,4,5,571
"COG0431",23,47,33,164,661,30,19,24,21,1090
"COG0432",599,587,481,159,620,1103,602,577,1044,939
"COG0433",268,1640,1648,492,880,2111,883,843,116,1044
"COG0434",181,52,30,45,23,575,66,112,42,735
"COG0435",136,95,23,71,10,80,44,61,52,842
"COG0436",13119,12145,12131,12891,12284,11814,12413,11025,13586,5051
"COG0437",252,513,691,471,548,984,322,238,407,4396
"COG0438",23607,35125,24529,26069,34952,24465,30891,23718,34449,16963
"COG0439",1557,3086,3275,1062,2022,1171,809,1032,934,787
"COG0440",609,948,1151,337,976,952,1347,1180,1294,1403
"COG0441",3028,2356,2129,3085,2425,5543,6110,7669,5743,3162
"COG0442",3413,2933,2937,3981,3031,3030,3276,4208,2961,2439
"COG0443",4541,4673,5343,5198,5539,5860,4994,6419,3606,5256
"COG0444",2348,1788,1942,1027,2119,3338,2118,2280,2153,6045
"COG0445",5780,4523,4738,5765,5260,6212,4800,5211,4488,3044
"COG0446",2728,4672,5186,3470,3773,6144,5234,6083,5259,8374
"COG0447",1001,1099,668,2165,1285,1170,928,760,1472,647
"COG0448",2887,1968,3497,678,2519,3002,3277,4121,2059,3235
"COG0449",4448,3913,4106,3534,4043,4007,4297,5380,3926,2947
"COG0450",256,964,934,256,859,1160,886,773,1488,802
"COG0451",12906,14471,12180,9838,12129,9889,11668,7733,12487,6802
"COG0452",1657,2030,2518,2964,2202,2695,2898,2699,2665,1808
"COG0454",3357,5429,6431,3145,5188,5928,6076,6897,6362,9242
"COG0455",138,152,654,17,204,88,231,258,83,0
"COG0456",500,534,697,302,462,497,748,1260,690,1755
"COG0457",12769,16383,13648,20222,14037,16365,13402,12168,18124,7378
"COG0458",12694,10975,9510,14425,11579,8722,9806,8865,8482,4665
"COG0459",4421,3625,3051,4552,4135,3123,3664,3891,3000,2501
"COG0460",4981,4461,3909,5962,4070,4283,4164,3735,4118,2509
"COG0461",2366,1723,1598,2402,1924,1534,1487,1830,1424,1222
"COG0462",3345,2808,2455,2614,2884,3059,2626,3099,2441,1585
"COG0463",34588,39813,33561,44197,35201,29476,34094,33159,35749,10610
"COG0464",2026,898,2386,2112,750,1338,1037,3697,1387,8
"COG0465",6260,4827,5649,4030,5561,5612,5428,8217,5160,4563
"COG0466",5568,4755,4394,5292,4362,3906,4406,5082,3199,2715
"COG0468",2520,2148,3599,2986,2705,2348,2520,2559,2523,1205
"COG0469",2600,2936,3116,3863,3356,3654,3823,4144,3193,2050
"COG0470",181,310,410,254,409,883,311,333,193,722
"COG0471",6399,5754,5060,8860,5776,6569,5775,3350,7830,6339
"COG0472",5404,5267,3788,4569,5280,4056,3992,4362,3273,2786
"COG0473",2388,2336,2579,2701,2795,2804,2575,2381,3344,1741
"COG0474",5775,6266,7239,9791,7682,7538,8442,13364,8078,7601
"COG0475",7667,7599,6023,9965,7120,6629,6054,4268,8049,2965
"COG0476",1497,1204,1138,2157,1272,819,1685,1387,1554,1351
"COG0477",26000,20397,16604,28199,19983,17074,13823,15154,17441,66967
"COG0479",2518,1559,1042,2869,1805,1221,1038,1025,962,1023
"COG0480",13737,14927,14102,12849,15574,5438,4723,5221,4524,2046
"COG0481",4359,3880,3868,4740,4494,4348,3786,4361,3822,2346
"COG0482",3044,3973,4350,3453,4338,4518,4272,4190,4876,1484
"COG0483",158,791,821,466,637,921,877,837,1604,1284
"COG0484",2046,2124,2557,2420,2285,2443,2381,2904,2179,1686
"COG0486",2772,2769,2984,3233,3068,2934,3123,3682,3164,2123
"COG0488",16303,16765,15824,20765,15318,16120,15790,14420,18537,9440
"COG0489",8233,7685,6408,7186,6960,5024,7011,5087,7287,5152
"COG0490",6,20,36,53,13,28,35,20,85,9
"COG0491",2241,2798,2468,2248,2989,3041,2499,3208,2646,3806
"COG0492",2436,2570,2442,2879,2768,2910,2430,2388,2579,2491
"COG0493",11181,8205,8187,12091,9435,7083,7574,7597,8266,10591
"COG0494",3059,3738,4329,3260,4241,3852,4024,6608,2954,6182
"COG0495",8521,6188,5864,6614,6552,6889,6462,6129,5459,3251
"COG0496",1970,1477,868,2138,1661,1235,1096,995,1689,486
"COG0497",3791,3461,2980,2836,3802,2826,3253,3679,2924,1593
"COG0498",3593,3325,3358,2724,3007,3235,3301,3154,2814,2390
"COG0499",375,791,1034,223,837,530,651,981,417,10
"COG0500",4380,5319,8344,2674,6053,6349,6984,7476,4323,11429
"COG0501",1724,1943,1709,2075,1370,1755,1427,1643,2157,1640
"COG0502",1265,2671,2926,889,2366,2659,3533,2504,3800,1524
"COG0503",3800,2826,2588,2762,2796,2873,2489,2747,3090,2062
"COG0504",3985,3465,3287,4398,3965,3459,3619,3987,3145,2156
"COG0505",2768,2314,1948,2662,2649,2463,2367,2046,2367,1381
"COG0506",86,1033,1524,193,638,1656,846,171,1375,1774
"COG0507",11704,10359,11051,12703,12587,14119,12257,10224,13062,44231
"COG0508",22,165,279,81,183,472,292,154,361,2020
"COG0509",213,547,612,253,723,548,479,540,731,607
"COG0510",216,378,964,167,343,236,914,242,563,951
"COG0511",1293,1933,2104,2402,1740,2314,1763,2319,2234,1086
"COG0512",1363,1235,1228,1689,1553,966,1187,1239,1363,1750
"COG0513",4050,7195,7398,7993,7278,2880,2292,1767,2702,1955
"COG0514",13730,12862,9067,14899,12650,10174,10181,7297,11902,2366
"COG0515",5299,8800,8995,2514,10670,3512,4883,7784,4983,1669
"COG0516",4485,3670,3366,4803,3834,3531,3456,3604,3415,2423
"COG0517",6709,4916,4013,6877,5569,4350,4203,4808,4271,3599
"COG0518",4185,4056,3925,4276,4246,4142,4146,3087,5158,2424
"COG0519",4250,3859,4020,4295,3809,4206,3885,3030,5066,2350
"COG0520",3657,2971,2421,3947,3549,3150,3594,3442,3106,2654
"COG0521",143,108,142,70,96,540,422,470,396,1671
"COG0522",2229,1486,1552,1822,1886,1294,1471,2124,1347,1017
"COG0523",1732,1318,1962,1151,1542,2188,1669,1559,1899,2175
"COG0524",12253,11076,9062,10911,11381,4134,3358,2967,4185,4948
"COG0525",5981,5451,5080,6456,6370,5252,5024,6042,4477,3492
"COG0526",10171,11760,11117,8694,9603,9688,9335,10292,12091,3635
"COG0527",7177,7169,5568,9345,6208,6767,6199,5571,7207,4194
"COG0528",2306,1853,1718,2228,2009,1961,1893,1861,1953,1170
"COG0529",155,531,609,216,366,668,647,407,1110,563
"COG0530",1058,1452,2082,494,1403,682,712,544,527,366
"COG0531",2286,3753,3970,2415,2830,4751,4569,2702,4966,14460
"COG0532",4948,3904,3029,6821,4379,1063,1440,1435,1130,960
"COG0533",2657,2282,2573,2537,2600,2500,2551,2664,2227,1355
"COG0534",27773,29961,38550,26089,31866,39565,39339,37836,34514,22028
"COG0535",4322,3964,5057,2393,5496,4057,5842,4614,3316,984
"COG0536",2938,2610,2543,3321,2953,2794,2595,2568,2753,998
"COG0537",1486,1562,1823,1537,1619,1955,1807,2324,2401,925
"COG0538",2944,2281,2312,3228,2932,661,771,750,779,443
"COG0539",4550,4042,3947,6180,5131,3959,3857,4078,4425,2592
"COG0540",2977,2580,2625,2585,3054,2432,2463,2218,1797,1340
"COG0541",3287,3086,3221,3416,3223,3476,3156,3485,3052,1841
"COG0542",13953,12113,12907,18265,13832,14400,12114,14235,12794,7392
"COG0543",6816,5478,4430,7017,5378,5079,5219,4439,5172,2033
"COG0544",5278,3769,4599,3681,4400,5828,4581,5325,3728,1565
"COG0545",5016,4202,2526,9468,4578,4114,4274,2622,6957,1838
"COG0546",4884,3850,4018,4137,4150,2702,3270,4424,3152,2759
"COG0547",1394,1579,1620,2152,1538,1486,1779,1430,1806,2009
"COG0548",2258,2120,2135,2190,2351,2259,2076,1983,2186,2534
"COG0549",425,512,663,326,355,672,521,530,888,4477
"COG0550",13941,14307,13553,12760,15945,17405,19414,13537,13707,6808
"COG0551",1772,1312,2251,577,1713,2530,1946,2751,1327,4302
"COG0552",1178,1500,1948,2558,1646,1578,1752,2462,1451,1329
"COG0553",13121,11145,7222,5399,8920,8335,4261,7964,4067,3238
"COG0554",1056,1403,2123,452,1336,2159,1586,1556,1680,2939
"COG0555",167,190,585,71,209,244,312,370,142,465
"COG0556",4370,3685,3579,4595,3634,1245,1190,1343,940,514
"COG0557",6463,4632,4261,6255,4728,4286,4371,4781,3860,2562
"COG0558",447,346,422,707,510,1067,1202,1894,1045,1576
"COG0559",983,564,1125,371,1305,1242,679,1317,982,1905
"COG0560",1231,1721,1381,1621,1689,399,537,452,615,415
"COG0561",6224,5913,5927,5600,5875,6946,6990,8078,7386,7722
"COG0562",3732,3242,2258,603,3471,2744,2650,3066,2016,1081
"COG0563",1935,1821,1838,2102,2005,2200,2022,2259,2155,1148
"COG0564",3793,2820,2111,3387,3021,7967,7512,8246,7057,4565
"COG0565",3,68,72,134,19,23,2,1,35,354
"COG0566",3882,4869,5248,4547,4673,5579,5359,5805,5836,3245
"COG0567",8,75,190,239,423,222,25,50,136,2061
"COG0568",7090,4018,2067,6062,4049,972,758,1228,683,1384
"COG0569",3400,4327,4990,4414,4376,5671,5259,4761,4845,3482
"COG0571",3088,2264,1816,2475,2925,1929,2090,2110,1672,871
"COG0572",5579,4294,3808,6372,4235,2721,3598,3864,2919,1364
"COG0573",1054,1490,1804,556,1287,604,608,556,514,469
"COG0574",9808,8675,7758,12941,8181,6392,8322,7227,6241,2976
"COG0575",2230,2012,1738,2166,2492,1642,1938,2376,1899,326
"COG0576",1537,1465,1450,1777,1639,1075,1324,1719,1715,865
"COG0577",13323,13283,18928,12492,14281,17417,17647,19276,14215,10269
"COG0578",55,612,541,234,257,905,806,171,940,2110
"COG0579",508,508,876,351,956,426,718,709,691,2677
"COG0580",193,411,441,350,280,569,628,638,629,1903
"COG0581",1018,1357,1770,617,1561,1885,1876,1873,1462,1594
"COG0582",3752,6121,8255,2262,9147,26138,33143,30064,30030,31877
"COG0583",13035,11063,10822,8575,9643,13728,8977,12645,12884,44967
"COG0584",1764,2852,4498,1104,3304,3593,4091,3834,3919,2748
"COG0585",0,42,11,74,13,42,4,5,15,905
"COG0586",453,425,267,622,353,919,924,808,1642,2585
"COG0587",8310,7316,6521,10113,7548,8389,7684,8777,7079,4880
"COG0588",148,964,901,238,758,987,959,422,1712,772
"COG0589",4684,4480,2880,5428,4360,3025,3359,1791,4549,2649
"COG0590",2764,1870,1477,2857,1858,1528,1620,2408,1940,792
"COG0591",3949,4767,5501,4209,4301,4852,5713,3959,5638,3540
"COG0592",3276,3163,2764,3756,3452,2686,2785,4000,2532,2257
"COG0593",571,1012,999,1871,1271,624,1106,1644,1068,469
"COG0594",481,346,612,160,483,468,528,926,410,787
"COG0595",1743,1179,1861,575,1533,2038,2008,3366,1167,963
"COG0596",2235,1377,2548,923,1322,2143,1952,2158,1494,4709
"COG0597",532,543,552,231,490,837,596,1007,513,1139
"COG0598",2476,2712,2573,3503,2619,2674,2700,3431,3215,2614
"COG0599",1175,1551,1429,1224,1739,1102,1087,1120,2056,153
"COG0600",847,1254,1556,525,1395,1819,1610,1632,1666,2686
"COG0601",2389,2179,1974,1285,1802,3388,2394,2709,2689,7524
"COG0602",1940,1951,2273,2248,2111,2240,2225,2712,2408,1655
"COG0603",1563,1305,1243,1906,1147,1131,1143,981,1285,603
"COG0604",22,101,88,306,182,44,43,12,72,1748
"COG0605",145,832,601,255,697,489,700,579,883,1075
"COG0606",3291,2861,3035,4561,3095,3652,3344,3539,3210,2349
"COG0607",1573,3272,2867,3247,2287,4189,3138,2879,4197,3962
"COG0608",4246,3702,3545,4465,4123,2953,3517,4109,3552,2141
"COG0609",3140,3275,3176,3409,3490,3842,3454,2702,3857,3562
"COG0610",3370,2162,1852,2539,2117,8416,5507,7831,3161,1475
"COG0611",164,971,818,195,659,678,645,591,523,901
"COG0612",7026,11406,9280,25732,10158,7847,9944,8341,10109,3067
"COG0613",520,786,1157,352,1003,1739,1125,2092,851,1873
"COG0614",3378,3719,3893,3015,3766,5278,3915,2999,4488,3279
"COG0615",633,599,352,1588,287,434,946,1504,535,49
"COG0616",2762,2524,1767,4411,2200,1528,1974,1893,2044,3559
"COG0617",2717,2594,2827,4000,2618,2750,2814,2926,2513,3081
"COG0618",3246,2659,2657,2739,2834,2386,2716,3242,2445,460
"COG0619",1749,1309,2135,660,1482,2068,1915,2706,1512,1722
"COG0620",1777,1595,1951,2418,1914,1990,1708,1462,1367,2452
"COG0621",8384,8204,7557,14104,8188,8442,7949,9348,7466,3958
"COG0622",1753,1504,1646,1864,1790,1911,1794,2530,2057,1337
"COG0623",1194,1272,705,2542,1001,814,974,1253,1126,706
"COG0624",3146,4881,4022,3631,4445,5984,4904,3750,7305,8269
"COG0625",17,185,101,366,41,123,41,22,105,4282
"COG0626",341,491,362,388,297,476,313,529,392,2660
"COG0627",440,1418,1889,405,841,1467,1859,1292,2183,1134
"COG0628",4088,4885,5266,4364,4877,4726,5054,5335,5212,6033
"COG0629",1914,1852,2214,1477,2256,1775,2220,5134,4641,2950
"COG0630",60,72,627,10,74,194,184,151,64,139
"COG0631",1426,2159,2847,1943,2129,1072,1700,2262,1536,454
"COG0632",1721,1538,1391,2161,2008,1662,1525,1666,1840,589
"COG0633",4,72,48,120,19,71,16,7,43,1414
"COG0634",1695,1558,1367,1824,1867,1558,1627,1692,1780,1215
"COG0635",3296,3156,4464,3921,3831,3934,3617,4788,3114,4269
"COG0636",505,916,1070,249,774,1110,1082,1247,1333,674
"COG0637",4679,4280,4251,3316,4163,5121,4418,4801,3876,4197
"COG0639",200,807,1318,1756,1051,1500,1047,1741,1054,1935
"COG0640",889,508,1211,354,764,1016,1686,2020,568,1450
"COG0641",3155,1839,2351,3040,1642,5106,5227,4812,4026,5421
"COG0642",55131,87670,106650,45312,68023,85141,88202,58468,87093,49601
"COG0643",371,606,777,158,362,493,717,542,337,1860
"COG0644",29,157,23,193,20,66,26,11,84,3282
"COG0645",1,2,0,0,5,0,0,62,0,0
"COG0646",1652,1636,1782,2261,1760,5844,5042,4206,4811,3935
"COG0647",180,343,170,247,400,231,489,569,307,993
"COG0648",731,1196,1763,332,1318,1636,1653,1600,1855,1047
"COG0649",1544,1898,1139,3498,2118,1541,2018,1362,2077,773
"COG0650",63,189,113,137,58,71,79,32,80,1004
"COG0651",83,761,632,791,363,416,579,488,765,3945
"COG0652",3057,2333,2490,2942,2613,2452,2427,2375,2365,1929
"COG0653",7534,5500,5867,5453,6468,6266,6326,6939,5219,3861
"COG0654",6,134,54,747,26,56,38,3,59,3312
"COG0655",1535,1916,2880,343,1870,1918,2275,2608,1992,1795
"COG0656",1659,2230,2525,1502,1861,1881,1781,1536,2835,2965
"COG0657",3737,4376,5778,3602,4565,4355,4390,3804,3810,2558
"COG0658",1531,2400,2552,3116,2686,2129,3126,3347,2602,1716
"COG0659",3997,3661,3557,4100,3661,3436,3054,3110,3278,1616
"COG0661",395,287,158,227,271,130,183,745,79,1508
"COG0662",2066,1436,1966,403,1306,609,1019,1269,589,1720
"COG0663",1120,1085,891,869,1168,1184,1044,976,1056,1896
"COG0664",4943,5712,5959,4233,5560,5412,6007,5762,6423,3958
"COG0665",205,362,978,313,491,106,140,475,50,1297
"COG0666",239,1227,692,748,855,2135,2438,1293,1384,3512
"COG0667",3568,3828,4689,2344,4136,3287,3489,3700,3466,5355
"COG0668",6851,6678,4742,6894,6190,3980,5129,4382,6226,3140
"COG0669",1845,1493,1325,1511,1713,1481,1467,1244,1682,1067
"COG0670",1509,747,326,2066,905,435,247,1044,224,2090
"COG0671",3072,2191,1666,3827,2262,1574,1872,2059,1845,2775
"COG0672",33,75,29,101,15,98,15,19,57,828
"COG0673",6407,9548,10655,6227,8845,11385,8339,7374,8892,7764
"COG0674",10382,10238,8253,11956,11190,9594,10485,8835,11730,3466
"COG0675",3661,1251,2392,1388,2568,765,627,1435,1498,899
"COG0676",9,31,7,65,129,20,5,5,9,631
"COG0677",1847,2166,1248,2419,2156,1153,1789,343,2163,2158
"COG0678",2,2,1,2,0,19,0,6,0,0
"COG0679",3430,1954,2477,1899,2473,2642,2035,3232,1917,1863
"COG0680",172,108,146,102,246,165,29,104,89,1086
"COG0681",3026,4694,4874,4876,4679,5486,5072,5147,5861,2048
"COG0682",3025,2459,2304,2309,2827,2634,2341,2380,2257,1247
"COG0683",854,998,1155,515,1563,923,1916,1492,2772,3529
"COG0684",88,248,400,168,249,237,189,130,392,1878
"COG0685",2484,2410,2724,2747,2706,2793,2636,2260,2620,1464
"COG0686",2399,1861,1008,120,1726,1183,1256,408,1520,145
"COG0687",2478,2382,2236,960,2370,2671,2472,2394,2768,3217
"COG0688",1844,1400,1084,2483,1626,1702,1059,1323,1732,1405
"COG0689",129,106,89,185,300,126,24,146,121,929
"COG0690",11,44,51,51,8,56,1,50,46,70
"COG0691",996,1049,1151,1226,1092,1055,1099,1523,1394,602
"COG0692",1107,1045,1131,1922,1163,1340,1288,1531,1890,817
"COG0693",1867,2145,1962,1573,1696,2337,1600,1654,2182,2062
"COG0694",13,55,24,43,19,43,20,58,28,607
"COG0695",21,25,12,53,9,46,2,14,9,541
"COG0696",4852,3818,3228,5195,4693,3532,3937,3850,3583,2633
"COG0697",11726,8828,7751,13626,9411,9651,7726,8676,10032,10144
"COG0698",1757,1332,1360,1466,1752,1289,1457,1999,1078,1231
"COG0699",25,1544,1710,132,362,193,361,533,99,1863
"COG0700",2786,1783,1343,2277,2199,1711,1570,1541,2222,1009
"COG0701",1570,657,500,412,729,340,620,787,314,1731
"COG0702",42,280,106,315,39,158,56,137,90,2122
"COG0703",2431,1939,1848,2145,2367,1812,1947,2027,2144,1788
"COG0704",756,1155,1621,347,1279,1697,1551,1437,1828,1427
"COG0705",1636,2027,1832,2092,1718,1599,1787,1859,2086,1179
"COG0706",4545,4172,4056,4806,4262,3801,3850,3994,3612,2853
"COG0707",4162,3020,3000,3571,4063,3702,2905,4387,3219,2019
"COG0708",1942,1493,1388,2325,1619,1410,1224,1765,1297,937
"COG0709",484,284,433,152,368,607,489,516,404,844
"COG0710",416,333,533,149,399,581,469,463,390,915
"COG0711",1218,1097,1252,1578,1214,1561,1185,1288,1712,922
"COG0712",723,733,1140,261,629,1163,966,789,965,853
"COG0713",19,181,133,167,256,230,307,226,533,270
"COG0714",5409,4035,5706,3824,4782,3949,4401,5118,3662,4800
"COG0715",2675,2134,1808,2385,2023,1968,1620,1858,2008,2070
"COG0716",2401,3449,4039,2803,2861,3062,2797,3100,3515,2839
"COG0717",108,69,26,114,58,94,7,71,54,471
"COG0718",445,324,531,165,420,510,466,878,424,451
"COG0719",5639,5049,4327,6619,5513,4948,5287,4842,5114,2220
"COG0720",387,625,1085,380,625,612,672,813,795,405
"COG0721",269,208,474,95,298,131,318,511,237,119
"COG0722",653,496,988,606,611,807,805,966,764,3070
"COG0723",61,89,70,8,73,12,48,470,50,162
"COG0724",60,773,955,87,723,1029,868,164,1645,6
"COG0725",499,307,432,175,280,625,355,462,373,1143
"COG0726",3441,4153,5713,3050,4794,5178,4905,6248,6391,5330
"COG0727",105,97,158,43,119,355,121,135,158,349
"COG0728",194,152,191,242,338,62,27,66,70,360
"COG0729",8,136,302,150,34,121,7,81,111,1377
"COG0730",876,411,484,355,416,890,455,630,574,796
"COG0731",1312,1471,897,2034,1327,1244,1086,841,1519,4
"COG0732",7625,2685,3511,9500,2853,4764,5649,6948,2693,1777
"COG0733",8713,5273,5975,6813,7238,4635,4920,5498,4243,3022
"COG0735",2388,2290,2053,2713,2363,1855,2093,2138,2491,1320
"COG0736",243,173,238,80,281,466,219,434,165,454
"COG0737",6510,6049,3844,6602,5696,6408,6180,3953,5907,3523
"COG0738",10172,9560,6539,11553,7687,6937,7209,5932,7718,686
"COG0739",4284,10542,10770,11097,9125,13985,11737,13143,12328,3182
"COG0740",2629,2937,3212,3145,3578,2746,3788,3985,2445,1709
"COG0741",2453,2809,3674,4125,2308,3608,2651,3008,2984,7678
"COG0742",1845,1524,1303,1897,1667,1835,1477,1843,1638,667
"COG0743",2772,2643,2733,3219,2800,2998,2775,2120,2754,1705
"COG0744",3042,2307,4216,2478,3851,2918,3252,5518,2868,4010
"COG0745",28073,32767,41161,18830,30896,37332,36907,32883,35099,21498
"COG0746",84,87,125,92,51,193,46,40,261,835
"COG0747",2128,2744,2222,1940,1858,2792,2073,3248,4134,10345
"COG0749",7249,5353,6143,6372,6267,5274,5058,6281,4127,3708
"COG0750",3764,3283,3184,4062,3295,3565,3490,4435,2938,2630
"COG0751",378,214,237,360,217,443,114,217,311,1285
"COG0752",85,36,37,67,40,232,50,101,179,722
"COG0753",89,334,535,436,684,251,582,739,167,1090
"COG0754",87,188,92,235,90,231,68,843,139,2900
"COG0755",2076,3142,2446,3675,2937,715,2144,2535,1775,571
"COG0756",1327,1120,1225,1637,2955,1320,1265,1762,4537,763
"COG0757",1628,1089,700,1404,1355,927,922,1131,857,32
"COG0758",2518,2182,3109,2985,3071,2115,2655,2850,2821,1490
"COG0759",375,426,547,326,574,1010,714,672,840,79
"COG0760",4043,4150,2850,4664,3638,3089,3109,3062,3640,3139
"COG0761",3167,2476,2586,2688,2934,780,908,973,795,405
"COG0762",14,67,56,119,14,61,5,13,52,569
"COG0763",2825,2165,974,2838,2332,1285,1369,1273,1700,626
"COG0764",2410,2293,2190,3936,2699,1798,2282,2198,2156,1115
"COG0765",5491,3732,4574,1445,3965,3960,3443,3919,2965,4843
"COG0766",4316,3567,3387,3338,4226,3362,3797,4570,3127,2434
"COG0767",1184,1178,1053,2353,1497,1125,969,917,1146,912
"COG0768",13781,10743,10969,12755,12685,12177,11918,14773,9951,6868
"COG0769",4707,3576,4201,5202,4813,3988,4017,5650,3408,2132
"COG0770",2516,2021,1590,2751,2304,5668,5696,5518,6340,1661
"COG0771",3303,2848,2916,4437,2916,3241,2986,3695,3215,2066
"COG0772",8182,6327,6393,8312,7684,5810,5951,8186,4864,4078
"COG0773",1625,1169,1071,1558,1424,3720,2934,3637,2847,3021
"COG0774",2185,2103,1384,3936,2330,1455,1751,1441,1916,781
"COG0775",2014,2669,2252,2369,2750,2757,2940,2246,3711,2969
"COG0776",2279,2817,2050,2106,2461,843,785,825,1055,528
"COG0777",694,621,1243,393,657,355,323,489,298,593
"COG0778",7464,7298,5314,6803,6515,5608,6107,5088,7514,3499
"COG0779",457,399,730,163,471,552,635,1126,395,902
"COG0780",460,325,356,445,380,892,816,951,1252,879
"COG0781",1598,1665,1246,888,1522,1233,1385,1770,1539,1061
"COG0782",2346,1941,1723,3088,2578,1647,1737,2357,1877,2331
"COG0783",217,457,609,169,324,471,413,418,782,676
"COG0784",8080,11833,17648,8971,7609,13774,14166,11267,13304,16520
"COG0785",14,79,39,20,3,63,12,83,135,391
"COG0786",553,663,1441,539,736,1151,995,892,1403,3721
"COG0787",5744,4513,3623,6159,5681,3650,4179,4206,4417,2773
"COG0788",11,146,150,23,96,633,701,83,920,405
"COG0789",2303,2353,2866,2078,2212,2541,2480,3423,2734,5762
"COG0790",1275,1476,2210,1492,1681,1988,1166,2619,653,3214
"COG0791",3745,3893,4450,1539,2737,5153,5599,4423,3879,7436
"COG0792",842,990,957,1272,1212,1027,1038,1026,1155,610
"COG0793",17910,16854,12040,16321,13482,15592,15143,10230,15834,1613
"COG0794",1895,1617,862,2233,1706,1365,1221,1124,1785,2676
"COG0795",6597,4277,1898,7757,3955,2159,2347,1077,2829,2143
"COG0796",2766,2115,1852,2861,2179,2404,2027,2002,2155,1461
"COG0797",1386,563,121,1315,862,107,14,64,84,698
"COG0798",1387,560,391,53,542,62,42,22,35,0
"COG0799",1202,1056,934,1059,1200,996,1092,1117,1107,271
"COG0800",1658,1676,1150,1496,1593,2006,1622,1188,1574,1740
"COG0801",993,940,747,1341,1058,743,849,907,1123,496
"COG0802",1454,1223,993,1532,1364,933,1047,1521,1068,1003
"COG0803",2079,1834,1737,641,1460,2801,1690,1859,1891,2914
"COG0804",111,231,325,46,206,126,295,267,81,16
"COG0805",1612,1052,845,875,1073,1186,927,1025,1050,788
"COG0806",1926,1052,773,1849,1043,651,764,1243,545,768
"COG0807",3754,2306,1947,2963,2767,1816,2071,1761,2188,838
"COG0809",5424,4682,3794,6325,4777,4360,4231,3997,4621,862
"COG0810",5,31,81,87,16,24,8,7,16,104
"COG0811",2949,2850,2059,2801,3180,2980,2364,1698,3863,1017
"COG0812",2143,1922,1903,2481,2535,1913,2149,2407,2050,1616
"COG0813",426,287,587,184,453,724,548,1010,501,1207
"COG0814",162,531,558,621,211,446,221,185,235,8057
"COG0815",27,308,349,140,369,119,186,239,94,1162
"COG0816",1364,1083,1038,1234,1319,947,1063,1443,1165,591
"COG0817",346,364,286,581,456,887,1027,839,1024,301
"COG0818",89,399,434,247,440,513,536,667,925,647
"COG0819",128,118,179,38,195,69,277,220,76,0
"COG0820",3060,2535,2789,3551,2757,2145,3208,3049,2462,2087
"COG0821",3765,3473,3168,4928,3924,3588,3376,2369,3570,1500
"COG0822",2158,1729,2027,2093,2194,1802,2164,2621,1867,822
"COG0823",421,1218,2191,335,1005,516,595,1079,763,2284
"COG0824",343,999,1245,366,1143,1135,1166,1210,1620,1019
"COG0825",823,716,1505,286,821,1353,1074,1545,835,1701
"COG0826",7175,6679,6804,8448,8044,6650,6623,7672,6327,5084
"COG0827",7596,9987,9465,4071,6835,4092,3156,2549,4837,1188
"COG0828",129,83,206,50,135,164,149,338,103,227
"COG0829",11,31,67,11,28,107,133,160,17,4
"COG0830",40,95,123,16,94,67,100,139,19,1
"COG0831",20,33,79,10,56,48,35,48,23,3
"COG0832",28,54,91,14,44,50,64,62,26,2
"COG0833",322,124,84,103,133,64,10,139,25,1195
"COG0834",6353,4760,6093,2278,4850,5953,5055,4907,5131,9295
"COG0835",285,547,1245,91,389,420,771,805,325,505
"COG0836",6297,3798,3457,5300,4294,2355,2597,2845,3052,1203
"COG0837",3,44,7,52,9,17,3,3,11,683
"COG0838",580,786,443,954,764,538,593,448,915,213
"COG0839",753,1099,722,1306,1184,1064,1019,534,1477,317
"COG0840",5192,6452,9193,936,4540,4894,8572,5852,3183,9004
"COG0841",10646,30836,27526,19205,22854,34945,33259,16759,34992,14873
"COG0842",5814,8034,7260,6647,7111,2272,2494,1463,2492,1717
"COG0843",2,26,19,79,32,29,6,1,16,1156
"COG0845",15196,24778,21194,21260,19878,26006,21813,15001,26820,8168
"COG0846",2609,1914,1873,5169,3192,3170,2503,2626,1850,1649
"COG0847",3649,2478,1618,4265,2091,1903,1914,1236,2738,2072
"COG0848",204,184,131,186,122,188,52,178,209,742
"COG0849",3353,2242,1903,3586,2513,1314,1543,2145,1443,1276
"COG0850",269,224,364,126,204,215,310,721,253,855
"COG0851",118,98,124,54,133,92,99,373,151,378
"COG0852",1456,1919,1099,3595,1980,1540,2032,1377,2183,883
"COG0853",930,869,664,863,885,636,643,704,971,501
"COG0854",109,790,775,231,747,1222,989,616,1384,554
"COG0855",3360,3241,5062,4866,3681,4069,3908,5249,4178,2459
"COG0857",36,76,17,189,16,6,5,4,20,482
"COG0858",1449,1179,1037,1363,1284,1271,1154,1335,1243,606
"COG0859",2877,2198,1260,3506,1929,1796,1062,1179,1916,3417
"COG0860",2572,3011,3433,3551,2841,3616,3347,4135,2753,4219
"COG0861",2016,745,105,1778,801,183,26,163,114,2808
"COG0863",1151,1870,2256,4201,3585,1958,3365,3791,3545,3797
"COG0864",15,64,41,44,26,36,2,4,18,111
"COG1001",564,709,1183,344,752,483,309,394,400,905
"COG1002",7332,5143,3567,886,1339,3445,1793,3286,2281,3097
"COG1003",534,2353,2042,1002,1852,2421,2814,1275,2980,2306
"COG1004",3331,3169,3474,5037,3672,1004,1511,1102,1129,331
"COG1005",1423,1638,935,2450,1658,922,1204,1000,1339,187
"COG1006",11,39,25,28,25,17,43,42,58,98
"COG1007",2155,2151,1289,3233,2221,1642,1903,1195,2086,584
"COG1008",1678,2038,1194,3176,2206,1203,2009,1377,2188,903
"COG1009",3381,3157,1283,4128,2788,1831,2557,1119,2488,1862
"COG1010",140,283,318,38,292,867,827,601,661,113
"COG1011",6060,5145,3223,3794,4680,3913,3745,3708,4766,2981
"COG1012",1416,3384,5039,1855,2446,4807,3205,2912,4275,14650
"COG1013",9508,9279,6933,10517,9750,8428,9146,7978,9737,3378
"COG1014",9421,10546,9217,10846,11262,10449,11090,9291,12561,3591
"COG1015",816,640,1073,347,716,372,283,325,251,877
"COG1017",2,66,11,66,24,63,8,17,16,1045
"COG1018",15,143,70,226,43,113,19,27,57,2955
"COG1020",1008,1144,2051,1644,2225,1986,3413,1862,1668,5427
"COG1021",2,23,8,109,4,33,390,4,32,1301
"COG1022",7951,9029,7093,9996,8661,8345,7943,7690,8981,419
"COG1023",7,8,0,21,0,0,38,50,24,4
"COG1024",784,912,808,599,614,1026,780,864,666,6439
"COG1025",1,81,18,162,8,24,9,1,33,1946
"COG1026",1936,1538,2186,476,1538,960,699,769,649,594
"COG1027",815,1146,867,3527,483,1322,1234,833,1834,3513
"COG1028",10372,11327,12418,9981,11115,12335,12219,10427,14362,14591
"COG1030",25,28,62,19,93,245,108,189,115,2
"COG1032",4844,5750,7289,7884,4706,6697,7226,7043,6886,5052
"COG1033",1860,1960,2907,215,2431,2714,2497,3406,1245,842
"COG1034",527,1234,1311,423,998,1022,1103,1139,1567,2525
"COG1035",1040,1165,1066,1544,1711,1074,757,1593,2381,238
"COG1038",444,1142,844,475,723,1150,905,967,1146,118
"COG1039",21,53,44,62,195,27,45,190,69,16
"COG1040",2362,1725,1574,2010,2297,1772,1835,2110,1625,1121
"COG1041",35,40,44,2,39,1,181,225,83,4
"COG1042",134,1387,1396,345,887,1553,1490,406,1303,1545
"COG1043",1264,2004,1582,4399,2116,2055,2092,1592,2552,878
"COG1044",1940,2065,1187,2978,1879,1727,1476,1386,2051,766
"COG1045",2726,1931,2106,2217,2880,2515,2426,2338,2947,943
"COG1047",317,252,222,285,240,496,750,645,783,514
"COG1048",4003,3202,4775,5790,4439,3639,4514,4074,4893,5034
"COG1049",2,54,25,116,16,25,11,1,28,2008
"COG1051",1328,2100,1620,1959,1810,1653,1763,2272,2257,424
"COG1052",2267,3416,3775,2640,3392,3696,4491,2891,4571,3165
"COG1053",7513,7110,6815,7655,7224,9051,5104,4814,6610,3043
"COG1054",24,40,13,56,10,21,22,28,19,940
"COG1055",4646,2267,1807,6449,2812,1533,964,1467,844,1201
"COG1056",3,16,36,14,22,40,11,125,20,826
"COG1057",1722,1270,1303,2022,1461,1554,1397,1550,1475,691
"COG1058",494,814,660,284,822,1048,864,647,564,1088
"COG1059",0,0,0,2,0,9,0,0,26,0
"COG1060",3140,3469,3081,1120,3734,3038,3741,3124,4178,1399
"COG1061",12355,4698,5296,4854,4081,4274,3497,5057,3624,1973
"COG1062",2,34,27,58,7,28,9,2,21,970
"COG1063",5241,4434,3281,2266,3953,3173,3315,4357,3778,10335
"COG1064",8,64,30,120,18,27,32,12,28,1939
"COG1066",3470,2983,2346,3531,2566,2868,2845,2858,2565,1474
"COG1067",703,127,41,125,327,278,46,1070,101,1352
"COG1069",170,579,281,137,810,82,537,323,551,4078
"COG1070",9865,7313,6179,7430,8014,7955,6194,6902,7063,11306
"COG1071",91,566,1017,100,307,305,709,154,313,188
"COG1072",27,44,22,82,5,59,56,66,21,669
"COG1073",3227,4933,6357,10697,5430,6719,5874,4890,6940,4284
"COG1074",6286,4885,4582,6533,4567,5071,4733,6837,3333,3106
"COG1075",17,43,224,2,140,8,275,636,41,276
"COG1076",1285,1076,562,2060,1159,1093,738,616,1363,1124
"COG1077",4228,3216,3325,3323,4048,3924,3641,4025,3372,1540
"COG1078",63,910,850,128,392,429,385,268,549,11
"COG1079",618,663,808,239,771,1107,1010,1274,1082,1616
"COG1080",2347,1776,3246,826,2227,3398,2568,2767,1577,6143
"COG1082",1748,2334,2474,703,2428,5090,2312,2412,2413,5626
"COG1083",159,807,1125,161,771,1008,605,304,983,271
"COG1085",197,88,26,53,53,141,11,105,53,736
"COG1086",4978,4670,4252,1636,3377,3715,5747,3200,3032,2092
"COG1087",2966,2469,2464,2946,2913,2362,2441,3550,2128,2185
"COG1088",3500,3256,3139,3526,3581,931,1176,1000,1139,648
"COG1089",2279,2102,2479,2149,2221,1572,2426,1196,2534,203
"COG1090",13,315,324,81,181,219,103,54,177,570
"COG1091",2128,2807,2585,1557,2735,2397,3250,2530,2683,1037
"COG1092",2849,2892,2865,3012,3209,3356,2867,3126,2839,3198
"COG1098",145,120,310,30,335,230,181,423,63,19
"COG1099",0,0,0,0,48,0,0,0,0,0
"COG1101",950,756,1161,322,924,1617,1147,1200,856,566
"COG1102",3,8,0,1,0,22,1,53,5,0
"COG1104",2115,1794,3275,691,2264,3211,3618,3720,1668,1969
"COG1105",1004,600,1316,297,784,1062,991,1627,590,2290
"COG1106",3741,4260,3480,2551,5378,5525,2618,4282,2366,1097
"COG1108",2161,1961,1763,2105,2093,2216,1586,1686,1876,4745
"COG1109",9625,7420,7114,8072,8419,7189,8429,9088,7194,4632
"COG1112",9371,9250,6064,16056,7264,6094,5683,5928,9321,5474
"COG1113",183,69,35,198,85,90,47,414,139,6288
"COG1114",801,411,366,333,544,1217,494,682,806,1875
"COG1115",2172,1658,1621,1245,1624,5663,4723,5439,4720,3783
"COG1116",646,989,1181,532,1053,1377,1166,1426,1302,2378
"COG1117",968,1427,1598,605,1513,1750,1868,1754,1426,1609
"COG1118",645,528,1030,170,640,1027,836,1121,462,1130
"COG1119",1573,1398,846,2704,1350,912,948,780,1594,721
"COG1120",2909,3393,2682,3113,2736,3174,3199,2264,3185,2665
"COG1121",1889,1981,1623,1653,1859,2185,1805,1549,2030,2999
"COG1122",3585,2282,3860,1164,3008,3958,3393,5087,2543,3243
"COG1123",423,545,353,462,237,994,328,498,440,1808
"COG1124",56,181,79,186,56,343,77,53,448,1601
"COG1125",169,173,157,150,74,94,124,175,216,777
"COG1126",3343,2481,3152,1066,2728,2990,2547,3128,2336,4352
"COG1127",2053,1633,1040,2034,1710,1442,1194,783,1760,976
"COG1129",2829,3083,3496,1900,2014,1375,920,918,1129,6764
"COG1131",9037,8893,14916,5784,10762,9364,13006,15227,6837,12475
"COG1132",20929,18027,29773,12283,22647,25154,28527,35201,14679,21158
"COG1133",2,28,12,82,3,20,4,1,9,906
"COG1134",931,795,2028,431,903,1943,1803,2115,1495,1706
"COG1135",835,630,819,435,808,1125,793,975,706,1001
"COG1136",11193,10280,13830,9717,10789,12770,13454,15162,11676,5587
"COG1137",1518,1396,893,2165,1335,1330,950,736,1443,859
"COG1138",29,236,282,309,64,341,18,66,125,2683
"COG1139",1779,1541,988,3984,1056,1198,842,1146,1135,628
"COG1140",7,58,46,163,16,134,15,10,83,1620
"COG1141",41,32,85,1,70,118,20,83,3,2
"COG1142",28,338,217,383,108,260,145,215,187,5564
"COG1143",402,690,403,1188,718,132,524,633,552,1071
"COG1144",31,32,99,32,26,115,40,265,126,6
"COG1145",2608,4038,4584,1796,3793,1430,1433,1629,1652,1340
"COG1146",496,556,699,692,724,502,722,663,605,841
"COG1148",191,312,254,45,222,194,445,410,288,1
"COG1149",1,6,4,1,9,33,0,6,43,0
"COG1150",28,161,108,10,63,35,83,76,89,0
"COG1151",1417,2072,3116,906,1575,3013,2660,2986,2324,2231
"COG1152",150,44,79,55,129,138,108,112,79,0
"COG1154",6532,5279,5020,8261,6018,5208,5808,5447,5528,2064
"COG1155",744,2384,2158,665,2085,2172,2592,2701,3145,1679
"COG1156",218,643,660,156,647,1644,2195,1856,2342,1328
"COG1157",226,381,752,200,287,244,522,357,180,2663
"COG1158",3239,2832,2006,4188,1657,1679,1815,2316,2433,1759
"COG1159",2768,2006,2095,2494,2221,1655,1847,2364,1726,1324
"COG1160",4672,4221,4542,3833,4572,4082,4299,5169,3887,2191
"COG1161",642,638,906,200,767,866,944,1623,540,454
"COG1162",2395,2344,2487,2529,2294,669,751,833,591,539
"COG1164",1147,1015,1603,275,1355,1689,1521,2240,812,959
"COG1165",3205,2451,1103,3971,2262,987,2004,1738,2230,1069
"COG1166",924,880,452,1790,979,1448,2095,1545,2224,1581
"COG1167",2016,2199,3969,1070,2490,2994,3129,3882,2405,3435
"COG1168",3600,3939,3395,5054,3278,4071,3170,2884,5871,3536
"COG1169",1791,1405,785,1756,1181,1018,982,884,999,1447
"COG1171",2167,1956,2085,2944,2271,2537,1779,2220,2012,3937
"COG1172",1541,1613,2230,1414,975,2172,1249,1352,2628,12623
"COG1173",2365,2092,2221,1230,2321,3562,2345,2793,2613,6355
"COG1174",238,263,158,235,79,124,142,219,269,1502
"COG1175",5082,5269,6687,1739,5162,5999,6668,8528,5255,14717
"COG1176",2012,1845,1623,646,1900,1756,1802,1557,1798,2231
"COG1177",1753,1800,1532,748,1803,1660,1865,1780,1922,2671
"COG1178",300,328,256,177,244,2192,617,606,1624,3658
"COG1179",1705,1543,1608,1698,1714,1899,1669,2029,1556,735
"COG1180",2938,2868,2141,3533,1711,2403,1901,2745,2015,4452
"COG1181",3169,2464,2103,3964,2832,2286,2246,3115,2056,2827
"COG1182",27,50,48,39,96,49,39,45,41,275
"COG1183",1867,1528,1040,2405,1774,1341,1221,1278,1862,181
"COG1184",99,5,1,0,0,2,18,16,3,3
"COG1185",6222,5165,3761,6890,5524,5213,4722,4937,4424,2808
"COG1186",2752,2514,2385,3606,2907,3039,2628,2991,2730,2071
"COG1187",1923,2035,2388,2884,2408,2241,2283,3452,1577,2834
"COG1188",735,942,779,1073,731,865,685,969,929,735
"COG1189",669,518,1035,222,845,726,889,1136,606,422
"COG1190",4107,3970,3298,4525,4188,4757,3991,4080,3766,3933
"COG1191",2121,2014,3631,529,2534,3162,3254,5705,1669,2771
"COG1192",7083,6373,6831,3810,6921,6868,6669,7843,4796,6385
"COG1193",1930,1561,1457,1933,1410,2710,4062,4857,2882,1815
"COG1194",1849,1949,1487,2077,1759,1818,1652,1525,1577,1359
"COG1195",3271,2912,2381,3314,3105,2762,2727,3496,3201,2033
"COG1196",763,586,1114,248,772,3365,3020,4956,1658,1379
"COG1197",8431,6439,5890,8127,7608,5325,5807,7222,4693,3623
"COG1198",6198,4706,4780,6173,5175,4593,5088,4961,3813,2681
"COG1199",1411,1018,2238,527,1474,1941,1447,2075,1128,4349
"COG1200",4883,4212,3507,6011,4884,3664,4099,4380,3408,2677
"COG1201",43,76,34,77,23,30,163,180,122,3406
"COG1203",2896,1289,2531,1688,1288,1567,2264,2648,968,2793
"COG1204",120,259,695,75,1219,1295,473,1491,931,196
"COG1205",6466,3020,95,106,149,140,665,2495,261,107
"COG1206",419,353,492,60,645,744,605,1166,158,31
"COG1207",673,390,785,362,454,721,514,845,440,1224
"COG1208",1365,1588,1122,667,767,3237,2819,2645,3562,706
"COG1209",2001,2343,2110,1237,2409,1844,2511,2224,2505,1343
"COG1210",2257,946,387,1559,1265,654,398,499,217,2149
"COG1211",3821,2839,2476,3785,4345,2054,2459,2662,1998,1033
"COG1212",1482,1444,903,1322,1481,1009,1030,878,1522,663
"COG1213",32,105,216,7,304,73,86,254,802,83
"COG1214",1939,1767,1762,2139,2108,1824,1831,2119,1796,863
"COG1215",2659,3477,2871,1518,2875,2797,3344,2118,4255,4093
"COG1216",4963,6537,5754,5595,4022,7057,5154,4146,6206,3481
"COG1217",4773,4306,4343,5518,5076,4947,4598,4651,4103,2816
"COG1218",66,964,744,238,719,1093,1051,662,1339,740
"COG1219",4269,3434,3623,4002,3558,3560,3445,3915,3417,2508
"COG1220",334,100,100,124,159,160,21,251,62,1537
"COG1221",993,672,92,335,542,357,326,1839,660,1880
"COG1225",866,1061,848,1096,915,855,825,867,1390,848
"COG1226",231,1096,944,664,1387,1478,788,1087,1337,4641
"COG1227",1486,807,1726,455,1401,2059,1509,2110,1002,874
"COG1228",556,1919,2427,869,1613,1848,2525,1237,2538,1049
"COG1230",68,229,373,320,236,139,121,735,157,740
"COG1232",61,482,224,36,117,185,468,834,378,162
"COG1233",120,510,744,48,223,645,434,109,555,3
"COG1234",2431,1987,1908,2935,1884,2076,1870,2347,2217,1792
"COG1235",3670,3745,2643,3993,3853,2479,3291,4721,3249,1467
"COG1236",984,890,1245,277,1514,1692,1334,2576,797,862
"COG1237",1308,769,284,79,139,300,411,210,388,490
"COG1238",826,1035,595,1542,952,725,696,585,866,207
"COG1239",150,88,141,50,9,185,40,51,62,5
"COG1240",79,81,177,48,10,116,30,47,28,3
"COG1242",1578,1565,1426,2136,1278,1149,1361,2300,1669,1203
"COG1243",59,63,177,57,209,39,197,564,122,2
"COG1246",65,84,136,128,165,80,36,90,68,1290
"COG1247",658,703,988,338,833,1417,1022,1223,1363,540
"COG1249",681,3580,3580,1860,2518,3454,3271,1758,4382,5497
"COG1250",573,772,732,370,510,696,657,589,363,4250
"COG1251",21,111,67,275,52,170,102,138,131,3112
"COG1252",1220,785,708,604,1029,223,470,154,369,804
"COG1253",6892,6623,5451,8564,6565,5675,5682,6033,6233,4110
"COG1254",181,129,163,67,96,369,205,310,68,234
"COG1256",672,758,2132,147,678,544,1157,953,406,1380
"COG1257",14,31,36,23,1,26,2,13,1,0
"COG1259",67,509,491,1158,470,281,605,221,452,4
"COG1260",2780,1937,941,3342,1968,945,1236,805,1586,3
"COG1261",1,21,2,25,3,7,5,0,16,355
"COG1262",886,905,1309,1736,1290,2665,1095,606,2058,14
"COG1263",3041,2010,4039,2091,3349,3989,3612,4569,2984,16684
"COG1264",2676,2093,3571,1940,2885,3722,3184,4112,2361,15950
"COG1266",2696,1957,2758,4837,2616,1976,2593,2370,2055,1351
"COG1267",520,505,266,1049,734,349,417,176,715,443
"COG1268",678,439,835,208,564,739,714,1082,752,639
"COG1269",779,2369,2226,690,2082,2262,2623,2643,3119,1862
"COG1270",669,929,1408,250,1026,1176,1224,1145,1440,360
"COG1271",1985,1948,1425,1150,1934,1187,1530,1209,1884,1062
"COG1272",296,373,400,460,332,1091,985,1092,1156,714
"COG1273",1,2,0,96,7,0,53,200,0,306
"COG1274",42,104,126,1,448,7,331,339,16,4
"COG1275",146,87,86,84,78,79,64,80,84,594
"COG1276",1,13,11,24,1,10,9,0,9,485
"COG1277",364,660,863,132,927,670,840,1370,656,1091
"COG1278",202,218,218,159,137,160,196,312,261,1679
"COG1279",98,47,87,95,83,24,25,170,74,556
"COG1280",105,599,503,341,458,506,599,147,1071,1852
"COG1281",805,719,1091,302,807,1018,993,1580,646,1511
"COG1282",16,36,11,79,10,63,5,4,18,728
"COG1283",8370,5794,5635,5681,6445,6122,5581,5030,4735,2986
"COG1284",6296,5293,4825,5383,5455,6009,4897,6118,5493,3113
"COG1285",934,745,585,1051,687,726,647,942,649,2108
"COG1286",16,108,112,57,29,49,53,75,11,546
"COG1287",3,15,10,0,3,1,0,3,11,0
"COG1288",406,906,749,653,456,1954,603,580,2656,6552
"COG1289",27,250,94,543,60,70,21,70,36,2286
"COG1290",0,12,4,0,4,4,0,0,0,34
"COG1291",125,244,447,72,175,138,318,261,82,1072
"COG1292",297,510,745,414,383,563,591,187,813,4720
"COG1293",1220,921,2001,262,1318,1465,1597,2399,735,701
"COG1294",1663,1810,1294,1312,1906,1518,1565,1095,2093,1485
"COG1295",2720,2486,1935,1430,1939,1533,1808,1919,1909,2077
"COG1296",1003,794,1150,358,828,778,1065,1217,909,1289
"COG1297",3240,2523,2367,4253,2848,2215,2096,1971,2129,388
"COG1298",327,505,1085,158,380,200,762,641,229,1791
"COG1299",2148,1057,1783,665,1220,1668,1479,2171,1083,6020
"COG1300",16,251,312,11,174,62,148,396,192,5
"COG1301",6811,3675,2520,2269,3629,3498,2570,2739,2818,5785
"COG1302",689,522,943,140,701,653,816,1377,482,495
"COG1304",232,261,467,314,363,479,450,277,318,1198
"COG1305",819,1437,2922,2784,1613,1759,3111,2095,2448,927
"COG1306",22,82,16,28,64,54,29,51,94,288
"COG1307",2703,2473,4264,553,2944,3609,3426,4787,1522,1907
"COG1309",2017,2662,3640,1324,3132,2513,2832,5095,1894,10943
"COG1310",56,32,240,34,110,91,170,227,138,215
"COG1312",2782,2202,2244,3139,2008,2822,2939,1870,3462,2113
"COG1313",591,443,808,164,728,763,719,1146,468,224
"COG1314",12,46,64,63,35,53,22,46,47,529
"COG1315",303,409,1153,41,395,386,754,594,253,622
"COG1316",2046,1259,2199,605,2045,1720,1986,4065,1869,3379
"COG1317",7,51,57,61,23,34,82,81,31,507
"COG1319",525,515,863,204,432,830,648,581,748,3424
"COG1320",1,33,16,23,3,10,15,3,30,3
"COG1321",382,460,797,186,755,207,229,465,137,417
"COG1322",870,786,474,1065,814,1849,1887,1549,1652,1456
"COG1323",190,198,389,63,282,1095,1035,1763,535,518
"COG1324",1,20,6,32,11,6,3,9,13,514
"COG1327",520,376,653,218,534,602,560,786,380,788
"COG1328",6668,6417,5771,6358,6274,6996,6357,7023,5931,4926
"COG1329",33,32,25,27,78,17,21,291,63,0
"COG1330",6,87,30,130,41,149,12,4,24,1622
"COG1331",7,55,42,3,14,5,16,7,16,492
"COG1332",39,20,64,26,42,1,209,205,58,0
"COG1333",34,279,698,31,134,354,120,100,203,3
"COG1335",602,453,781,428,598,853,750,941,1261,2754
"COG1336",0,3,0,0,1,11,4,24,1,0
"COG1337",47,26,68,14,26,18,121,147,43,92
"COG1338",131,170,523,58,169,63,260,287,103,822
"COG1342",135,181,114,41,151,275,390,333,485,40
"COG1343",328,217,369,371,134,293,390,465,320,281
"COG1344",1098,1171,2566,167,1010,805,1505,1345,715,2154
"COG1345",178,370,1218,65,298,336,381,327,131,1052
"COG1346",1818,1557,1527,1683,1544,1436,1467,1294,1371,644
"COG1347",438,964,682,1721,720,776,888,692,1262,6
"COG1348",177,210,370,155,90,102,384,294,153,363
"COG1349",1840,1843,2225,1100,1822,2471,2018,2723,2976,9956
"COG1350",2675,2063,1309,2248,2092,1694,1657,1220,2158,133
"COG1351",1070,382,499,1705,725,715,481,703,182,5
"COG1352",138,249,478,64,176,195,397,467,152,742
"COG1353",123,107,139,39,101,40,296,513,123,0
"COG1354",573,536,885,221,690,813,781,1434,494,451
"COG1355",1068,1425,2,22,0,0,0,1,8,0
"COG1357",283,877,710,282,620,555,954,858,1160,3286
"COG1358",311,189,284,66,324,255,275,470,322,214
"COG1359",91,222,278,93,307,273,204,183,470,773
"COG1360",1920,1010,841,2484,1108,439,524,737,306,1263
"COG1361",27,31,9,20,24,72,48,44,24,168
"COG1362",4385,2508,2640,3334,2786,2930,2775,3461,1677,1670
"COG1363",394,774,702,1749,1030,426,940,1125,1184,2391
"COG1364",1132,674,1488,296,1490,900,1329,1454,777,555
"COG1366",353,241,558,85,446,334,441,858,365,345
"COG1368",7420,6830,5381,9120,5617,3502,4686,6890,4354,3226
"COG1372",0,18,83,19,12,1,0,441,2,0
"COG1373",63717,28006,10760,36322,15721,6284,9772,10643,7602,901
"COG1376",1341,1074,1672,705,1611,1324,1487,1966,1115,3388
"COG1377",168,271,639,133,203,176,405,401,167,2068
"COG1378",97,144,105,79,90,76,185,211,84,116
"COG1379",121,185,97,63,90,71,19,139,110,202
"COG1380",1094,868,885,680,841,705,785,817,616,770
"COG1381",510,503,785,229,656,568,816,1323,517,784
"COG1384",40,1,28,1,8,0,3,38,12,0
"COG1385",1722,1343,1295,1954,1626,1371,1122,1538,1013,786
"COG1386",506,409,753,183,597,578,657,1203,492,221
"COG1387",2811,2341,2333,623,2861,2731,2650,4381,3672,1798
"COG1388",1019,1530,2312,552,1561,1577,1854,3523,1618,870
"COG1390",7,67,9,13,20,9,19,49,41,149
"COG1391",44,218,214,320,45,245,11,55,138,2463
"COG1392",195,372,449,239,303,479,230,730,476,440
"COG1393",316,513,606,232,513,623,440,642,448,1670
"COG1394",339,754,657,243,745,581,752,1115,880,783
"COG1396",3796,3650,4600,2610,3671,3983,3975,6229,3567,6115
"COG1397",1854,1159,898,3446,1312,912,805,1651,710,1081
"COG1399",468,368,545,198,476,471,581,879,403,838
"COG1401",3653,1406,1176,77,2309,1317,846,1920,1264,289
"COG1402",469,434,564,163,1074,592,643,337,504,662
"COG1403",1724,894,363,54,296,117,191,439,439,419
"COG1404",4043,6542,5893,26849,5270,6922,6731,5225,7664,3084
"COG1406",32,33,215,15,59,100,119,110,34,0
"COG1408",5846,4142,2889,2911,5125,2616,3410,3382,3627,1364
"COG1409",3216,3719,3321,4290,6525,5108,5218,5120,7323,2472
"COG1410",6007,5904,5395,8538,6127,5925,5743,4356,5960,4054
"COG1413",4,45,13,65,1,17,15,35,2,1498
"COG1414",323,799,567,581,403,891,460,410,806,5488
"COG1415",0,2,0,1,0,0,1,7,1,0
"COG1416",1,5,5,3,2,4,0,0,2,19
"COG1418",5822,4741,4448,5666,5034,4486,4924,5493,3998,1528
"COG1419",183,286,673,20,206,166,328,279,112,0
"COG1420",894,732,1305,231,1007,1252,1191,1898,654,472
"COG1424",99,119,14,29,41,53,14,49,24,1
"COG1426",80,36,41,101,46,52,13,141,56,535
"COG1427",146,98,58,1,135,0,133,152,5,0
"COG1428",2375,931,58,2330,1099,14,102,21,0,26
"COG1429",3446,2812,1830,830,2499,2411,2379,588,2372,34
"COG1430",5,1,13,7,2,56,10,45,35,131
"COG1431",0,26,0,0,0,0,15,49,0,0
"COG1432",299,646,736,115,318,380,312,628,393,418
"COG1433",145,384,316,144,383,124,267,251,343,57
"COG1434",646,367,526,243,583,416,461,1264,630,1622
"COG1435",378,836,813,1199,762,1078,1103,640,1268,790
"COG1436",43,62,31,8,123,35,44,131,63,192
"COG1437",22,6,7,1,2,2,14,36,7,0
"COG1438",1950,1256,1080,1712,1490,1374,1268,1309,1367,1848
"COG1440",136,156,82,136,120,78,168,197,201,490
"COG1441",5,28,10,42,6,40,4,4,12,496
"COG1442",4159,1910,1827,937,2463,1329,1982,4428,2424,3587
"COG1443",831,642,242,35,517,171,398,130,454,298
"COG1444",4,44,13,93,16,42,11,0,21,1202
"COG1445",2015,956,1837,498,1188,1503,1407,1963,1016,4620
"COG1446",62,288,391,178,196,803,283,48,523,1814
"COG1447",219,112,81,136,129,85,239,277,217,1056
"COG1448",302,212,180,271,122,395,61,158,230,1806
"COG1449",639,1299,933,2658,1983,698,1289,1107,1193,7
"COG1450",4,89,46,181,206,47,14,13,81,2856
"COG1451",502,1140,1310,591,1152,1298,1406,1855,1007,910
"COG1452",33,162,160,235,41,223,11,51,113,1854
"COG1453",911,1561,1870,530,1884,1573,1513,1689,1756,739
"COG1454",4054,4601,6916,2985,5349,7186,7285,8720,6259,7440
"COG1455",543,750,649,548,405,288,926,1135,714,3214
"COG1456",109,43,69,31,69,100,115,98,60,0
"COG1457",482,312,290,310,546,483,341,433,684,1419
"COG1459",611,741,1071,442,923,595,828,1739,862,2869
"COG1461",1397,853,1760,328,1299,1637,1643,1819,881,725
"COG1462",0,6,0,148,2,21,2,215,3,188
"COG1463",284,97,97,144,377,171,51,96,157,712
"COG1464",942,595,856,594,726,973,565,889,817,1559
"COG1465",3,16,6,0,4,1,0,3,11,0
"COG1466",1796,1868,1902,2331,1915,1900,2077,2664,1823,1242
"COG1468",101,130,157,51,104,403,367,362,199,479
"COG1469",104,76,83,91,250,92,37,93,121,0
"COG1470",15,229,293,13,111,129,134,53,181,225
"COG1472",32317,32819,25993,19088,30435,18190,29244,26978,23811,7448
"COG1473",1763,2748,2452,1839,1479,1220,623,551,1727,2375
"COG1475",5840,6769,7238,3373,7782,7739,8074,9270,6036,5000
"COG1476",274,299,412,93,285,314,457,823,238,259
"COG1477",3121,2758,2799,3144,2593,2281,2505,2546,2529,1008
"COG1479",8106,7373,2813,4602,4063,4114,3402,5754,5465,654
"COG1480",1468,1164,753,1632,1058,2863,2454,2058,2929,47
"COG1481",769,540,1040,244,710,867,850,1498,625,475
"COG1482",2820,3028,2956,2608,3122,1791,2993,3167,2612,1736
"COG1483",6,2804,2,849,217,3,115,776,2,0
"COG1484",11943,8178,5214,1167,4353,9139,5614,5001,2627,6356
"COG1485",0,30,13,86,6,11,7,1,11,965
"COG1486",644,681,208,676,874,592,713,1241,1206,3899
"COG1487",692,190,122,48,241,24,183,144,298,809
"COG1488",1318,1506,2094,760,1863,2008,1909,2971,1340,1812
"COG1489",176,264,341,119,142,316,283,293,301,1140
"COG1490",1471,1366,1174,1324,1505,1640,1303,1394,1535,953
"COG1492",1081,1774,1979,628,1929,2768,2577,1642,2998,539
"COG1493",726,610,987,153,774,1049,1022,1353,605,436
"COG1494",66,124,65,232,48,171,83,20,187,1748
"COG1495",9,99,194,108,23,136,5,26,76,532
"COG1496",2220,1563,1159,2436,1502,1498,1291,1494,1730,1003
"COG1501",9629,11969,10952,11439,11943,8845,10244,9724,10030,6406
"COG1502",6273,5914,7573,6408,5489,5963,5615,6145,5185,5392
"COG1505",62,495,409,692,172,75,365,81,155,3
"COG1506",15958,16170,11344,16131,13134,12925,10928,8787,13167,86
"COG1507",12,1,1,10,4,0,0,6,18,0
"COG1508",1352,1059,604,1543,935,2465,2243,1748,3090,1860
"COG1509",127,1594,1372,176,613,1071,1161,286,1583,1264
"COG1511",2004,2115,3606,729,2232,1932,3302,4679,1137,1387
"COG1512",1164,1220,1344,1806,1312,2050,1704,1068,1985,529
"COG1513",1,12,3,16,1,0,0,0,2,130
"COG1514",10,17,8,39,9,23,7,76,14,545
"COG1515",0,11,3,32,1,6,1,0,9,352
"COG1516",67,143,281,52,101,30,60,63,24,213
"COG1518",2286,1053,1514,1666,1377,934,2128,1993,1059,1397
"COG1519",2104,2222,1468,2060,2205,2189,1619,1230,2444,1228
"COG1520",319,2193,2753,312,2637,779,1016,367,979,176
"COG1521",1009,1374,1759,357,1355,1704,1716,1862,1498,518
"COG1522",3656,2758,2715,3462,2806,2383,2285,2584,2722,2719
"COG1523",4806,3811,3023,4248,3662,3891,3607,2785,3684,3589
"COG1524",6277,4233,2308,7614,4907,3117,2601,2237,3847,519
"COG1525",4,23,46,120,139,71,3,113,108,57
"COG1526",192,140,104,98,98,420,154,61,80,932
"COG1527",348,391,247,153,351,409,391,710,574,1123
"COG1528",183,1278,1002,1368,1151,1653,1510,1231,2898,1039
"COG1529",1855,1718,2220,911,1447,2998,1959,1927,2636,11069
"COG1530",3334,2907,1986,3780,2538,2054,1964,2328,2322,2931
"COG1533",781,1718,2533,3616,2577,2875,2896,3605,2676,939
"COG1534",273,263,464,74,325,301,378,515,222,655
"COG1535",0,23,10,37,8,9,6,1,11,690
"COG1536",185,240,571,96,203,124,362,310,148,1110
"COG1538",13721,19677,15096,20878,15889,18316,17572,11560,19848,4016
"COG1539",1361,986,751,1342,1112,882,863,918,1127,897
"COG1540",84,71,121,94,111,139,139,117,98,555
"COG1541",920,2629,3413,733,2398,906,1084,811,1409,727
"COG1543",17,0,0,0,57,0,0,528,0,0
"COG1544",482,524,739,509,647,472,595,1365,665,1294
"COG1545",1,0,0,0,3,0,0,0,0,0
"COG1546",1058,1320,1231,1591,1498,1373,1339,1443,1179,1087
"COG1550",1,3,2,0,0,4,1,0,6,23
"COG1551",37,66,174,18,73,69,99,131,29,296
"COG1553",3,27,17,74,7,59,5,1,13,548
"COG1554",348,1155,928,128,1148,622,1860,931,1421,1646
"COG1555",2000,1317,1056,2519,1051,1079,1105,1509,1318,396
"COG1556",27,241,295,221,221,358,231,409,439,611
"COG1558",79,145,254,52,105,97,188,143,79,569
"COG1559",2322,1923,1456,2649,1757,1605,1537,1944,1545,663
"COG1560",2069,1268,979,2248,1659,996,1079,1056,1479,1972
"COG1561",2216,1960,1868,2735,2470,1789,1954,2183,1995,926
"COG1562",0,0,0,0,258,1,0,0,1,0
"COG1564",348,1014,1286,1846,605,1491,1320,1042,1520,242
"COG1565",0,0,0,1,125,0,0,0,0,0
"COG1566",1893,1662,1084,1854,1850,1027,1152,2341,2531,5574
"COG1567",57,24,44,20,44,0,165,208,51,0
"COG1568",12,279,69,0,176,1,0,70,0,0
"COG1569",2,2,57,0,4,23,7,1,3,0
"COG1570",2258,2471,2660,3532,2618,3083,2828,2823,2918,1492
"COG1573",340,878,840,286,1054,1073,961,1085,1093,118
"COG1574",479,693,813,390,308,666,440,560,1076,1249
"COG1575",1102,1368,1116,1671,1558,763,1168,714,1517,931
"COG1576",1145,1208,1260,1517,1429,1285,1150,1544,1395,670
"COG1577",7,2,9,39,2,7,9,9,0,18
"COG1578",20,47,26,12,10,24,7,58,21,3
"COG1579",1688,1179,443,1869,1444,560,734,633,1143,8
"COG1580",0,7,3,28,1,10,5,0,8,308
"COG1582",11,23,68,4,20,43,51,54,35,85
"COG1583",438,61,320,836,57,5,17,155,0,0
"COG1584",5,25,31,81,22,35,43,13,67,651
"COG1585",301,252,406,99,375,364,472,760,200,536
"COG1586",42,25,58,130,16,130,211,364,94,904
"COG1587",587,331,643,316,621,726,581,850,616,1557
"COG1589",78,183,158,135,241,139,120,430,121,846
"COG1592",3421,2986,2775,3037,2870,1050,946,1077,1086,538
"COG1593",2176,2310,2033,1197,1792,6341,2659,1832,4380,11510
"COG1595",12105,17764,18901,14420,17503,15919,16904,15429,21068,3321
"COG1596",4584,4311,2917,5712,4254,2893,3595,2428,4330,2016
"COG1597",3423,3559,2682,5423,3428,2636,3272,3275,3697,1762
"COG1598",137,209,45,154,245,551,171,370,205,544
"COG1600",104,439,268,629,328,292,204,179,112,1121
"COG1604",0,2,0,0,0,0,6,1,0,0
"COG1605",368,389,712,280,841,1144,744,622,323,1794
"COG1606",437,228,181,189,309,309,151,304,442,289
"COG1607",109,91,197,103,154,227,167,179,240,440
"COG1609",13859,11589,10671,9803,9363,8624,11735,11251,9616,30725
"COG1610",377,855,939,312,856,1089,955,1153,1329,300
"COG1611",1017,1563,1743,1898,1727,2192,1583,1653,2019,911
"COG1613",220,159,533,133,238,302,324,386,188,1042
"COG1614",141,56,75,53,130,136,108,120,72,1
"COG1615",75,24,4,87,157,1,9,901,14,0
"COG1618",14,6,21,14,44,41,18,31,43,3
"COG1619",707,954,1121,167,867,668,1073,1191,1028,887
"COG1620",1486,1215,556,2570,874,326,515,308,623,1577
"COG1621",8623,5296,3694,4800,4591,3854,3412,4881,3721,5901
"COG1622",1,27,9,72,4,6,5,1,3,326
"COG1623",20,5,13,9,68,26,2,421,32,0
"COG1624",2303,1978,1748,2447,2326,1577,1914,2487,1616,494
"COG1625",820,483,662,150,692,1067,764,921,493,716
"COG1626",94,1094,1395,1023,1334,735,2002,519,1115,2179
"COG1629",12266,11827,9317,20123,9970,10550,9691,5408,11029,14013
"COG1633",15,8,16,14,184,39,74,63,14,510
"COG1635",21,80,150,2050,16,129,32,77,50,1
"COG1636",1114,1085,1083,1233,1209,1215,1176,1566,1293,294
"COG1637",22,3,2,35,5,0,0,2,8,0
"COG1638",1899,2055,1900,719,1229,5135,2077,1363,3025,10087
"COG1640",5531,4674,4632,7032,4614,5199,5206,4570,4509,3286
"COG1641",391,262,205,225,392,388,350,296,455,213
"COG1643",1885,1004,211,4434,2070,322,30,60,140,3961
"COG1647",45,127,29,18,80,19,27,218,61,5
"COG1648",374,149,438,201,235,325,283,398,339,1124
"COG1649",5263,5690,4647,7989,5938,5966,5528,4723,7443,802
"COG1651",64,139,228,209,42,38,24,28,53,404
"COG1652",304,174,72,95,73,342,125,110,205,180
"COG1653",8060,8445,10124,2342,8068,3230,3674,4617,2803,6717
"COG1654",670,532,951,248,691,1038,882,1073,512,1105
"COG1655",127,228,399,20,177,39,80,64,38,0
"COG1657",0,17,0,0,0,0,2,2,0,1
"COG1658",255,207,291,66,182,502,288,342,100,18
"COG1659",2,2,12,31,1,28,35,7,95,0
"COG1660",2410,1988,2288,3809,2035,2124,2006,2231,2336,1528
"COG1661",88,110,53,52,94,84,285,413,567,174
"COG1662",13,342,90,387,79,101,63,11,285,11117
"COG1663",2491,2007,1373,3038,1772,1832,1393,666,1796,727
"COG1664",22,137,204,57,310,114,76,26,94,9
"COG1666",130,33,30,55,71,63,18,71,50,350
"COG1668",256,534,1376,193,564,301,812,1720,291,262
"COG1669",1166,800,742,1524,468,505,365,177,929,7
"COG1670",2698,3719,4759,2376,3931,4649,3950,3728,5268,6094
"COG1671",354,217,635,77,366,345,384,389,153,683
"COG1672",34040,17662,4183,7053,11313,3180,3810,1686,4096,260
"COG1674",5996,4464,5299,5853,5230,4277,4827,6359,2728,3644
"COG1677",66,105,319,18,107,73,177,129,75,376
"COG1678",45,585,512,129,483,447,632,273,886,820
"COG1679",24,119,90,1,185,6,36,101,31,410
"COG1680",2377,4858,5193,4277,4790,3983,5062,4082,5472,3533
"COG1682",860,725,1615,308,938,1417,1550,2112,1029,1459
"COG1683",207,300,235,179,228,390,270,368,270,109
"COG1684",110,157,397,72,124,121,303,206,107,879
"COG1686",3603,2612,4266,1057,3715,5559,4517,6923,3234,5919
"COG1687",164,194,325,102,117,50,92,68,106,61
"COG1688",151,0,0,349,0,0,0,13,0,0
"COG1690",1420,451,824,182,526,195,398,1246,449,2120
"COG1691",489,167,170,131,214,307,145,290,349,246
"COG1692",182,88,166,8,389,34,197,686,88,21
"COG1694",676,1288,1298,1748,1126,1395,1500,1908,1766,634
"COG1695",630,950,1650,394,1132,1257,1484,2328,1340,1890
"COG1696",3605,3875,5480,1634,4194,3603,5272,5002,3015,2071
"COG1699",108,157,230,13,111,76,199,167,74,202
"COG1700",1780,262,5,4013,622,106,11,309,49,0
"COG1702",2442,2102,2069,2776,2143,531,612,783,599,641
"COG1703",520,1252,881,505,1149,1148,1407,1068,1843,776
"COG1704",968,1392,1054,1243,1023,1213,1300,1439,1292,246
"COG1705",1893,3913,1852,4691,1994,2461,2158,1258,4724,1025
"COG1706",0,24,4,35,8,13,3,1,20,718
"COG1708",50,381,345,113,134,170,189,272,264,175
"COG1712",150,353,673,63,237,898,433,111,630,279
"COG1713",511,383,764,118,505,639,711,994,338,321
"COG1714",16,268,242,24,299,15,71,36,119,2
"COG1715",239,200,298,16,386,20,347,493,45,326
"COG1716",386,57,917,109,638,5,280,528,96,278
"COG1719",0,3,5,0,0,3,0,0,1,25
"COG1720",1585,719,554,1414,1082,427,474,496,126,695
"COG1721",1686,2356,1893,1988,2251,1008,1717,1291,1798,14
"COG1722",9,62,37,61,58,38,40,219,69,252
"COG1724",10,15,0,5,16,11,47,91,12,1
"COG1725",1740,1554,1976,1381,1715,1471,2041,2419,1306,1965
"COG1726",1838,1834,1052,2522,1416,1083,1134,1012,1422,2
"COG1728",114,108,225,8,88,81,157,157,64,0
"COG1729",10,64,77,77,16,26,1,8,12,203
"COG1732",235,205,251,166,124,99,142,224,238,740
"COG1733",1048,1121,1475,1425,1026,1411,1495,1672,1478,1312
"COG1734",149,158,133,86,161,153,87,52,75,824
"COG1735",27,82,47,98,33,49,38,140,44,1751
"COG1737",1542,1276,1187,874,1255,1707,1647,2565,1842,6691
"COG1738",1315,977,614,1269,893,677,671,626,950,308
"COG1739",1693,1507,1253,1550,1508,1429,1522,1825,1710,1155
"COG1740",305,155,177,161,346,207,40,144,124,1140
"COG1741",76,930,860,189,546,985,1066,134,1724,1265
"COG1742",1,6,4,25,3,9,11,7,2,246
"COG1743",38,1593,0,353,114,2,61,546,0,0
"COG1744",1574,1290,2276,399,1744,2371,2463,2243,2631,2514
"COG1747",0,0,0,0,289,0,0,0,0,0
"COG1748",2574,2309,2290,2828,2695,2463,2775,2031,2100,652
"COG1749",139,343,733,34,247,182,510,423,135,629
"COG1751",1,0,7,0,2,0,0,1,0,0
"COG1752",2674,5217,4194,678,4048,3773,3813,2949,4404,1270
"COG1754",5550,3847,2031,6141,3729,2604,2392,1955,2637,11
"COG1755",0,1,16,3,0,13,0,0,4,0
"COG1757",9382,7350,4604,4775,5410,6225,5094,4574,6546,2997
"COG1758",7,9,12,16,5,34,8,79,45,326
"COG1760",2908,2547,2712,3353,2542,2796,2461,2148,2524,3027
"COG1762",2879,1637,2059,1383,1835,2364,2704,5047,1816,12225
"COG1763",243,187,230,92,142,570,288,139,276,906
"COG1764",2,4,2,27,0,14,5,5,8,377
"COG1765",7,108,80,69,29,59,28,6,48,594
"COG1766",144,312,411,82,179,72,284,266,129,1186
"COG1767",153,229,69,168,33,618,178,72,393,774
"COG1768",108,69,115,28,154,459,343,828,206,94
"COG1770",17,26,15,122,15,18,9,6,16,1146
"COG1773",427,417,372,474,405,678,546,566,425,1374
"COG1774",1325,1885,1971,3065,1764,2371,2167,2451,1889,730
"COG1775",568,495,745,367,355,680,651,1055,761,1906
"COG1776",206,442,645,67,299,233,521,530,136,623
"COG1778",1055,1236,717,1547,978,745,993,591,1269,771
"COG1780",13,24,8,47,23,11,4,13,26,236
"COG1781",1055,1177,970,1398,1031,879,883,1009,1202,788
"COG1782",58,9,163,0,10,70,0,6,0,0
"COG1783",484,514,755,201,1234,238,549,1992,7056,61
"COG1785",662,2055,2067,1254,1823,2785,2226,1611,2494,1158
"COG1786",0,8,1,0,17,0,0,3,1,58
"COG1787",28,35,46,1,22,1,165,77,22,2
"COG1788",49,115,100,134,128,29,69,40,65,220
"COG1791",0,0,3,3,0,0,0,0,0,0
"COG1792",996,786,584,872,938,2107,2024,2427,2214,948
"COG1793",16,15,72,118,26,45,85,287,38,403
"COG1794",99,179,433,173,118,138,177,80,309,1444
"COG1797",875,1120,1598,394,1130,1657,1276,1778,1577,363
"COG1799",517,370,641,179,500,589,551,918,397,231
"COG1801",5,55,60,74,8,17,3,22,47,520
"COG1802",2000,1390,2286,692,1489,833,635,714,750,2085
"COG1803",569,1185,1255,223,954,1634,1404,1142,2486,975
"COG1804",274,418,262,618,253,487,411,611,864,3916
"COG1805",1223,1529,882,2005,1363,1118,1013,615,1241,4
"COG1806",66,81,82,110,38,158,19,42,79,461
"COG1807",2476,2149,1467,441,2552,1926,1835,977,3276,1016
"COG1808",297,1351,1259,300,972,1432,1587,1481,1699,9
"COG1811",267,271,258,735,163,305,264,247,548,1200
"COG1814",16,230,257,58,23,148,57,11,136,5
"COG1815",76,126,180,51,105,68,165,161,102,570
"COG1816",230,296,363,173,138,126,129,112,113,301
"COG1817",1,102,58,16,40,334,190,17,624,0
"COG1819",547,728,753,1799,637,839,453,972,865,140
"COG1820",1256,2152,2619,2601,1930,4020,3200,2595,4025,2936
"COG1823",128,62,35,74,97,130,36,70,39,978
"COG1825",1154,1270,768,1481,1393,1080,1009,817,1502,210
"COG1826",78,80,83,150,77,100,21,100,65,1471
"COG1827",528,299,533,79,265,530,542,484,396,347
"COG1830",134,1397,1486,301,578,1665,1126,356,2275,1371
"COG1832",3,19,18,37,7,14,8,9,12,299
"COG1834",32,58,145,7,35,220,41,88,186,5
"COG1835",467,1631,1328,1187,2556,1305,1773,1789,2246,731
"COG1837",296,184,358,62,281,112,117,196,70,59
"COG1838",3429,3068,2105,4538,2933,2654,2336,2245,2101,2578
"COG1840",837,823,684,464,530,1947,524,659,1545,2241
"COG1841",141,133,185,94,128,157,172,254,166,339
"COG1842",113,128,419,79,130,58,82,123,57,425
"COG1843",97,213,406,79,155,124,310,238,98,665
"COG1845",0,22,9,61,3,12,4,3,7,648
"COG1846",1624,2451,2847,1549,2166,3060,2935,3538,3622,4269
"COG1847",750,545,854,254,851,970,854,1414,555,594
"COG1850",70,73,10,3,2,99,10,17,6,258
"COG1852",43,61,28,37,49,22,29,61,82,0
"COG1853",2963,2659,2620,1747,3465,2415,2381,3653,2417,1620
"COG1854",1327,909,608,850,1122,920,925,1044,1001,894
"COG1857",130,2,151,0,14,79,48,134,12,0
"COG1858",15,191,214,117,139,453,142,778,284,1424
"COG1859",43,50,176,40,20,39,111,147,121,816
"COG1861",18,83,282,14,36,224,423,32,141,4
"COG1862",862,747,590,793,1005,865,771,845,987,403
"COG1863",2,68,38,48,10,23,41,34,65,133
"COG1864",586,608,353,835,504,1110,1950,1210,1641,1
"COG1865",85,47,61,96,32,182,50,55,115,0
"COG1866",5255,3966,3504,4276,3922,4671,3377,3095,3240,1914
"COG1868",179,223,601,89,200,172,398,359,149,978
"COG1869",65,87,47,92,41,164,50,31,189,1121
"COG1871",77,155,251,19,97,56,151,155,75,122
"COG1872",10,11,36,20,70,10,0,7,5,386
"COG1873",138,105,373,29,270,194,248,582,76,170
"COG1874",1145,1624,2039,778,1601,4675,5374,5821,6109,967
"COG1875",156,745,882,150,628,627,824,290,891,305
"COG1876",565,725,1497,79,788,1173,1518,2733,186,625
"COG1877",33,298,329,42,208,582,677,253,1239,743
"COG1878",264,247,478,70,290,466,306,289,368,446
"COG1879",8967,7137,5774,9847,5856,7170,5113,6175,6280,15332
"COG1881",19,66,81,80,23,94,16,32,26,559
"COG1882",6513,6403,5704,7103,5210,8260,6771,6364,6544,9589
"COG1883",3051,4038,4109,2782,3983,4062,4665,3556,4673,981
"COG1884",1354,3448,3387,1470,3525,4064,4045,3208,4888,1050
"COG1886",65,214,354,90,138,72,194,235,50,2097
"COG1887",1048,1814,2490,2600,2784,382,2114,2628,852,296
"COG1892",0,0,0,0,1,3,0,5,0,0
"COG1893",1283,1690,1996,628,1803,3460,2181,1601,2529,1018
"COG1894",890,1674,1744,404,1370,1650,1413,1360,1961,2347
"COG1895",279,205,700,903,703,382,484,170,726,88
"COG1896",709,594,1200,243,733,965,865,1218,582,2270
"COG1897",2471,1844,1680,2259,1982,1527,1795,2095,1415,1306
"COG1898",821,1100,662,1324,1035,1613,2493,2108,2843,707
"COG1899",0,9,48,0,11,0,10,6,2,0
"COG1900",5,46,35,1,21,0,6,15,1,0
"COG1902",1557,2696,2140,1239,2121,3649,2894,3085,2942,4719
"COG1903",790,1255,1918,248,1366,2069,1493,846,2191,301
"COG1904",2947,2639,2109,2895,2514,2883,2418,1642,2643,1395
"COG1905",176,476,447,102,506,510,448,533,750,1353
"COG1906",39,89,104,137,53,209,70,40,424,405
"COG1908",53,64,67,10,46,53,83,124,114,0
"COG1910",56,46,125,21,57,140,56,89,42,0
"COG1912",2,7,7,71,6,16,4,18,6,118
"COG1913",254,0,4,221,390,0,6,0,9,0
"COG1914",460,1130,1094,660,721,1349,1663,1244,1579,1583
"COG1915",17,91,41,28,91,45,42,42,91,339
"COG1917",1581,1860,2007,1321,2208,2633,1994,1745,3058,269
"COG1918",3265,3354,2591,5316,3648,3190,3817,3665,3444,1012
"COG1921",87,175,97,163,81,49,19,33,63,592
"COG1922",614,909,894,1541,2008,1346,1140,1352,1654,990
"COG1923",56,59,105,70,66,90,84,198,55,486
"COG1924",5358,3189,4185,1182,5250,5057,3560,5551,2435,2459
"COG1925",825,769,1077,462,725,952,1091,1312,627,5968
"COG1928",127,359,282,1,304,46,209,358,23,0
"COG1929",1939,1422,1187,2384,1273,1181,1321,1257,1993,2304
"COG1930",3,10,11,2,0,4,0,0,12,0
"COG1932",739,703,702,894,762,2411,2359,2264,2267,1393
"COG1934",6,46,58,91,20,70,3,13,61,594
"COG1937",438,299,448,204,441,498,811,792,451,940
"COG1939",493,365,592,136,462,541,602,862,427,293
"COG1940",1514,1979,2140,1394,2646,5440,6666,7035,6803,8612
"COG1941",3,0,1,0,0,0,1,0,0,0
"COG1942",2,9,13,16,12,15,3,11,4,231
"COG1943",966,811,1187,435,1713,812,1590,3679,1387,2465
"COG1944",0,34,243,142,9,93,1,24,16,760
"COG1945",1,17,10,0,1,3,1,3,0,0
"COG1946",21,16,11,66,0,53,2,6,20,520
"COG1947",2349,1821,1680,2082,1908,1466,1698,1722,1461,1069
"COG1949",21,52,43,118,9,41,5,27,56,709
"COG1950",15,1,5,5,8,1,1,38,0,2
"COG1951",3989,3388,2711,4586,3344,2966,2595,2504,2381,3388
"COG1952",8,48,94,95,12,92,9,69,54,787
"COG1953",10,139,32,66,25,31,15,7,101,1388
"COG1954",110,101,116,67,166,74,231,139,120,848
"COG1956",152,449,376,352,654,315,554,379,614,516
"COG1957",228,259,314,262,254,405,190,733,703,4749
"COG1959",1151,1003,1436,475,1402,2149,1563,2197,925,2371
"COG1960",3316,3392,2347,4381,3231,1275,1222,750,1224,1772
"COG1961",13503,15926,24130,4758,17851,26856,28377,32555,9610,11719
"COG1963",157,193,151,29,241,137,147,425,178,143
"COG1964",77,32,71,32,28,118,47,41,48,0
"COG1965",2,24,37,34,9,39,4,13,23,394
"COG1966",4878,3870,3744,4070,4135,4301,3649,3317,2664,3906
"COG1968",2737,2114,1783,2449,2503,2038,2271,2716,1951,1294
"COG1969",239,65,124,85,332,107,23,90,71,624
"COG1970",765,769,702,1119,758,272,228,287,296,82
"COG1971",660,1048,1098,315,1027,1413,1185,1986,1261,790
"COG1972",195,225,201,241,114,308,55,91,105,2163
"COG1974",1284,1064,1396,753,1119,1409,1291,2165,626,3767
"COG1975",1200,715,747,240,823,1425,819,1006,784,2852
"COG1977",3,22,18,29,1,24,1,10,25,167
"COG1979",1125,2608,2319,1192,1607,3553,2187,1610,3806,2365
"COG1982",2233,1730,2530,1316,1514,3201,2041,2611,1818,8726
"COG1983",55,347,337,120,259,599,422,348,569,203
"COG1984",185,58,141,127,143,149,164,146,136,711
"COG1985",3297,2330,2033,2211,2644,1977,1826,1787,2256,1061
"COG1986",6,18,5,34,5,9,3,92,5,542
"COG1987",56,112,220,39,83,49,177,128,44,336
"COG1988",24,71,120,81,74,66,37,224,209,957
"COG1989",282,216,753,175,490,222,415,1125,287,1194
"COG1990",77,34,61,0,56,186,111,72,0,0
"COG1992",42,41,4,1,19,6,27,23,16,0
"COG1993",3,4,13,23,20,16,21,5,53,0
"COG1994",293,222,331,62,597,322,413,1038,183,6
"COG1995",2126,1905,1057,3346,1637,2133,1759,1469,1998,1344
"COG2000",118,142,127,27,233,231,160,338,151,650
"COG2001",370,713,924,227,706,730,1083,1097,1235,990
"COG2002",478,453,1058,122,647,604,686,1517,470,666
"COG2003",2582,1924,1717,1815,2475,2434,2007,2444,2213,3089
"COG2005",33,105,157,110,51,160,34,67,219,1098
"COG2006",483,487,435,49,473,314,255,549,264,208
"COG2008",2846,2374,1872,654,1467,2447,1650,1464,2272,1410
"COG2009",126,79,82,56,59,36,4,59,38,453
"COG2010",1,21,6,10,312,1,0,1,0,0
"COG2011",585,477,573,310,583,702,575,557,470,1178
"COG2013",253,278,634,86,183,297,406,679,236,336
"COG2014",0,1,1,0,3,0,0,0,0,8
"COG2015",527,2353,145,232,631,937,386,528,195,1235
"COG2017",7302,6897,6689,5272,7438,6118,5980,5592,5918,3317
"COG2020",20,37,161,2,85,18,19,72,3,0
"COG2021",18,145,68,3,259,29,88,17,1,3
"COG2022",811,1025,983,397,1060,964,1167,804,1402,706
"COG2025",2394,2434,1779,2690,2592,2524,2619,2410,2131,2633
"COG2026",36,31,66,100,58,79,21,145,15,149
"COG2027",303,880,1166,2685,628,1372,832,885,1201,1370
"COG2030",1029,988,665,1396,1026,747,958,696,1419,429
"COG2031",21,133,84,131,28,66,55,57,261,767
"COG2032",11,88,13,36,80,76,18,30,64,1521
"COG2033",841,286,199,446,385,374,156,357,178,256
"COG2035",196,429,632,252,481,349,420,1559,367,561
"COG2038",1177,1346,1508,499,1515,2302,1908,1266,2061,1184
"COG2039",107,50,155,99,83,33,12,55,102,13
"COG2040",69,45,107,82,19,145,39,33,227,61
"COG2041",22,27,19,64,4,9,5,4,13,625
"COG2043",2,16,77,1,16,15,9,56,88,0
"COG2045",8,35,7,15,19,69,19,30,28,157
"COG2046",0,13,7,0,0,0,0,4,19,0
"COG2048",89,232,157,32,130,94,205,203,63,2
"COG2049",168,56,171,104,93,137,143,118,118,683
"COG2050",1236,1535,1077,1473,1196,1267,1605,1350,2017,2004
"COG2052",178,136,143,30,252,267,202,289,79,2
"COG2055",317,218,155,310,262,844,204,263,593,2893
"COG2056",35,12,100,14,29,81,16,20,82,374
"COG2057",63,108,87,83,126,73,166,111,152,611
"COG2059",5112,3281,3015,4898,3384,4266,3001,2312,3648,1308
"COG2060",927,1608,2060,727,3122,2276,2234,1373,2758,1775
"COG2062",68,34,7,55,5,60,1,3,13,280
"COG2063",1,26,5,27,5,6,1,2,11,450
"COG2064",57,68,6,0,5,57,11,26,2,0
"COG2065",136,50,69,59,254,76,102,221,77,5
"COG2066",189,1454,1377,905,940,1446,1497,255,2087,1545
"COG2067",1157,623,256,1118,1276,186,362,746,368,672
"COG2068",267,212,157,111,153,334,169,285,546,872
"COG2069",70,31,40,22,62,61,100,81,46,0
"COG2070",1680,2516,3266,821,2113,3622,3251,2251,2884,1275
"COG2071",3766,2565,1485,5570,2505,1788,1217,1768,2073,1200
"COG2072",0,0,3,14,0,0,0,0,0,0
"COG2073",633,983,1465,242,904,2151,1212,760,1593,348
"COG2076",707,261,232,1039,390,170,102,349,163,1956
"COG2077",104,665,623,282,576,557,622,635,989,485
"COG2078",1168,1403,20,16,3,90,4,13,39,300
"COG2079",91,360,112,220,41,267,95,49,465,1231
"COG2080",742,758,897,422,512,1503,627,666,1254,5458
"COG2081",2065,1743,2004,1002,1928,2294,2064,2834,1085,2106
"COG2082",477,703,817,92,582,879,729,512,656,241
"COG2084",167,144,112,134,150,538,440,419,696,4125
"COG2085",112,4,17,4,1,107,8,7,76,0
"COG2086",2327,2318,1615,2530,1932,2349,2008,1866,2243,1943
"COG2087",411,726,804,249,729,1109,823,774,1028,685
"COG2088",570,560,976,188,507,748,948,951,320,596
"COG2089",149,975,937,186,672,1312,1206,399,905,9
"COG2091",245,224,540,225,167,162,530,373,174,1801
"COG2094",43,28,26,2,21,53,69,76,22,3
"COG2095",150,1442,1400,603,905,1668,1494,1336,2937,1660
"COG2096",332,824,1002,716,877,1244,967,847,1542,141
"COG2099",205,442,573,95,419,2201,1493,807,2212,341
"COG2102",57,71,6,0,175,2,108,38,0,0
"COG2103",723,721,600,254,973,670,971,245,1030,581
"COG2104",7,15,8,23,2,6,3,12,11,295
"COG2105",0,10,4,38,6,6,5,7,13,550
"COG2107",27,90,43,1,46,0,71,11,9,0
"COG2108",12,3,28,57,20,29,29,142,28,2
"COG2109",234,144,138,73,165,629,620,630,495,798
"COG2110",1068,876,1497,117,1041,784,1022,1505,631,767
"COG2111",15,60,41,70,53,29,61,138,114,233
"COG2113",40,428,520,158,158,858,530,41,995,707
"COG2114",10,8,52,8,30,4,44,22,3,166
"COG2115",132,768,798,550,865,1243,1038,1235,1674,1289
"COG2116",280,510,615,318,359,468,393,637,465,3020
"COG2119",172,128,121,42,143,105,88,270,87,2
"COG2120",23,405,160,80,493,266,372,288,121,574
"COG2121",1,7,4,6,138,54,2,44,36,239
"COG2122",2,31,33,2,18,1,6,15,0,0
"COG2127",803,292,83,988,463,38,60,144,146,368
"COG2128",5,61,22,129,16,42,18,18,14,561
"COG2129",325,190,479,110,224,437,347,541,210,80
"COG2130",0,14,4,55,2,7,5,0,12,524
"COG2131",1821,1498,1116,1887,1661,423,515,643,528,131
"COG2132",12,65,43,125,416,76,17,9,20,1736
"COG2133",2,29,17,57,4,8,3,2,58,639
"COG2134",1,13,11,37,3,11,7,0,10,888
"COG2135",68,306,117,57,92,104,80,81,219,489
"COG2137",97,119,374,126,219,137,223,444,299,502
"COG2140",27,381,125,31,660,76,379,178,493,17
"COG2141",10,69,42,213,15,77,11,6,26,2198
"COG2142",1,4,2,12,2,4,2,1,4,422
"COG2143",0,0,0,0,0,0,0,7,0,0
"COG2145",1652,446,645,272,924,1149,750,792,550,930
"COG2146",3,22,5,76,6,12,13,1,17,812
"COG2148",5456,5860,6282,4573,5293,5966,6974,5506,7630,3699
"COG2149",2,18,4,42,7,8,5,0,8,555
"COG2151",959,629,334,1039,854,486,431,509,744,384
"COG2152",2097,3219,3231,2566,3406,3075,3340,2339,3846,433
"COG2153",46,55,66,59,63,73,107,58,56,505
"COG2155",34,25,46,6,36,92,152,332,84,98
"COG2156",361,504,556,278,1131,628,617,494,966,812
"COG2158",80,31,35,14,40,58,70,140,44,0
"COG2159",207,110,164,59,345,941,411,635,676,942
"COG2160",3080,2737,1370,651,2735,1916,2041,1535,2333,1373
"COG2161",88,103,21,24,180,90,107,86,87,706
"COG2162",4,47,30,73,24,22,47,41,43,544
"COG2163",5,1,3,0,20,0,1,32,6,0
"COG2165",14,56,70,178,16,77,61,29,83,1621
"COG2166",1028,1066,600,1508,1023,953,784,535,1144,795
"COG2168",3,14,5,33,5,19,9,0,12,448
"COG2169",69,311,360,130,103,572,138,46,140,578
"COG2170",0,5,7,48,2,14,4,0,7,632
"COG2171",95,217,118,128,122,113,150,71,45,656
"COG2172",358,435,772,122,613,569,564,984,578,586
"COG2173",72,698,884,147,792,817,834,177,972,361
"COG2175",2,18,8,37,11,5,4,3,12,534
"COG2176",6059,2046,4263,1786,3347,3542,4359,6521,2058,1596
"COG2177",2366,2108,1918,2376,2408,1534,2155,2591,1825,1780
"COG2179",367,294,539,98,307,546,564,1057,253,348
"COG2180",3,30,26,74,8,70,4,10,38,620
"COG2181",4,61,46,90,9,53,9,15,58,561
"COG2182",673,1030,1400,257,1088,533,1341,1332,437,1313
"COG2183",5795,4048,3893,2273,4393,3056,3641,4532,4044,2854
"COG2184",1884,971,548,2665,652,615,413,938,368,599
"COG2185",949,3282,2587,1184,3129,3235,3329,2963,4262,1026
"COG2186",1157,1372,1821,881,1033,1374,1477,1514,1295,9141
"COG2188",1159,1217,1162,854,955,2597,1113,2060,1805,6957
"COG2189",4662,3163,1381,2706,3882,1632,761,1524,625,6
"COG2190",1154,1159,1775,997,1000,2165,1589,2336,1222,6752
"COG2191",14,38,23,0,15,1,6,15,6,5
"COG2192",3,222,18,65,44,183,16,32,32,5
"COG2193",45,355,349,62,208,265,326,45,493,766
"COG2194",3181,3752,1578,7111,2151,2272,1836,994,2553,7430
"COG2195",9083,7509,6481,10909,7675,5605,6368,5648,6802,4826
"COG2197",4116,7621,9839,6351,5710,5974,9674,6649,8170,6801
"COG2198",38,303,146,577,56,249,165,60,182,7269
"COG2199",3974,4385,8886,2608,3513,2990,6549,8635,3169,25955
"COG2200",1653,1845,5731,1468,1445,1368,3029,3847,1433,20567
"COG2201",125,359,637,82,239,281,525,476,195,676
"COG2202",119,1096,1387,681,211,1002,693,281,993,10313
"COG2203",56,32,94,70,71,39,27,411,60,787
"COG2204",8659,10947,10981,13499,16107,4040,4096,1893,4817,1613
"COG2205",3589,2808,3063,989,3852,3456,3213,2890,3158,4031
"COG2206",1952,1896,2346,312,1513,999,2305,2702,1068,1244
"COG2207",29120,44452,50814,35512,37084,43352,43407,42780,46766,29230
"COG2208",899,786,1097,229,1402,977,1081,2052,1085,996
"COG2209",1087,893,507,1201,838,861,712,532,578,3
"COG2210",155,1866,1544,1997,934,2368,1713,1476,2550,92
"COG2211",7308,4412,5877,3365,6918,5507,6392,5980,3485,9824
"COG2212",1,4,4,0,12,1,3,39,1,24
"COG2213",547,300,89,260,328,114,159,423,63,2635
"COG2214",766,1097,1257,1579,1045,1131,1106,1616,1356,962
"COG2215",0,16,11,27,6,37,1,1,3,314
"COG2216",1063,1646,1677,966,3580,1838,2132,1527,2522,2069
"COG2217",7913,8224,10138,7367,9693,10167,13344,9994,10691,7019
"COG2220",2657,3042,2195,6179,4176,2496,3198,4106,4165,797
"COG2221",374,238,681,147,274,295,401,619,283,380
"COG2222",556,514,551,357,271,2098,448,505,599,3245
"COG2223",5,42,25,109,7,95,4,2,27,1319
"COG2224",0,37,6,69,8,20,10,0,12,1080
"COG2225",4,93,18,221,12,47,19,3,21,1291
"COG2226",1173,1210,911,1887,1014,1079,845,899,1237,843
"COG2227",13,329,63,31,240,160,219,124,357,141
"COG2230",502,150,301,189,180,228,124,552,133,1429
"COG2231",5,2,4,35,0,8,0,7,46,0
"COG2233",6391,3823,3475,4344,3699,4411,3130,3857,3354,8324
"COG2234",730,2382,2598,1097,1960,3949,2532,1671,3949,1550
"COG2235",94,88,89,29,151,78,192,111,221,2469
"COG2236",6,11,34,6,3,5,0,11,9,0
"COG2239",1543,1950,2998,784,2368,3324,3451,3233,2665,1139
"COG2240",1714,1713,1810,1657,1703,1895,1436,1501,1442,1929
"COG2241",575,1109,1583,266,1029,2166,1360,841,1915,480
"COG2242",595,1094,1399,253,1020,2116,1320,797,1858,325
"COG2243",454,651,943,172,534,1134,672,495,1087,328
"COG2244",8721,12334,9659,8717,10128,8051,11682,10942,10313,5646
"COG2246",338,251,387,84,411,329,447,879,170,162
"COG2247",53,0,0,0,1,0,0,0,0,0
"COG2249",85,450,442,294,309,389,383,131,834,2138
"COG2250",2,2,6,0,3,0,5,5,0,0
"COG2252",1328,1156,1689,4139,1856,1744,1655,2797,1227,6599
"COG2253",167,26,0,1516,217,43,1,0,0,1
"COG2255",2554,2275,2174,2717,2773,2147,2395,2619,1971,1091
"COG2256",3200,2752,2622,2764,3313,2380,2719,3357,2385,2088
"COG2257",34,94,207,10,80,64,115,107,65,189
"COG2258",492,295,364,132,321,809,446,362,312,975
"COG2259",17,134,138,21,88,468,408,91,697,667
"COG2261",4,9,6,30,1,7,3,8,3,332
"COG2262",3008,2679,2498,3694,3059,2587,2684,2359,2540,2091
"COG2264",1380,1768,2075,2393,1815,2110,2089,2036,2081,1381
"COG2265",4190,3325,4084,4337,3831,3772,3725,4422,3184,4605
"COG2267",838,792,1159,349,831,1105,1010,1391,468,2748
"COG2268",262,938,1848,942,689,227,926,666,693,1963
"COG2269",2,28,14,83,5,47,12,4,18,1227
"COG2270",572,334,581,66,448,837,512,421,153,407
"COG2271",36,522,308,171,804,784,2243,850,1881,3440
"COG2272",4564,2116,1109,2903,2843,271,246,385,215,20
"COG2273",879,519,501,2738,593,2065,1313,2136,1459,26
"COG2274",8038,5410,3878,6118,3628,3092,2910,2437,2211,876
"COG2301",312,325,227,756,81,792,526,204,489,945
"COG2302",613,420,818,132,606,735,642,1148,283,229
"COG2303",1,64,34,69,20,23,12,5,25,1414
"COG2304",1014,1073,1232,1572,1120,2000,3246,3141,3126,771
"COG2306",0,0,10,0,24,0,1,281,0,0
"COG2307",9,5,6,42,0,0,0,0,14,0
"COG2308",11,4,80,67,17,0,0,27,10,1
"COG2309",1126,687,1254,157,1039,1335,1239,1811,684,1369
"COG2310",205,123,164,55,116,223,45,98,82,0
"COG2311",2143,2590,1887,587,1779,1135,1454,1176,1426,712
"COG2312",13,140,33,225,3,20,50,43,71,1
"COG2313",30,94,46,87,52,11,21,102,16,335
"COG2314",16,32,37,26,33,24,4,102,28,61
"COG2315",790,1074,1470,918,1975,999,1447,1225,1707,831
"COG2316",332,162,202,101,253,269,241,345,288,232
"COG2317",229,187,318,34,245,488,217,134,191,503
"COG2318",0,0,3,9,0,0,0,0,0,0
"COG2319",467,274,98,61,6,111,57,269,93,2
"COG2320",25,90,116,43,40,30,54,56,49,173
"COG2321",6,28,12,75,6,85,1,8,34,745
"COG2323",125,116,175,29,175,557,508,1140,94,547
"COG2326",542,487,702,240,789,187,150,286,138,204
"COG2327",357,650,414,149,600,422,751,205,1160,42
"COG2329",2,14,15,41,0,122,2,3,61,0
"COG2331",7,13,6,27,5,17,0,6,24,0
"COG2332",4,38,41,66,8,59,3,6,28,400
"COG2333",2282,1112,1352,639,1409,1555,1791,3429,1396,2457
"COG2334",24,57,72,126,30,81,16,37,93,1258
"COG2335",0,162,4,0,20,0,0,14,0,0
"COG2336",2,16,1,24,4,10,7,3,9,976
"COG2337",997,924,2256,264,1067,5071,2018,2416,765,2882
"COG2339",82,82,45,6,416,8,69,357,16,0
"COG2340",164,127,360,28,262,38,328,393,83,251
"COG2342",0,0,0,0,0,0,0,0,0,0
"COG2344",689,1184,1425,327,1181,1794,1641,1693,1599,387
"COG2346",5,19,33,0,6,0,0,9,0,0
"COG2348",25,47,58,54,76,19,308,1136,694,16
"COG2350",0,31,71,14,8,21,5,4,4,210
"COG2351",10,17,6,108,67,4,2,247,3,431
"COG2352",22,13,12,99,4,117,28,33,69,1300
"COG2353",0,15,4,32,2,50,110,2,471,477
"COG2354",2,11,9,34,4,26,3,1,7,383
"COG2355",3868,2518,1660,5592,2705,2149,1548,2047,2056,1030
"COG2356",21,262,165,3020,171,53,64,347,51,558
"COG2357",1155,895,1313,399,865,1568,1326,2038,1297,1690
"COG2358",764,656,1038,158,637,1525,708,880,372,667
"COG2359",58,17,57,2,47,0,26,111,7,1
"COG2360",1324,697,350,1971,1064,88,162,162,316,494
"COG2361",249,250,334,533,565,353,179,380,196,4
"COG2362",42,99,31,4,25,42,18,59,67,579
"COG2363",1,24,4,28,1,39,1,3,7,466
"COG2364",257,333,325,209,297,1040,983,2246,1221,605
"COG2365",348,1023,1084,136,949,1465,1204,461,1245,123
"COG2366",6,24,0,0,7,190,0,49,157,0
"COG2367",2742,1676,1208,467,2595,1692,1820,1374,2897,2250
"COG2368",50,252,138,21,96,206,107,56,141,121
"COG2369",23,174,418,87,94,99,22,91,1695,34
"COG2371",23,56,140,32,55,45,79,105,51,0
"COG2372",2,12,5,20,3,4,6,1,3,417
"COG2373",5740,7378,5741,13026,5985,4918,4412,3352,4568,3405
"COG2374",23,415,473,65,64,769,216,75,760,2
"COG2375",2,15,11,40,5,8,3,0,6,579
"COG2376",889,484,595,503,380,612,493,713,583,3328
"COG2377",35,253,147,121,357,160,217,53,312,565
"COG2378",203,1138,768,726,765,628,834,585,1246,3430
"COG2379",296,155,544,18,528,693,487,274,65,264
"COG2382",3935,3071,1887,1521,2808,2079,1506,1474,3952,1667
"COG2384",488,367,573,145,323,409,479,782,416,342
"COG2385",558,599,800,221,684,3366,3182,3255,2766,1158
"COG2386",7,30,48,38,9,64,1,12,12,187
"COG2388",51,263,407,148,204,379,295,177,466,496
"COG2390",429,109,142,366,289,232,210,415,351,1067
"COG2391",10,71,16,111,17,133,14,7,19,1443
"COG2404",16,20,13,3,56,0,14,5,16,20
"COG2405",21,11,86,0,20,26,43,69,94,126
"COG2406",9,150,192,8,41,72,56,49,88,1
"COG2407",4694,4792,4119,4649,4329,3599,5133,3896,5394,4556
"COG2409",2,0,0,0,0,0,0,0,0,0
"COG2414",450,425,333,89,269,1200,784,187,59,1495
"COG2421",21,58,77,64,155,41,48,34,73,729
"COG2423",116,269,559,13,491,94,290,554,70,459
"COG2425",2589,1396,906,2642,1146,431,543,792,946,1417
"COG2426",20,34,25,24,83,0,6,89,8,0
"COG2431",1404,1552,1330,1433,1510,1640,1307,1395,2121,1023
"COG2440",4,41,7,44,1,12,4,0,14,656
"COG2452",89,59,124,60,22,355,369,346,884,0
"COG2453",1,30,2,20,11,9,0,1,12,797
"COG2454",1,5,1,0,0,3,0,0,0,0
"COG2461",63,283,520,941,88,133,270,308,95,335
"COG2501",263,228,370,81,207,325,334,491,226,438
"COG2502",2405,2068,1269,1889,1964,1773,1667,1471,1826,1373
"COG2503",1,7,1,12,2,48,0,4,17,1
"COG2508",1743,1532,1999,636,1526,1964,2238,3092,1487,2792
"COG2509",4018,3669,4420,3767,4193,4603,4201,4568,3709,1218
"COG2510",329,205,485,81,241,87,433,745,120,239
"COG2513",197,460,179,154,329,126,377,150,257,953
"COG2514",0,2,2,0,0,0,0,3,0,10
"COG2515",39,181,63,126,143,90,59,61,279,836
"COG2516",1,0,0,0,14,0,0,8,0,0
"COG2518",1,15,10,20,3,4,1,1,5,263
"COG2519",16,12,5,28,2,0,0,6,21,0
"COG2602",223,106,262,755,281,423,307,481,668,814
"COG2603",3,22,6,60,8,21,6,1,34,764
"COG2604",93,20,696,23,61,75,58,41,0,0
"COG2605",1627,2369,1694,1298,925,2328,1770,1528,2261,980
"COG2606",625,1086,1326,429,1251,945,1163,1610,1153,1421
"COG2607",1091,743,1358,296,868,1176,1121,1465,838,661
"COG2608",308,425,1016,258,583,567,653,796,665,395
"COG2609",1,58,23,114,18,126,4,7,15,1244
"COG2610",1168,1274,1394,830,786,1329,1488,1173,2265,7207
"COG2703",146,157,406,35,135,87,230,300,106,6
"COG2704",454,1415,1194,2466,1097,2776,1631,959,2397,5902
"COG2706",599,1431,1200,518,871,1399,1015,1045,1705,1840
"COG2707",64,12,8,26,30,35,3,40,18,363
"COG2710",286,380,867,260,163,198,763,636,358,707
"COG2715",2666,1875,1183,2195,2252,1782,1595,1589,2429,450
"COG2716",0,5,1,14,1,14,5,0,7,490
"COG2717",65,68,253,53,32,100,511,91,70,501
"COG2718",1,21,8,49,6,9,9,13,8,790
"COG2719",3,19,10,49,2,15,6,5,11,583
"COG2720",556,551,566,180,687,440,572,2188,818,963
"COG2721",3009,2530,2154,3198,2414,2885,2355,1599,3231,5550
"COG2723",1685,1805,3298,1085,2544,1275,2430,3496,1203,8410
"COG2730",8362,5325,3755,729,4662,198,1304,1734,596,168
"COG2731",776,992,1179,2223,1112,992,1460,1277,1541,2513
"COG2732",0,6,7,21,7,6,7,0,3,411
"COG2733",437,89,16,78,135,201,7,261,10,1097
"COG2738",467,997,1025,278,940,1328,1461,1122,1635,311
"COG2739",368,295,594,98,415,523,482,951,273,256
"COG2740",266,226,342,57,312,386,403,662,243,151
"COG2746",80,309,236,30,130,87,287,136,109,1872
"COG2747",0,1,0,2,0,0,0,0,0,24
"COG2755",10125,7806,8218,4627,7508,9747,8427,7364,9376,1456
"COG2759",4169,2980,3108,3861,3490,3125,3390,3376,2519,610
"COG2761",1,3,8,23,8,18,5,40,34,6
"COG2764",0,36,11,46,4,4,3,0,10,394
"COG2766",0,41,10,77,9,22,10,13,8,953
"COG2768",1050,1144,1299,301,1174,1605,1114,932,1559,438
"COG2770",0,0,3,17,3,26,52,3,0,1
"COG2771",52,204,96,414,49,68,45,64,97,5199
"COG2801",8281,6785,11322,2727,5344,8765,5187,12275,4101,22317
"COG2804",254,229,580,164,440,454,912,1918,450,2922
"COG2805",632,551,1474,220,1015,504,1090,1651,673,985
"COG2807",7,91,63,184,138,52,19,21,51,1470
"COG2812",6557,5478,5201,6410,6359,4950,4754,5867,6042,2912
"COG2813",27,80,31,145,35,80,23,162,37,1465
"COG2814",1995,1613,1239,1514,1404,1580,1088,1102,1239,3878
"COG2815",709,606,978,318,564,780,725,1356,613,819
"COG2816",1439,1345,1140,1591,1132,988,1443,1282,1051,1396
"COG2818",121,834,729,191,852,735,745,671,1119,898
"COG2819",1020,657,1116,291,722,1439,823,1360,584,12
"COG2820",1534,1565,1061,2164,1268,1267,1478,1311,2235,1456
"COG2821",8,109,122,109,15,78,7,24,71,916
"COG2822",7,31,11,47,7,10,4,3,8,641
"COG2823",18,86,69,136,22,81,9,22,60,1296
"COG2824",9,29,12,62,10,37,5,8,19,765
"COG2825",23,93,167,57,27,95,47,41,85,632
"COG2826",2271,2207,1974,1341,3189,1685,2149,2626,6820,1855
"COG2827",186,149,168,81,155,218,223,303,196,300
"COG2828",29,68,38,152,10,384,82,19,628,835
"COG2829",7,32,34,22,23,133,42,30,39,520
"COG2830",56,571,626,203,512,729,816,411,1182,5
"COG2831",14,54,97,190,54,250,62,27,535,1
"COG2832",134,77,97,74,91,169,69,242,85,668
"COG2834",21,72,75,72,15,66,16,189,42,586
"COG2835",1,6,6,22,2,24,2,1,17,169
"COG2836",43,50,242,44,15,70,11,11,72,0
"COG2837",14,192,360,75,30,69,34,6,32,355
"COG2839",10,140,154,46,90,193,278,45,396,2
"COG2840",6,62,64,115,15,61,2,11,58,835
"COG2841",0,3,0,12,2,2,0,0,1,54
"COG2842",69,188,149,1996,1059,93,105,276,291,67
"COG2843",819,1808,2164,301,1727,2630,2870,2821,2956,372
"COG2844",55,155,169,251,39,204,17,48,119,1995
"COG2845",0,15,5,0,4,0,0,0,0,0
"COG2846",23,371,290,215,551,384,351,555,646,443
"COG2848",3125,1761,1678,2595,1695,1380,1346,2013,829,552
"COG2849",14,456,152,347,285,1788,539,432,331,0
"COG2850",3,22,17,67,4,54,8,3,13,773
"COG2851",252,240,208,146,71,740,374,133,808,325
"COG2852",114,106,206,64,243,112,81,388,27,160
"COG2853",11,47,88,87,15,105,6,20,66,743
"COG2854",9,70,52,74,19,73,5,17,40,491
"COG2855",2838,2197,1524,937,2268,1242,1595,1189,1956,1275
"COG2856",2431,358,839,1323,742,416,1198,1561,429,1601
"COG2859",1292,791,312,1743,1165,562,678,685,803,170
"COG2860",310,847,662,367,727,882,853,809,1132,1486
"COG2861",74,89,49,147,28,143,53,25,92,937
"COG2862",6,33,41,47,9,28,6,18,5,728
"COG2863",1,0,28,0,5,3,0,4,0,0
"COG2864",9,56,42,125,22,107,5,29,21,1058
"COG2865",12599,7560,6004,5934,4311,4438,4572,4849,5339,373
"COG2866",222,399,573,87,606,129,492,470,535,671
"COG2867",2,8,2,31,2,7,4,0,4,436
"COG2868",262,157,316,96,211,248,267,392,283,148
"COG2869",882,883,548,971,690,511,588,519,747,52
"COG2870",320,319,185,234,760,328,162,254,440,1106
"COG2871",1337,1556,937,2180,1159,936,1090,1149,1149,6
"COG2872",405,508,569,224,519,923,388,515,471,555
"COG2873",6357,5009,5430,5962,5101,5564,5478,5241,4467,1241
"COG2875",225,379,429,75,309,2215,1273,686,1690,188
"COG2876",2902,2275,2171,2938,2764,2834,2246,1953,2327,488
"COG2877",1099,1273,876,899,1603,1188,1021,883,1803,675
"COG2878",534,497,549,318,591,1198,1578,1332,1297,917
"COG2879",0,14,6,32,7,6,3,1,7,450
"COG2882",0,16,4,21,3,4,0,4,6,365
"COG2884",2068,1923,1642,1994,2051,1569,1722,1969,1858,1025
"COG2885",7565,5743,2893,10073,3939,3023,2324,2158,3099,3422
"COG2887",95,9,10,85,12,0,66,20,41,0
"COG2890",830,719,671,673,805,2254,1930,2258,2064,1873
"COG2891",15,62,10,88,14,87,7,21,50,703
"COG2893",450,324,425,362,251,646,344,739,467,2350
"COG2894",615,490,849,153,634,441,614,1274,674,1041
"COG2895",490,1108,1429,523,1165,1203,1500,1519,1436,833
"COG2896",536,403,696,207,469,827,657,633,432,1179
"COG2897",32,80,70,101,15,32,3,13,16,493
"COG2898",94,66,42,133,37,139,67,32,293,171
"COG2900",0,10,7,20,0,16,3,2,3,270
"COG2901",5,48,29,52,7,34,4,4,40,523
"COG2904",4,83,92,67,16,38,10,18,22,865
"COG2906",0,3,1,10,2,5,3,0,2,243
"COG2907",0,0,3,6,0,0,0,0,0,0
"COG2908",1470,1425,1190,2077,1783,1376,1204,1116,1803,751
"COG2909",540,163,659,369,402,72,99,141,138,383
"COG2910",13,64,52,12,48,86,50,37,83,15
"COG2911",805,184,349,347,372,541,99,628,233,2085
"COG2912",0,24,5,37,6,39,1,1,4,627
"COG2913",8,43,31,49,8,31,5,8,13,429
"COG2914",1,8,3,18,1,21,2,1,3,312
"COG2915",2,21,3,32,3,32,4,4,9,438
"COG2916",2,40,11,49,5,31,1,8,36,1366
"COG2917",1,12,16,15,1,43,2,16,34,408
"COG2918",14,60,42,714,95,105,61,24,160,864
"COG2919",26,33,50,61,11,35,9,19,39,239
"COG2920",5,31,15,18,6,19,6,5,9,401
"COG2921",10,30,33,32,8,29,1,12,23,268
"COG2922",2,16,7,47,4,11,2,1,6,400
"COG2923",1,17,7,45,4,18,6,1,10,456
"COG2924",2,23,21,53,8,29,0,15,31,306
"COG2925",12,87,122,116,21,135,9,35,85,529
"COG2926",0,14,2,21,1,23,1,1,14,373
"COG2927",7,45,44,36,8,49,7,5,10,600
"COG2928",83,38,5,41,39,24,0,67,47,0
"COG2929",24,113,30,26,48,143,15,50,16,519
"COG2931",29,236,658,4,120,90,378,729,93,5
"COG2932",322,327,701,158,321,520,424,769,262,311
"COG2933",1,39,15,46,7,42,4,5,11,645
"COG2935",15,0,8,49,13,7,0,2,31,1
"COG2936",116,877,1134,65,430,1101,1286,401,1076,188
"COG2937",11,110,32,203,21,124,18,9,42,2342
"COG2938",0,18,6,41,2,26,2,2,9,347
"COG2939",21,26,10,19,0,0,2,14,0,0
"COG2942",2447,2661,1691,600,3252,1757,2034,1894,2836,1532
"COG2943",5,53,25,140,13,32,9,4,34,1845
"COG2944",40,32,43,147,25,65,40,85,20,620
"COG2945",0,0,57,0,1,0,0,14,0,0
"COG2946",219,143,124,150,121,1336,649,832,403,3389
"COG2947",6,27,6,0,5,22,1,14,5,0
"COG2948",5,3,59,36,1,57,0,4,3,0
"COG2949",23,177,312,57,175,58,121,301,103,762
"COG2951",10,90,23,97,16,90,8,6,70,891
"COG2954",2286,1441,978,1086,1453,1091,1055,999,1116,288
"COG2956",4,86,64,85,16,104,8,15,46,626
"COG2957",1288,1745,1196,4292,1163,1024,1461,1690,1627,3
"COG2958",2,2,5,0,2,2,0,99,0,78
"COG2959",0,7,10,41,3,35,3,2,1,226
"COG2960",0,5,1,20,0,5,2,1,2,319
"COG2961",21,105,308,85,15,68,196,24,243,646
"COG2962",23,95,124,198,65,222,63,51,255,579
"COG2963",1268,693,1417,831,718,1808,892,1244,424,12186
"COG2964",244,358,244,186,297,550,251,398,283,1723
"COG2965",11,28,32,75,6,61,2,9,22,379
"COG2966",3695,2802,2291,3948,2592,3084,2406,2468,2594,1658
"COG2967",0,18,5,41,2,9,3,0,9,483
"COG2968",188,156,63,185,135,182,73,244,273,1077
"COG2969",5,49,46,59,17,44,4,12,42,618
"COG2971",50,94,77,12,139,9,47,221,66,128
"COG2972",9196,8435,13866,4446,8583,11034,13628,15787,9661,16656
"COG2973",1,4,4,14,0,9,0,0,0,62
"COG2974",5,21,15,93,12,46,6,1,31,898
"COG2975",2,17,7,19,2,22,2,6,9,184
"COG2976",4,43,53,81,6,78,7,17,56,641
"COG2977",0,14,6,56,115,4,199,0,5,407
"COG2978",159,833,593,428,432,967,979,812,2454,2246
"COG2979",2,19,4,36,2,29,2,2,7,486
"COG2980",5,36,41,39,11,53,4,9,18,248
"COG2981",3,32,38,32,14,37,7,10,32,313
"COG2982",7,93,30,252,20,50,16,5,44,2968
"COG2983",3,18,4,31,1,17,8,2,5,537
"COG2984",1155,1240,1541,474,1250,2095,1405,1477,1172,724
"COG2985",8625,9840,6640,13188,8062,8783,8419,3900,10561,2076
"COG2986",185,1676,2581,670,1075,2405,2070,363,2694,677
"COG2987",101,1651,1590,816,1251,2690,2231,332,2924,557
"COG2988",1,13,5,41,6,8,2,0,4,453
"COG2989",2138,1166,236,2321,975,134,126,300,127,645
"COG2990",10,48,47,136,39,136,34,16,89,981
"COG2991",0,1,0,0,0,6,0,0,0,0
"COG2992",1,43,7,72,4,18,11,1,53,1069
"COG2994",0,1,14,16,1,6,13,1,20,0
"COG2995",3,57,18,116,14,78,10,4,18,1809
"COG2996",1563,1532,1578,1923,1410,1728,1627,1458,2171,465
"COG2998",2,9,5,0,11,41,8,21,19,0
"COG2999",1,12,1,34,8,11,0,0,2,168
"COG3001",15,11,19,31,4,21,3,8,14,308
"COG3004",427,1108,1241,221,637,1238,1097,397,1172,904
"COG3005",13,303,366,270,116,198,143,302,382,1016
"COG3006",0,40,13,71,7,58,2,3,13,939
"COG3007",161,17,84,33,107,99,61,185,34,2
"COG3008",9,97,47,168,24,180,23,19,46,2034
"COG3009",2,14,5,31,1,9,2,0,14,567
"COG3010",374,180,268,121,301,175,133,94,108,338
"COG3012",2,20,3,16,1,60,7,9,45,526
"COG3013",2,14,3,45,2,11,24,0,11,526
"COG3014",1,40,38,0,6,0,9,5,2,0
"COG3015",1017,646,332,1456,642,432,390,82,931,395
"COG3016",75,122,110,701,162,30,341,167,89,58
"COG3017",3,19,38,51,8,31,2,11,38,359
"COG3019",0,1,2,0,0,0,0,0,0,0
"COG3021",1703,1539,865,1729,1227,949,1547,1014,1542,627
"COG3022",2241,1428,1142,1090,1248,1036,1039,928,1497,1419
"COG3023",3681,2741,2280,2979,4090,1697,1849,1012,2720,694
"COG3024",3,12,17,13,5,26,0,7,10,0
"COG3025",137,49,88,220,76,122,91,109,188,945
"COG3026",9,36,12,59,2,71,4,1,7,750
"COG3027",4,53,44,66,38,45,24,62,45,554
"COG3028",3,41,55,55,16,68,2,12,55,434
"COG3029",3,9,3,36,7,36,0,2,2,423
"COG3030",0,8,4,23,5,7,6,0,7,451
"COG3031",1,30,6,51,3,23,5,3,5,749
"COG3033",92,615,518,195,673,375,752,292,813,1620
"COG3034",6,50,25,45,132,66,8,1,174,471
"COG3036",1,5,1,20,1,18,3,3,1,197
"COG3037",270,140,72,366,134,284,138,356,228,761
"COG3038",2,39,11,72,6,22,7,3,17,1470
"COG3039",415,948,303,175,291,737,119,536,166,873
"COG3040",12,94,128,60,65,238,111,281,196,634
"COG3041",616,354,235,1203,642,273,471,403,381,475
"COG3042",1,17,4,27,7,5,5,0,3,392
"COG3043",3,18,42,40,3,52,7,8,10,436
"COG3044",373,266,286,117,144,572,411,441,452,812
"COG3045",6,39,56,43,12,32,4,14,10,660
"COG3047",0,9,4,17,3,3,0,0,7,223
"COG3048",82,227,41,67,53,17,86,34,41,443
"COG3049",671,1926,2617,526,1570,1810,2347,2424,2355,727
"COG3050",0,18,5,17,4,21,2,2,3,193
"COG3051",302,379,118,1137,99,1097,219,192,664,1440
"COG3052",40,95,16,286,37,181,74,61,221,440
"COG3053",210,277,41,1206,54,465,87,83,180,1133
"COG3054",1,27,9,53,6,18,1,0,6,220
"COG3055",290,1141,872,952,1808,807,613,533,940,1582
"COG3056",0,10,2,19,1,40,6,1,11,729
"COG3057",1,9,8,13,1,33,0,0,5,177
"COG3058",4,59,66,122,22,24,5,4,11,324
"COG3059",27,556,545,98,366,803,655,100,1073,775
"COG3060",1,12,5,30,3,22,4,1,10,492
"COG3061",2,17,8,25,5,51,1,2,4,202
"COG3062",0,13,0,17,1,18,2,3,2,248
"COG3063",0,4,0,0,2,11,0,1,0,0
"COG3064",2,29,10,54,11,38,3,3,11,503
"COG3065",1,28,4,41,3,22,5,1,10,614
"COG3066",2,21,12,33,18,24,2,2,2,516
"COG3067",6,35,17,61,11,69,5,3,22,930
"COG3068",1,22,8,58,7,23,8,1,13,660
"COG3069",103,711,1059,814,286,707,175,431,693,3584
"COG3070",93,134,155,98,187,197,75,265,80,970
"COG3071",2,45,19,102,9,66,6,3,22,795
"COG3072",2,92,36,125,24,159,21,8,18,2054
"COG3073",1,22,7,42,6,15,1,0,7,174
"COG3074",1,2,1,7,1,13,2,0,2,390
"COG3075",6,211,103,70,99,745,621,56,1018,583
"COG3076",0,20,5,47,6,32,2,2,8,592
"COG3077",457,311,511,117,399,542,661,484,586,576
"COG3078",1,12,2,22,4,28,1,2,3,328
"COG3079",2,14,5,55,7,32,11,5,13,711
"COG3080",2,10,7,28,6,21,3,0,8,428
"COG3081",3,25,10,45,6,46,3,2,14,689
"COG3082",0,9,5,22,1,8,0,2,6,252
"COG3083",74,276,204,3366,285,227,116,80,241,1272
"COG3084",3,28,3,38,3,13,2,0,7,670
"COG3085",2,22,11,45,4,34,5,0,15,610
"COG3086",0,14,3,36,5,31,2,2,25,494
"COG3087",8,47,46,95,16,45,4,7,48,1019
"COG3088",3,87,48,105,17,96,10,20,36,1325
"COG3089",1,9,2,20,8,17,3,1,6,284
"COG3090",763,747,637,383,577,2038,983,763,1785,4270
"COG3091",2,19,12,57,1,28,5,1,6,436
"COG3092",4,12,6,39,1,23,4,4,5,473
"COG3093",327,412,1003,1041,53,113,193,211,1408,838
"COG3094",0,15,6,32,4,16,3,1,5,384
"COG3095",1,19,10,42,4,26,5,4,8,535
"COG3096",7,97,42,146,19,136,15,6,35,2225
"COG3097",1,18,8,23,3,10,3,0,7,419
"COG3098",1,10,2,26,5,18,3,3,4,356
"COG3099",0,15,6,25,0,15,2,1,3,336
"COG3100",0,9,9,22,3,22,1,2,5,414
"COG3101",0,9,6,20,3,3,1,1,3,147
"COG3102",1,16,5,20,0,19,1,1,3,335
"COG3103",432,527,406,238,533,495,538,977,918,1551
"COG3104",1961,2359,1468,3826,2258,1759,2426,1802,2583,4650
"COG3105",0,21,9,41,5,18,3,3,11,685
"COG3106",3,21,5,56,6,58,10,1,8,950
"COG3107",11,62,20,102,17,92,6,7,14,1237
"COG3108",2,19,5,33,8,28,4,3,8,528
"COG3109",2,28,6,51,5,14,0,0,1,183
"COG3110",0,17,3,26,5,19,7,1,8,564
"COG3111",62,55,55,72,46,72,8,82,18,934
"COG3112",2,13,2,31,4,26,1,2,9,430
"COG3113",1,13,6,47,4,13,4,1,8,447
"COG3114",0,5,1,10,1,4,0,0,1,101
"COG3115",1,16,4,33,4,46,0,2,2,239
"COG3116",1,21,4,46,5,15,0,4,6,466
"COG3117",8,58,56,86,13,74,5,19,43,870
"COG3118",3,14,7,45,4,44,2,2,6,208
"COG3119",3249,16300,24249,5695,16728,18267,18298,8562,20445,6372
"COG3120",3,23,8,27,3,16,3,0,11,555
"COG3121",10,228,77,415,46,97,39,13,137,6506
"COG3122",1,13,11,24,6,7,4,0,9,560
"COG3123",0,7,5,28,1,8,3,0,5,339
"COG3124",4,104,43,35,150,15,55,21,167,413
"COG3125",1,4,3,18,0,1,0,0,2,55
"COG3126",0,8,2,23,3,4,1,0,1,240
"COG3127",1,41,11,88,4,3,2,1,8,484
"COG3128",1,18,9,41,2,11,6,0,6,600
"COG3129",6,151,132,31,26,47,76,32,92,523
"COG3130",0,6,0,10,2,2,1,0,3,148
"COG3131",3,63,17,147,5,26,17,3,38,1950
"COG3132",0,18,6,39,4,8,4,0,7,556
"COG3133",1,15,5,23,114,7,1,3,6,304
"COG3134",0,16,8,35,6,3,4,1,3,521
"COG3135",2,7,3,7,1,2,0,0,4,119
"COG3136",1,3,2,18,2,2,3,0,7,257
"COG3137",1,8,7,20,0,5,1,1,6,337
"COG3138",0,14,14,50,4,9,3,0,6,557
"COG3139",0,6,5,19,2,6,1,1,4,270
"COG3140",1,6,2,9,0,8,1,1,1,125
"COG3141",1,5,2,14,1,2,2,0,7,301
"COG3142",395,861,760,635,676,1285,1066,954,1413,570
"COG3143",0,18,4,32,5,4,3,2,17,596
"COG3144",92,240,271,57,145,147,121,136,61,651
"COG3145",0,12,2,31,1,8,2,0,8,489
"COG3147",0,6,4,20,1,3,0,1,6,235
"COG3148",0,6,3,38,4,2,3,0,4,423
"COG3149",0,3,2,29,0,0,1,0,1,17
"COG3150",14,67,52,116,239,63,33,114,60,1251
"COG3151",1,27,4,57,0,4,2,0,9,570
"COG3152",91,81,261,658,133,149,76,200,210,1330
"COG3153",111,408,299,325,259,458,437,212,356,915
"COG3154",2,13,5,44,4,12,4,2,6,527
"COG3155",1,4,8,28,3,5,2,15,3,228
"COG3156",1,30,8,50,5,20,11,1,9,1237
"COG3157",6,49,16,139,16,30,14,6,24,1972
"COG3158",1660,663,47,3536,862,31,89,624,74,2188
"COG3159",2,14,9,34,7,46,5,3,9,373
"COG3160",2,21,6,48,1,6,4,0,7,663
"COG3161",0,12,3,17,1,11,3,1,12,743
"COG3162",2,15,11,37,2,8,1,0,11,372
"COG3164",26,220,265,402,35,250,25,51,183,2866
"COG3165",4,28,9,90,5,9,8,2,18,786
"COG3166",2,22,19,57,8,3,10,1,14,160
"COG3169",301,610,381,810,535,469,470,387,889,1
"COG3171",5,19,10,24,7,21,3,1,10,528
"COG3172",2,40,23,28,11,43,4,48,21,850
"COG3173",12,14,9,65,19,2,57,23,66,1524
"COG3174",94,782,926,76,499,1005,1239,124,1524,6
"COG3176",4068,3285,2063,5096,3426,2835,2352,1694,3389,18
"COG3177",6830,4280,3200,3786,3500,3648,5151,4699,5700,599
"COG3178",2017,1589,1191,3587,1682,1323,1204,908,1840,3
"COG3179",0,1,1,670,251,4,4,2,1,19
"COG3180",4,32,69,111,49,45,72,21,151,431
"COG3181",377,813,638,258,290,824,575,402,570,1108
"COG3182",78,758,583,187,402,936,885,698,973,1
"COG3183",8,575,20,42,13,9,253,81,142,2473
"COG3185",0,0,4,18,0,0,0,0,0,0
"COG3187",48,630,650,421,375,767,759,745,1206,455
"COG3188",21,492,138,1099,91,245,116,19,330,15695
"COG3189",45,355,409,64,358,364,337,65,445,336
"COG3190",0,8,1,11,1,7,0,0,2,224
"COG3191",295,406,376,55,216,521,434,438,352,216
"COG3192",51,133,135,150,34,117,64,73,265,715
"COG3193",42,36,38,49,11,117,43,66,105,508
"COG3194",0,10,1,10,0,4,2,0,3,247
"COG3195",1,0,2,2,0,0,0,0,0,0
"COG3196",17,166,243,12,64,330,106,277,89,830
"COG3199",0,3,5,1,2,16,20,26,33,230
"COG3201",1126,1070,576,1156,1088,825,1016,463,1078,761
"COG3203",61,682,866,744,89,763,30,257,528,4447
"COG3204",0,13,2,26,2,10,1,1,7,330
"COG3206",4158,3386,1861,4811,1444,2112,2150,897,3196,3254
"COG3208",7,43,8,120,2,9,201,43,25,258
"COG3209",2874,6210,2466,12428,4952,4440,8772,3318,9812,14360
"COG3210",24,1006,178,1546,137,130,1414,267,865,892
"COG3211",0,0,0,1,0,0,0,0,0,0
"COG3212",122,91,8,21,177,43,46,120,11,124
"COG3213",1,4,5,1,7,58,0,0,0,0
"COG3214",3,28,6,59,10,16,7,1,16,1026
"COG3216",1,0,0,0,70,0,1,0,0,0
"COG3217",1,30,7,72,8,8,6,0,9,885
"COG3218",0,6,1,1,0,3,0,0,0,0
"COG3219",1,3,3,2,0,38,0,1,0,0
"COG3220",0,12,0,3,1,52,0,3,0,0
"COG3221",62,148,448,130,157,92,219,165,133,768
"COG3222",19,16,10,11,1,69,32,21,165,183
"COG3223",1,28,5,62,11,19,6,2,8,657
"COG3224",0,0,5,12,0,0,1,0,0,1
"COG3225",790,1139,1845,101,1349,664,1553,1957,617,799
"COG3226",2,19,5,59,2,15,3,1,7,508
"COG3227",9,2,1,0,0,0,0,0,45,0
"COG3228",0,18,6,28,3,7,5,0,4,482
"COG3231",22,9,51,40,39,124,43,69,56,51
"COG3232",0,7,1,2,0,5,0,0,8,0
"COG3234",0,17,3,30,6,9,1,1,7,603
"COG3236",95,54,202,9,37,212,170,227,104,688
"COG3237",1,4,5,18,2,2,1,2,2,55
"COG3238",160,142,299,118,126,194,222,337,265,1585
"COG3239",0,0,2,5,0,0,0,0,0,40
"COG3242",0,5,1,14,3,4,2,1,4,276
"COG3246",222,215,323,53,289,67,191,243,293,320
"COG3247",3,3,11,27,29,45,4,33,8,842
"COG3248",0,17,10,45,0,10,4,5,6,646
"COG3250",39188,44396,58042,34108,49264,42306,48443,36141,45698,12139
"COG3251",1,3,2,2,0,5,2,1,3,195
"COG3252",1,8,5,1,0,4,3,0,2,191
"COG3253",0,1,1,4,0,0,0,0,0,1
"COG3254",149,221,346,174,214,353,289,337,328,559
"COG3256",2,9,7,16,7,104,0,7,0,1
"COG3257",4,53,9,34,43,11,28,11,13,527
"COG3259",0,0,1,0,0,0,0,0,0,0
"COG3260",14,129,105,126,47,64,97,20,98,979
"COG3261",34,260,159,167,84,97,143,53,121,1181
"COG3262",2,152,82,149,26,53,38,15,53,1561
"COG3263",605,1665,1650,499,1030,1801,1934,1722,2105,1400
"COG3264",12,249,182,432,52,340,39,47,123,4295
"COG3265",16,16,12,77,4,11,6,4,40,1235
"COG3266",2,20,11,67,5,7,10,1,14,827
"COG3267",153,91,108,44,19,214,184,45,97,356
"COG3268",10,20,0,0,0,0,0,2,0,0
"COG3270",269,380,397,143,425,782,463,308,358,877
"COG3271",12,0,1,0,12,0,4,14,0,0
"COG3272",1,35,8,56,5,14,4,1,9,411
"COG3274",391,2754,2146,329,1442,1813,1680,1624,2409,1764
"COG3275",1894,4488,3542,6327,2642,4055,3758,3828,4929,2691
"COG3276",79,176,104,104,74,170,73,91,154,1904
"COG3279",5928,6800,11432,6503,7003,7352,9848,12358,6913,4278
"COG3283",218,39,15,82,143,47,7,116,10,874
"COG3284",328,136,136,148,198,81,56,249,137,149
"COG3287",185,141,231,26,32,159,240,109,55,0
"COG3288",34,34,11,117,19,81,3,9,47,916
"COG3290",75,252,341,344,219,321,267,456,262,2956
"COG3291",130,252,643,9340,477,549,392,142,362,3
"COG3292",47124,49905,53757,21263,43011,38379,43703,25274,45732,212
"COG3293",222,276,284,1491,293,466,367,2801,574,12
"COG3294",82,51,403,39,36,13,31,80,27,45
"COG3296",1,11,15,0,80,0,2,7,0,1
"COG3297",1,15,8,58,2,8,9,0,5,465
"COG3299",527,307,379,238,486,453,310,493,280,190
"COG3301",26,94,237,128,30,131,8,65,47,900
"COG3302",3,38,14,88,11,19,8,1,23,1145
"COG3303",41,835,869,444,257,433,410,635,584,1588
"COG3304",451,621,523,411,313,200,180,87,232,134
"COG3306",9,15,23,42,91,26,27,3,4,5
"COG3307",330,218,90,177,428,334,96,149,397,1539
"COG3309",1256,608,5,0,0,8,66,2,24,0
"COG3311",0,0,0,23,2,8,7,2,13,735
"COG3312",1,20,9,44,4,21,4,1,10,634
"COG3313",0,8,0,23,0,2,4,0,7,274
"COG3314",488,575,1002,240,600,975,637,1688,553,2655
"COG3315",270,401,849,37,580,272,442,782,101,119
"COG3316",202,113,31,202,31,69,142,36,51,10276
"COG3317",15,62,76,109,15,99,5,19,45,638
"COG3318",0,30,14,14,4,14,2,10,4,247
"COG3319",6,58,25,451,7,57,36,6,102,2347
"COG3320",262,65,230,94,239,682,157,447,331,1
"COG3321",9,28,206,388,1,35,26,134,166,1015
"COG3323",253,702,621,192,490,631,748,607,1187,82
"COG3324",10,82,201,6,19,80,55,13,230,4
"COG3325",33,359,281,31,410,735,1098,248,1326,224
"COG3326",289,192,274,743,249,92,255,385,106,51
"COG3327",1,20,6,28,4,13,5,0,0,582
"COG3328",1269,10286,3571,958,8950,4798,3673,4658,4705,1595
"COG3330",11,0,0,0,23,0,0,220,0,0
"COG3331",184,207,293,79,160,219,255,559,336,271
"COG3333",855,1301,1046,401,416,1967,986,630,925,1582
"COG3335",124,82,194,30,116,1252,129,1156,169,1737
"COG3338",1,6,3,2,4,22,3,8,0,5
"COG3339",47,34,35,3,47,92,11,61,32,4
"COG3340",464,865,1052,1808,765,800,984,1617,901,1034
"COG3341",417,863,972,1637,816,1360,1136,954,1119,107
"COG3343",6,4,6,22,1,7,1,6,0,3
"COG3344",13351,13836,9920,10430,24035,7699,26918,19449,14621,11509
"COG3345",6126,5276,4928,1153,4946,2211,4994,5495,2929,4164
"COG3347",48,26,53,21,112,37,88,32,12,0
"COG3350",2,13,5,7,0,26,7,2,23,91
"COG3359",230,271,435,77,218,208,319,495,337,323
"COG3366",1,43,21,0,1,4,0,8,12,0
"COG3369",16,156,87,4,79,6,115,26,21,3
"COG3376",0,0,4,5,0,0,0,0,0,0
"COG3378",1435,1613,1498,372,2140,4528,1766,3132,1419,499
"COG3379",3,15,1,0,0,11,10,0,0,109
"COG3381",11,69,62,142,20,45,14,28,23,1050
"COG3382",1170,1074,492,1377,727,626,693,462,922,8
"COG3383",427,219,290,219,267,433,179,243,258,556
"COG3384",33,50,14,74,6,59,5,3,36,605
"COG3385",8010,4447,1216,12600,22228,711,4483,7328,655,5514
"COG3386",129,535,984,49,315,675,369,143,315,149
"COG3387",25,226,207,8,122,491,508,726,713,3
"COG3391",56,2301,1026,1902,609,481,315,695,426,884
"COG3392",91,152,34,38,588,226,298,233,132,54
"COG3393",4,15,18,4,146,20,161,17,38,77
"COG3394",321,285,498,124,320,259,184,144,277,494
"COG3395",756,373,615,104,522,802,466,769,413,3074
"COG3396",2,31,5,42,6,16,6,0,0,880
"COG3397",35,0,9,0,0,0,15,20,3,1
"COG3401",168,176,168,14,43,4,1039,1775,52,0
"COG3402",15,54,19,11,32,190,107,160,464,81
"COG3404",314,1024,1156,781,886,1513,1471,442,1730,349
"COG3405",835,1098,654,135,1360,171,207,247,250,320
"COG3407",9,3,8,19,0,4,6,7,0,8
"COG3408",6234,4881,2652,4382,3558,794,961,1009,1150,180
"COG3409",587,487,803,105,885,1282,933,1521,549,412
"COG3410",58,219,254,85,111,8,55,429,48,152
"COG3411",20,71,84,52,130,99,99,81,107,150
"COG3412",62,23,24,63,39,22,6,40,71,991
"COG3414",132,37,34,133,27,74,53,287,69,859
"COG3415",0,0,1,0,2,0,0,0,0,1
"COG3416",0,0,0,1,0,0,0,0,0,1
"COG3417",1,38,34,28,11,13,14,4,8,428
"COG3418",1,2,0,10,1,2,1,0,4,193
"COG3420",11,2,68,0,3,27,0,29,0,0
"COG3421",28,20,165,5,129,0,16,94,0,0
"COG3422",1,17,4,28,2,23,2,5,0,428
"COG3423",0,5,5,16,4,11,4,1,5,576
"COG3425",6,0,14,21,0,8,5,5,0,9
"COG3426",256,1166,1479,945,745,1568,1608,1050,2079,283
"COG3428",18,56,220,2,89,186,238,318,304,0
"COG3429",13,4,2,31,1,0,0,3,11,0
"COG3433",1,34,20,293,5,23,17,5,57,801
"COG3434",70,155,68,4,56,2,51,20,3,7
"COG3436",16901,15810,10048,70499,18641,30107,17184,7521,7831,12163
"COG3437",2971,4558,4260,1173,1929,2787,4247,3159,3774,691
"COG3439",3,215,206,32,37,221,29,1,121,304
"COG3440",295,26,127,1467,49,62,19,278,38,247
"COG3442",173,65,311,87,204,126,162,704,101,122
"COG3443",26,266,18,70,16,916,45,185,12,681
"COG3444",678,457,354,473,237,696,417,839,570,2912
"COG3445",0,23,8,27,5,22,2,0,6,419
"COG3447",0,43,9,69,18,25,12,2,14,777
"COG3448",109,8,3,3,30,0,0,75,0,0
"COG3449",37,666,788,155,685,596,468,139,955,1064
"COG3450",0,2,3,3,1,1,0,0,0,2
"COG3451",6289,10869,15848,7871,13700,16664,22906,14774,14226,9875
"COG3452",406,422,953,111,270,257,442,692,94,7
"COG3454",4,16,24,35,0,28,82,5,68,735
"COG3455",0,19,8,40,2,14,0,1,7,545
"COG3456",0,9,1,61,1,13,8,0,6,890
"COG3457",15,120,51,41,73,31,69,108,45,808
"COG3458",2539,1871,1350,2602,2065,1835,1223,771,1769,12
"COG3459",5475,2848,4098,4009,3780,1511,3045,5395,1101,173
"COG3460",1,11,3,6,3,2,2,0,0,266
"COG3463",175,80,226,27,59,276,189,375,103,175
"COG3464",2062,4510,3936,657,4584,4305,11286,3701,18315,4701
"COG3467",1263,1039,859,1098,1346,1020,1138,1158,1415,330
"COG3468",131,698,1353,3172,305,1276,1231,317,3018,13130
"COG3469",19,0,0,0,1,0,14,30,0,0
"COG3470",11,31,2,26,4,24,2,4,22,60
"COG3471",0,18,1,0,2,43,0,3,0,0
"COG3472",204,1262,256,6,74,68,556,343,4,0
"COG3473",3,1,0,0,7,8,0,0,49,41
"COG3475",2570,1912,2451,2838,3062,1340,1677,2307,2893,488
"COG3476",98,338,274,37,225,254,292,300,433,68
"COG3477",5,7,3,18,1,9,3,2,3,969
"COG3478",1,6,0,2,0,5,1,13,11,2
"COG3479",1,0,5,22,0,8,3,0,0,0
"COG3480",27,1,10,53,2,10,4,110,18,5
"COG3481",1055,599,1517,270,1038,680,1023,1949,818,894
"COG3484",0,0,1,20,0,0,0,0,0,0
"COG3485",0,0,7,15,1,1,0,0,0,0
"COG3486",0,4,2,7,3,10,9,1,22,2473
"COG3487",47,498,510,333,477,254,583,350,390,8
"COG3488",634,1015,819,5693,1656,408,1096,686,601,6
"COG3491",0,1,8,12,0,0,0,1,0,2
"COG3493",363,80,63,249,41,603,160,116,740,160
"COG3494",196,42,53,78,263,100,35,90,117,0
"COG3496",0,0,3,3,0,0,0,0,0,0
"COG3497",135,584,634,244,320,292,696,279,256,402
"COG3498",35,58,372,89,110,23,378,52,52,14
"COG3499",1,15,9,22,1,6,1,0,9,8
"COG3500",94,378,738,185,228,265,614,183,237,275
"COG3501",112,741,710,286,183,1268,1128,422,1591,2696
"COG3503",48,77,149,29,234,118,187,162,60,1
"COG3504",13,0,36,33,56,58,0,5,1,140
"COG3505",4663,8862,12439,8265,9278,12884,18436,10580,9439,7314
"COG3506",1189,240,352,146,146,127,241,683,107,25
"COG3507",14320,15365,15237,9230,10475,13252,10046,9845,15615,1065
"COG3509",402,409,54,0,1357,26,497,91,118,1
"COG3512",63,165,82,85,153,116,343,438,134,0
"COG3513",366,661,1710,860,3979,929,2584,2965,931,11
"COG3514",0,4,1,19,0,2,0,0,0,343
"COG3515",2,50,31,125,17,48,13,8,28,2281
"COG3516",0,12,4,16,3,8,2,1,5,419
"COG3517",1,60,16,106,8,21,6,3,9,1481
"COG3518",0,1,2,17,0,6,0,0,2,104
"COG3519",0,48,16,119,19,9,0,4,2,988
"COG3520",0,12,4,15,4,23,7,0,7,1640
"COG3521",0,8,10,31,3,9,4,1,5,582
"COG3522",0,30,19,76,8,20,3,6,9,1087
"COG3523",1,44,21,71,20,57,15,7,24,1892
"COG3524",0,12,68,78,3,7,2,1,25,68
"COG3525",3838,13472,13933,4983,13845,14427,13486,10457,16700,1757
"COG3526",0,0,0,4,0,0,0,0,0,0
"COG3527",3,34,10,37,0,6,1,2,0,0
"COG3528",0,0,0,0,188,1,0,0,0,0
"COG3529",1,1,2,8,4,3,0,0,3,184
"COG3530",0,12,1,11,4,4,0,0,3,247
"COG3533",10726,10101,10002,2797,9361,8501,8255,6423,10287,935
"COG3534",10925,7818,5982,1290,7183,4616,3758,4138,4722,839
"COG3535",13,35,19,58,51,175,28,32,41,126
"COG3536",8,21,49,0,4,27,0,12,0,0
"COG3537",3746,15315,17890,16334,14276,20234,14091,13414,16030,136
"COG3538",577,1965,1019,2568,3469,795,1816,874,1716,133
"COG3539",13,312,87,557,45,135,48,21,160,8217
"COG3541",1097,134,38,32,59,9,27,267,94,558
"COG3542",13,46,11,10,12,0,16,7,10,24
"COG3543",197,89,172,12,143,397,226,182,54,47
"COG3544",75,38,14,4,37,29,54,127,4,274
"COG3545",1,0,0,0,0,0,0,1,0,0
"COG3546",266,389,655,79,283,281,452,823,375,548
"COG3547",12072,13915,6859,14771,3471,3742,6061,5399,2379,8833
"COG3548",1,30,6,0,1,0,7,36,11,21
"COG3549",4,16,0,23,7,11,7,4,5,34
"COG3550",6515,4098,5042,4038,2105,2040,3834,3304,3018,748
"COG3552",7,0,6,0,2,0,6,0,6,0
"COG3555",0,0,2,7,1,0,0,0,0,0
"COG3557",7,13,8,6,15,6,15,124,6,9
"COG3558",0,1,3,10,0,0,0,0,0,1
"COG3560",123,704,678,101,342,764,737,253,1144,10
"COG3561",115,62,207,4,124,5,248,1236,24,89
"COG3562",2,13,91,48,6,6,2,2,11,63
"COG3563",1,19,88,99,6,10,3,2,9,177
"COG3566",10,74,116,69,123,64,83,26,2603,3
"COG3567",6,80,106,51,185,22,5,52,2214,3
"COG3568",362,3809,3168,2080,3512,3095,3272,1672,4547,503
"COG3570",6,10,1,24,9,100,24,45,66,53
"COG3572",70,31,107,53,126,0,27,57,26,3
"COG3575",2,0,1,10,1,3,4,1,0,0
"COG3576",14,4,9,48,2,25,30,31,95,0
"COG3579",2430,2844,1675,3984,2515,2379,2292,1743,3377,22
"COG3580",4902,2978,3637,932,4977,4675,2837,5071,2066,1628
"COG3581",4456,2612,3302,846,4735,2368,2791,4832,2034,1532
"COG3583",617,211,385,68,678,776,283,736,152,4
"COG3584",833,302,550,76,831,932,625,749,352,452
"COG3585",19,8,29,10,13,25,9,22,9,0
"COG3586",15,140,191,25,52,550,40,210,48,2
"COG3587",5064,1570,682,4160,2063,4451,653,1300,1551,12
"COG3588",8,19,7,4,3,14,2,152,8,132
"COG3589",144,35,10,19,112,38,160,157,32,211
"COG3590",5883,4271,1884,7533,3883,2097,2172,1798,2823,507
"COG3591",179,81,123,40,132,287,234,241,6,552
"COG3592",0,5,7,30,2,7,6,0,13,298
"COG3593",175,1731,499,2848,583,1888,597,1096,2977,4995
"COG3594",1082,858,1959,2448,1632,760,1929,2075,596,187
"COG3595",10,56,2,7,9,67,40,19,31,15
"COG3596",35,24,410,141,30,63,185,108,30,2328
"COG3597",8,3,119,0,26,0,69,71,12,0
"COG3598",99,56,309,0,416,29,349,93,144,219
"COG3599",209,200,299,57,274,420,255,677,95,22
"COG3600",149,60,118,124,961,57,176,468,136,0
"COG3601",569,531,640,141,619,696,668,965,445,487
"COG3602",5,11,69,1,0,0,3,2,9,0
"COG3603",18,17,26,38,11,79,29,25,154,131
"COG3604",155,1004,1045,668,1239,971,1467,402,2029,3354
"COG3605",10,36,20,101,5,19,7,2,14,1094
"COG3608",422,425,831,228,388,693,555,669,786,263
"COG3609",4,21,3,9,6,0,35,4,0,350
"COG3610",373,596,557,157,541,469,553,588,511,1180
"COG3611",21,43,13,27,20,11,11,181,14,16
"COG3613",10,4,4,12,6,51,5,7,126,42
"COG3615",2,20,12,23,4,23,6,6,7,354
"COG3616",17,142,155,78,90,244,40,51,185,383
"COG3617",2031,1976,1337,1006,2574,179,1394,1809,3490,412
"COG3618",4,20,2,59,4,13,31,87,8,11
"COG3619",510,485,885,148,602,781,873,1171,427,606
"COG3621",17,0,0,2,1,2,61,256,0,0
"COG3622",41,108,102,63,53,268,39,32,57,1216
"COG3623",24,70,70,202,23,99,66,90,147,1385
"COG3624",1,12,9,39,3,7,5,1,23,347
"COG3625",4,15,41,76,14,21,59,4,84,271
"COG3626",11,31,80,105,16,46,114,7,95,572
"COG3627",11,36,72,130,17,43,88,8,103,746
"COG3628",12,57,35,40,8,50,61,14,14,15
"COG3629",4,67,38,4,128,16,12,15,94,1140
"COG3630",0,1,0,7,1,6,0,0,0,0
"COG3633",1035,511,875,315,617,1589,739,693,452,901
"COG3634",164,1346,1275,314,1047,1752,1515,621,1792,1145
"COG3635",1731,1654,1013,2250,1781,1315,1522,1073,1768,543
"COG3636",4,4,4,6,0,30,0,7,0,0
"COG3637",4,48,21,134,13,28,22,9,26,3384
"COG3638",44,109,365,134,114,66,179,93,98,437
"COG3639",83,180,521,135,160,76,277,132,117,562
"COG3640",266,98,398,85,221,328,237,306,100,172
"COG3641",337,357,674,105,420,707,551,679,390,355
"COG3643",52,672,731,76,594,892,896,119,1338,256
"COG3645",2093,1832,982,1965,2495,186,1152,1021,333,390
"COG3646",83,33,371,1009,704,62,16,390,108,124
"COG3647",2,4,5,35,0,11,1,0,40,120
"COG3649",244,372,445,416,385,513,420,431,229,626
"COG3650",26,7,31,3,19,0,3,0,0,0
"COG3653",24,167,22,27,106,154,61,195,365,512
"COG3654",56,134,112,225,49,183,406,741,322,221
"COG3655",273,397,466,153,384,434,588,904,683,147
"COG3657",2,23,4,8,1,0,0,4,0,0
"COG3659",1,0,5,13,0,0,1,0,0,0
"COG3660",0,0,0,1,129,0,1,0,0,0
"COG3661",2967,1564,1226,274,1475,1705,1266,538,1343,67
"COG3662",0,0,4,10,0,0,0,0,0,0
"COG3663",1122,1126,904,1501,1163,916,946,840,882,791
"COG3664",386,307,1043,23,318,172,400,323,89,142
"COG3665",43,2,37,11,12,3,6,1,3,50
"COG3666",41833,23737,10182,7301,7779,7281,5026,11260,8791,3016
"COG3667",2,6,7,0,1,1,6,0,1,0
"COG3668",11,13,36,29,10,1,121,38,1,522
"COG3669",1949,8037,10564,4726,6880,7838,9988,8829,9441,1142
"COG3671",5,29,30,0,5,2,0,14,0,0
"COG3672",1,7,6,0,1,0,1,6,4,0
"COG3675",163,0,0,1,89,0,1,142,20,1
"COG3676",9,105,153,73,128,443,529,103,211,0
"COG3677",280,516,118,1018,539,268,170,52,269,3259
"COG3678",3,31,11,113,5,18,11,0,11,935
"COG3679",3,4,10,17,0,8,5,11,0,4
"COG3680",4,6,86,128,6,2,43,414,2,1688
"COG3681",2795,2520,1853,3655,2234,3486,2432,1804,3087,2243
"COG3682",420,654,761,121,534,193,238,362,170,236
"COG3683",1,2,4,11,3,35,0,0,9,0
"COG3684",4,20,3,130,2,24,11,4,11,748
"COG3685",2,57,43,45,7,16,11,1,9,847
"COG3688",1314,949,2172,261,1241,1784,1776,1907,659,1020
"COG3689",136,270,329,125,148,255,217,320,350,772
"COG3691",1,4,0,5,1,32,1,2,7,588
"COG3692",3,23,2,12,1,6,2,0,1,362
"COG3693",1591,956,1215,298,1216,682,1179,1721,925,195
"COG3694",40,8,28,11,10,10,60,154,32,72
"COG3695",88,521,462,141,354,655,530,150,936,466
"COG3696",4126,5560,5504,7614,3981,5971,4359,2748,4734,835
"COG3697",151,242,37,301,22,535,137,68,333,494
"COG3698",0,24,2,34,5,35,5,1,12,912
"COG3700",3,32,12,57,2,51,6,3,7,945
"COG3701",64,0,31,31,36,19,0,0,0,0
"COG3703",0,16,5,35,1,7,4,0,9,470
"COG3704",0,1,10,0,2,31,0,3,0,116
"COG3705",613,506,975,250,422,589,778,1132,583,438
"COG3706",16538,16314,18531,6387,15704,10790,14495,10154,14430,1241
"COG3707",328,202,292,79,253,541,326,438,291,113
"COG3708",106,112,374,16,40,205,151,241,70,409
"COG3709",1,12,7,51,3,9,3,1,7,410
"COG3710",0,86,17,324,11,41,24,6,50,3484
"COG3711",1973,1178,1079,1389,1340,1662,2256,4815,1227,8844
"COG3712",6558,14519,15673,6397,11328,14878,12497,9098,16786,119
"COG3713",5,30,9,67,18,39,9,8,56,1370
"COG3714",0,21,11,57,2,15,5,6,19,651
"COG3715",1047,551,445,629,389,474,174,312,224,1075
"COG3716",896,580,527,578,375,1058,553,1088,577,3616
"COG3717",2111,1993,1733,2821,1559,2079,1931,941,2060,1140
"COG3718",243,137,202,45,234,104,159,355,133,166
"COG3719",1,30,10,47,8,19,8,5,13,853
"COG3720",0,1,4,89,0,0,1,0,7,47
"COG3721",1,26,60,62,4,36,4,16,43,36
"COG3722",2,38,8,104,6,22,11,2,19,1401
"COG3723",39,378,57,46,277,35,287,2237,101,769
"COG3724",0,19,10,44,4,3,5,1,7,228
"COG3725",1,22,8,52,4,8,3,1,4,546
"COG3726",0,15,8,27,2,31,3,0,4,343
"COG3727",1138,887,520,669,847,552,421,969,1440,520
"COG3728",72,11,47,16,60,90,174,385,111,229
"COG3729",0,7,0,21,1,4,1,1,1,275
"COG3730",84,22,12,45,101,38,17,85,28,368
"COG3731",66,23,15,59,58,27,36,132,27,301
"COG3732",173,33,28,65,150,42,41,132,24,454
"COG3733",0,40,16,43,15,20,9,0,3,1236
"COG3734",12,90,22,189,17,53,17,13,62,2062
"COG3735",37,419,399,1540,326,68,211,317,325,742
"COG3736",1,0,4,0,0,37,0,1,2,95
"COG3738",176,125,90,62,218,421,120,348,31,555
"COG3740",210,353,292,37,241,51,314,242,283,312
"COG3741",1,0,1,4,0,0,1,0,2,4
"COG3744",0,34,0,1,11,14,8,11,0,0
"COG3745",44,73,0,0,1,4,4,16,0,86
"COG3746",34,636,820,43,244,950,1004,735,1148,3
"COG3747",46,119,102,34,10,48,141,299,63,76
"COG3753",1,17,7,21,2,4,3,1,5,498
"COG3754",976,1582,1617,278,804,1010,1232,658,1395,33
"COG3755",0,27,4,2,10,7,4,0,2,519
"COG3756",0,0,0,20,0,9,0,0,0,0
"COG3757",5339,2871,3284,3519,3409,1124,2742,6363,871,1646
"COG3758",1,23,13,55,11,7,2,18,36,513
"COG3759",4,1,7,16,0,1,5,8,0,2
"COG3760",564,364,789,479,475,273,491,839,415,333
"COG3762",0,5,23,2,6,46,2,9,1,0
"COG3763",4,8,2,4,2,2,1,39,2,1
"COG3764",413,408,1124,284,777,380,816,2102,329,339
"COG3765",2,70,20,158,9,34,18,5,33,1673
"COG3766",2,15,2,26,2,5,3,0,6,257
"COG3767",0,3,0,3,4,11,0,1,0,0
"COG3768",2,24,5,35,7,34,5,1,10,616
"COG3769",1,8,1,16,0,1,0,0,3,91
"COG3770",1,12,7,42,6,46,4,1,8,544
"COG3771",2,10,2,28,4,22,2,0,3,280
"COG3772",17,50,137,128,37,105,124,98,326,752
"COG3773",563,731,1069,117,680,537,966,2418,561,696
"COG3774",1196,905,1561,281,1025,422,1656,2011,1698,140
"COG3775",2769,1575,535,2295,2021,1415,1067,1641,1970,1615
"COG3776",0,7,3,18,1,3,2,0,3,216
"COG3778",1,44,57,47,2,9,0,2,38,10
"COG3779",0,2,1,0,1,1,0,0,3,446
"COG3781",0,13,4,36,4,4,3,0,9,489
"COG3783",0,9,5,37,3,6,8,2,6,334
"COG3784",0,13,2,23,2,5,2,0,3,389
"COG3785",0,11,3,34,3,4,4,0,3,405
"COG3786",93,19,337,21,157,60,59,140,146,168
"COG3787",12,62,19,30,27,6,21,4,6,442
"COG3788",0,15,5,25,2,8,3,1,12,461
"COG3789",0,7,3,12,0,8,4,3,7,496
"COG3790",1,11,8,13,2,21,1,2,7,274
"COG3791",0,0,2,5,0,0,0,0,0,1
"COG3793",0,0,0,0,0,0,0,0,0,0
"COG3794",0,2,0,0,0,19,0,0,0,0
"COG3797",7,7,2,9,0,38,5,32,8,153
"COG3799",0,5,1,71,26,20,5,47,27,10
"COG3804",52,98,26,69,79,207,137,610,283,406
"COG3808",833,2273,2764,5461,1656,2277,2804,1881,3667,1054
"COG3811",0,10,2,12,1,2,2,1,3,12
"COG3815",0,7,62,11,8,38,27,65,32,3
"COG3817",43,50,20,37,28,91,39,45,248,55
"COG3819",20,41,11,30,21,71,15,33,195,26
"COG3822",127,232,295,93,257,57,39,22,43,44
"COG3823",25,111,65,1,98,0,114,18,2,0
"COG3824",4,2,0,16,1,0,0,0,0,0
"COG3825",30,65,25,9,29,9,15,12,11,44
"COG3828",2,1,0,0,7,0,3,8,1,36
"COG3829",877,1756,1107,431,584,1698,1131,1455,2105,7508
"COG3830",778,1596,1273,1025,1397,1385,1740,1531,1953,193
"COG3831",8,141,215,170,20,87,88,47,142,1057
"COG3832",0,0,2,10,0,0,0,0,0,0
"COG3833",418,466,608,153,594,326,655,585,218,1059
"COG3835",31,76,107,31,52,101,192,264,181,1917
"COG3836",71,198,193,109,60,30,85,20,45,341
"COG3837",3,10,59,6,66,1,8,0,0,66
"COG3839",1375,1941,1777,845,1474,2790,1909,2256,1789,4788
"COG3840",0,16,6,37,5,28,7,2,3,598
"COG3842",3280,3220,2950,1076,3050,3798,3004,2429,3705,4299
"COG3843",2770,2410,4614,1009,2913,5099,4990,3861,2435,1260
"COG3845",1059,1217,1320,313,1470,631,523,670,533,870
"COG3846",28,21,45,46,51,25,0,2,3,0
"COG3848",522,273,564,92,592,1016,815,551,211,19
"COG3850",20,223,121,208,48,241,16,48,102,2417
"COG3851",27,46,22,121,45,16,83,6,105,976
"COG3852",8,94,119,124,14,82,10,35,96,871
"COG3853",686,524,507,121,520,1129,624,881,291,417
"COG3854",188,139,322,42,200,842,863,1212,493,440
"COG3855",4002,3785,2935,4099,3404,3694,3670,2814,3502,1013
"COG3856",40,9,10,26,57,7,3,231,25,0
"COG3857",2103,1516,3246,533,2085,2538,2591,4521,1548,1164
"COG3858",798,873,844,183,601,884,871,1537,704,1753
"COG3859",361,250,465,55,537,662,371,622,163,236
"COG3860",1,19,3,0,1,3,0,0,3,9
"COG3862",182,182,317,104,329,130,259,233,325,344
"COG3863",1,0,2,0,2,1,0,3,1,0
"COG3864",1830,50,53,3,17,27,14,54,45,0
"COG3866",1459,885,505,6350,196,518,581,1534,162,2
"COG3867",2293,2008,711,2751,1570,636,1516,865,1137,11
"COG3868",51,88,42,2,68,8,116,19,6,0
"COG3869",275,110,309,52,606,314,284,573,371,231
"COG3870",41,76,93,44,87,73,123,178,199,123
"COG3871",31,640,646,50,217,917,407,98,530,170
"COG3872",780,552,1149,160,950,751,1055,1404,653,524
"COG3874",148,90,210,1,272,200,194,494,39,4
"COG3875",592,414,398,488,308,290,129,131,307,450
"COG3876",185,1336,1150,228,992,1618,1927,803,2123,9
"COG3877",8,147,101,5,55,296,59,40,114,0
"COG3878",37,39,98,32,61,22,21,220,40,1
"COG3879",166,30,47,122,137,34,28,707,102,2
"COG3880",148,68,229,14,357,125,133,312,177,176
"COG3881",60,0,0,0,0,1,0,3,0,0
"COG3882",120,290,622,1087,252,53,641,842,777,164
"COG3883",95,176,72,64,246,27,194,828,28,31
"COG3884",1529,1647,1415,1612,1520,1384,1549,1822,1294,395
"COG3885",67,7,20,1,3,95,5,10,30,307
"COG3886",2141,1287,641,777,375,1626,294,1018,288,736
"COG3887",2014,1267,1975,483,1793,2119,1965,3143,1264,1193
"COG3892",0,21,11,25,6,48,0,2,0,1
"COG3893",49,158,240,28,167,215,166,59,59,1
"COG3894",418,358,564,117,348,342,440,634,216,27
"COG3895",0,6,1,19,1,2,1,0,6,220
"COG3896",20,0,0,0,102,0,0,0,0,0
"COG3899",9,56,29,0,57,1,8,10,64,927
"COG3901",45,7,19,0,10,44,3,12,1,0
"COG3903",0,0,1,0,0,33,0,0,0,0
"COG3906",4,13,11,6,1,6,7,35,4,10
"COG3907",0,0,8,28,0,6,0,4,30,0
"COG3910",268,360,354,524,220,483,440,604,123,143
"COG3911",0,2,28,0,11,0,2,5,1,0
"COG3915",0,0,1,11,0,0,0,0,0,0
"COG3919",106,210,350,33,717,404,524,174,86,10
"COG3920",257,102,65,117,111,168,39,151,291,94
"COG3921",0,0,3,10,0,0,0,0,0,1
"COG3923",1,14,3,35,6,30,2,0,8,404
"COG3924",0,8,4,21,8,19,2,0,2,253
"COG3925",0,24,3,61,6,36,8,1,13,724
"COG3926",2,72,28,23,294,40,44,20,2377,6
"COG3933",1011,543,72,274,475,332,250,1688,654,533
"COG3934",13,10,468,5,21,2,533,707,0,0
"COG3935",187,148,354,84,198,465,704,2093,562,677
"COG3936",7,28,6,10,40,495,82,130,22,0
"COG3937",23,25,32,16,13,36,38,126,17,111
"COG3938",35,53,28,3,15,18,21,50,13,140
"COG3940",513,906,1119,146,668,678,656,959,829,107
"COG3941",0,39,0,1598,2,0,203,10,0,0
"COG3942",15,5,11,45,3,19,14,53,26,2
"COG3943",3254,3562,3594,5747,4799,3031,3914,3518,2219,417
"COG3944",1062,498,804,149,936,486,1005,1575,559,916
"COG3945",48,0,0,0,26,0,0,20,0,1
"COG3947",85,108,236,14,149,0,194,170,47,222
"COG3948",97,239,600,167,184,28,182,66,81,94
"COG3949",158,123,73,90,82,227,239,515,185,550
"COG3950",3407,2726,1410,383,2068,3666,1607,1322,1860,31
"COG3951",98,378,87,51,55,23,47,66,38,704
"COG3952",15,136,90,1,10,17,159,12,166,2
"COG3953",1,9,1,0,1,0,0,12,0,0
"COG3954",2,35,6,60,3,21,8,1,16,1091
"COG3955",25,26,71,508,51,26,206,62,87,0
"COG3956",1682,932,530,1646,1085,916,789,1078,758,145
"COG3957",172,101,188,26,127,615,665,951,321,21
"COG3958",1662,1140,1608,244,1313,766,465,592,327,644
"COG3959",1455,1047,1498,219,1290,2162,1396,1733,1256,1937
"COG3960",0,27,5,71,3,8,5,3,6,616
"COG3961",1,0,2,22,0,0,0,0,0,0
"COG3962",315,54,60,74,146,104,166,275,15,3
"COG3963",0,9,0,1,1,0,1,0,0,0
"COG3964",228,151,205,138,67,101,89,258,333,529
"COG3965",82,33,106,5,20,16,28,137,33,3
"COG3966",40,13,14,28,8,11,14,9,8,11
"COG3967",0,0,4,0,0,32,0,3,0,0
"COG3968",2467,2245,2201,3364,2433,6166,6242,5302,7341,1500
"COG3969",144,1668,1640,442,2470,2021,1888,952,2474,1599
"COG3971",7,109,23,66,18,20,0,3,20,787
"COG3972",307,22,393,26,86,258,118,559,134,0
"COG3973",560,906,1058,238,756,1411,1022,1124,997,1324
"COG3975",17,49,106,80,22,27,0,29,88,0
"COG3976",139,326,276,143,129,237,276,524,254,1
"COG3977",3,52,26,121,197,23,15,2,31,1602
"COG3978",1,6,5,21,1,6,4,0,2,222
"COG3979",61,42,13,35,26,587,213,49,83,0
"COG3980",27,376,466,62,321,311,275,153,193,3
"COG3981",251,169,94,46,101,501,220,320,128,269
"COG4001",2462,2645,3221,573,4751,2971,3586,3639,2305,293
"COG4012",2,11,2,0,5,1,1,3,5,0
"COG4021",23,5,16,0,40,3,15,3,44,0
"COG4032",85,80,32,5,31,103,198,52,42,224
"COG4034",0,0,0,0,0,0,0,0,0,1
"COG4043",9,10,49,0,6,0,16,143,7,0
"COG4085",6,0,0,0,9,0,12,4,22,0
"COG4086",279,85,199,92,121,206,268,266,113,1
"COG4087",15,10,3,0,1,3,10,15,3,110
"COG4091",15,31,21,10,103,14,18,7,12,283
"COG4095",0,2,1,5,4,1,0,1,0,0
"COG4096",1852,547,2255,3169,2324,3514,3692,3721,2461,76
"COG4097",4,2,78,19,3,6,0,28,0,7
"COG4098",16,22,17,28,6,12,15,39,9,11
"COG4099",1030,729,624,1513,928,262,441,522,491,36
"COG4100",889,624,1187,194,868,1139,1131,2124,638,528
"COG4104",3,25,41,3,18,27,8,0,15,2
"COG4105",15,79,73,89,13,75,9,38,50,761
"COG4106",2,29,12,26,7,1,7,0,39,294
"COG4107",5,22,47,61,12,30,75,0,58,430
"COG4108",4326,3108,3305,4008,3215,2830,2619,2850,2270,1955
"COG4109",7,2,5,21,0,12,9,6,0,7
"COG4110",3,17,6,0,0,0,9,0,2,0
"COG4112",0,0,0,0,89,1,0,1,0,0
"COG4114",3,24,8,65,1,10,6,1,13,715
"COG4115",191,1094,137,331,389,872,1859,1537,298,270
"COG4116",13,20,18,9,1,3,11,30,12,10
"COG4117",1,19,2,40,7,7,3,0,10,598
"COG4120",1052,924,1316,420,1146,2004,1419,1370,918,643
"COG4121",77,610,467,201,351,781,698,534,1044,1064
"COG4122",838,1177,1315,2369,892,1559,1379,1467,1813,392
"COG4123",1353,1287,1443,1687,1370,1439,1553,1696,1763,1246
"COG4124",3306,1788,1358,57,1101,386,1340,2593,118,485
"COG4125",0,1,1,12,0,13,0,1,0,0
"COG4126",23,42,21,3,80,13,24,47,30,89
"COG4127",0,4,4,0,9,31,18,85,42,0
"COG4128",0,0,3,0,0,7,0,0,0,0
"COG4129",100,260,35,23,97,57,79,205,56,402
"COG4130",0,0,3,11,0,0,0,0,0,0
"COG4132",6,10,53,25,12,15,2,30,42,100
"COG4133",5,45,47,53,10,48,4,9,28,468
"COG4134",14,39,30,66,14,60,12,9,11,1779
"COG4135",1,30,16,49,2,14,2,2,15,974
"COG4136",0,11,4,29,3,6,2,0,3,377
"COG4137",11,64,83,76,14,75,8,15,14,901
"COG4138",0,8,4,32,4,7,4,2,7,570
"COG4139",1,18,7,35,3,7,3,1,5,469
"COG4143",1,27,12,57,6,51,2,2,33,622
"COG4145",343,176,378,252,203,236,123,338,230,1019
"COG4146",2250,2335,2089,516,2263,2518,1699,1175,2392,1406
"COG4147",0,36,13,107,6,15,11,1,25,1214
"COG4148",6,103,113,129,24,135,6,42,75,895
"COG4149",461,309,428,171,279,241,143,123,105,293
"COG4150",1,56,12,29,2,11,3,0,8,375
"COG4152",171,435,632,169,410,172,561,1166,270,17
"COG4154",111,87,92,44,214,101,104,179,118,513
"COG4158",211,229,174,68,133,224,253,108,246,364
"COG4160",1,41,14,99,10,36,14,1,13,1079
"COG4161",0,29,4,45,3,7,1,2,4,226
"COG4166",2338,1762,1988,550,2692,4936,2760,2090,502,6504
"COG4167",0,16,2,25,2,45,7,3,12,655
"COG4168",3,18,4,54,4,37,1,7,11,651
"COG4170",1,23,7,45,4,39,7,4,11,594
"COG4171",1,13,8,42,4,33,7,4,6,434
"COG4172",70,112,29,98,42,183,127,47,154,1023
"COG4174",2,24,11,50,222,8,6,0,6,602
"COG4175",42,862,1003,209,379,1449,878,146,1752,364
"COG4176",45,513,725,157,247,1123,660,87,1269,409
"COG4177",768,609,1130,379,1360,842,768,1395,995,2729
"COG4178",249,245,160,142,209,188,50,153,153,875
"COG4181",18,40,14,42,26,4,1,0,12,230
"COG4185",1457,1199,324,46,1097,542,491,224,722,24
"COG4186",88,160,254,55,243,170,125,139,407,69
"COG4187",17,47,53,58,28,81,16,11,54,78
"COG4188",0,10,7,0,13,1,1,3,8,0
"COG4189",372,96,141,16,165,176,94,466,61,417
"COG4191",37,220,158,15,221,233,216,397,660,84
"COG4192",0,0,3,4,0,0,0,0,0,0
"COG4193",396,349,499,16,419,36,366,1292,161,31
"COG4194",2,0,4,0,3,3,1,2,0,1
"COG4197",0,0,3,6,0,18,0,1,0,0
"COG4198",2223,1976,1744,2626,2001,1560,1880,1442,2338,377
"COG4199",19,3,3,31,0,11,4,11,1,6
"COG4200",53,13,83,8,85,8,177,61,39,0
"COG4206",3833,3803,2607,4716,3420,8439,9854,7665,9724,1621
"COG4208",158,148,537,95,190,213,339,379,128,282
"COG4209",1595,1999,1969,211,1964,648,703,945,418,444
"COG4211",668,492,704,134,524,818,621,866,385,1252
"COG4213",267,245,240,216,127,259,207,132,165,1515
"COG4214",90,173,102,157,91,140,88,68,86,1539
"COG4215",3,35,15,71,9,29,6,2,19,1019
"COG4219",929,1247,1566,373,1047,884,1675,2016,937,1285
"COG4220",25,14,4,34,27,13,6,2,16,806
"COG4221",923,1099,712,1847,847,768,887,554,1143,681
"COG4222",1193,451,3,1647,480,26,4,284,42,59
"COG4224",173,192,261,30,156,321,248,271,126,141
"COG4225",2430,4705,7569,13125,4540,8526,6255,4652,9484,1026
"COG4226",133,248,183,43,252,13,27,164,30,6
"COG4227",638,1588,1468,377,1091,2393,2496,849,743,56
"COG4228",2,18,101,49,2,4,1,5,75,5
"COG4229",1,0,2,5,1,0,0,0,0,0
"COG4230",3,47,22,77,12,64,13,1,12,1716
"COG4231",594,1650,2839,472,1708,1848,2466,2167,2137,799
"COG4232",2125,2310,1602,4857,1529,1156,1481,1222,1390,1398
"COG4233",7,63,114,54,20,82,0,34,28,0
"COG4235",10,121,197,157,29,215,12,54,75,1500
"COG4237",10,86,77,77,42,59,63,23,53,252
"COG4238",0,13,2,19,2,4,2,2,5,373
"COG4239",1,17,9,64,217,10,6,0,10,642
"COG4241",92,34,42,73,38,125,46,57,109,1
"COG4242",0,2,5,0,0,0,0,6,0,0
"COG4243",12,2,1,14,1,0,0,1,13,0
"COG4245",3,13,83,22,7,34,56,34,96,315
"COG4248",2,32,16,72,13,23,101,95,21,1093
"COG4249",142,607,106,607,732,0,125,401,352,0
"COG4251",0,0,103,0,2,1,1,0,3,0
"COG4252",6,12,3,2,1,9,2,5,11,157
"COG4253",3,6,14,1,3,1,2,1,1,99
"COG4256",1,3,1,5,0,1,1,0,3,110
"COG4258",77,55,127,64,16,38,0,66,80,0
"COG4260",711,616,965,184,626,836,1263,1351,818,184
"COG4261",47,339,627,74,175,754,328,64,573,2
"COG4262",0,9,4,1,0,11,0,0,7,300
"COG4263",3,0,7,0,0,0,0,13,0,0
"COG4264",1,18,9,14,1,16,12,0,15,6485
"COG4267",201,181,116,111,109,192,324,354,269,0
"COG4268",704,222,891,11,636,155,149,834,138,163
"COG4269",1,29,6,73,8,13,3,3,12,1309
"COG4271",38,45,242,13,26,51,83,229,2,203
"COG4277",223,470,664,145,493,1987,1912,1579,1906,614
"COG4279",20,78,172,29,202,16,63,54,32,5
"COG4282",4,4,2,0,5,0,4,2,301,55
"COG4283",259,99,410,20,135,109,138,446,59,55
"COG4284",319,192,731,65,531,6,432,1549,87,1
"COG4286",373,202,352,5,234,571,357,398,162,0
"COG4288",0,10,2,8,33,36,0,7,10,4
"COG4289",566,1376,3777,749,2242,1961,1921,1128,2216,296
"COG4290",0,0,3,26,0,9,0,3,27,0
"COG4292",5,20,39,19,1,15,112,21,93,0
"COG4294",0,6,5,0,14,7,0,134,2,8
"COG4295",1219,402,143,25,536,58,178,277,217,147
"COG4296",35,82,370,2,52,276,146,198,65,450
"COG4299",356,1722,2182,401,1771,2403,2175,960,3097,10
"COG4300",4,6,8,18,2,10,0,23,3,97
"COG4302",36,90,55,56,25,25,68,28,87,539
"COG4303",45,167,79,82,45,43,105,41,121,875
"COG4310",1,24,35,42,11,17,0,0,0,0
"COG4314",10,0,60,0,14,26,0,9,0,0
"COG4316",0,3,0,0,1,25,0,2,0,0
"COG4319",0,0,0,5,0,0,0,0,0,0
"COG4320",3,3,5,49,1,0,0,1,0,0
"COG4325",2,19,5,34,4,12,8,0,0,0
"COG4330",0,1,0,0,1,0,0,0,0,4
"COG4332",4,45,159,1,10,23,38,15,56,158
"COG4333",97,75,74,7,124,178,55,51,3,0
"COG4335",7,49,153,3,4,42,47,22,76,227
"COG4336",44,23,38,21,123,27,72,67,40,84
"COG4354",81,1222,515,64,2114,386,1543,457,1173,93
"COG4357",15,3,11,4,7,6,7,6,16,0
"COG4359",0,2,5,0,1,0,0,1,0,0
"COG4372",315,38,18,23,107,134,8,119,54,1
"COG4373",3,8,0,0,0,32,1,0,17,0
"COG4377",152,262,301,18,109,276,258,198,80,85
"COG4379",3,72,102,106,0,4,4,0,23,7
"COG4380",0,0,0,120,0,1,0,297,0,0
"COG4381",1,37,1,22,1,2,1,1,6,10
"COG4382",0,5,0,0,4,6,1,0,7,0
"COG4383",50,399,280,591,2238,84,217,396,38,75
"COG4384",1,35,59,55,3,12,1,3,59,19
"COG4385",10,116,369,95,56,22,332,128,96,200
"COG4386",5,106,116,69,15,11,8,13,104,33
"COG4387",0,94,4,0,2,17,0,0,0,8
"COG4388",15,165,49,0,5,2,17,54,0,43
"COG4389",0,9,4,5,6,76,0,5,0,0
"COG4390",0,3,0,0,2,20,0,0,0,0
"COG4392",14,5,3,7,5,2,2,4,0,14
"COG4393",19,57,4,49,3,55,6,15,39,90
"COG4394",1,28,67,41,8,57,0,11,86,0
"COG4395",2,60,99,42,10,52,0,82,48,0
"COG4396",6,23,2,0,11,13,9,5,2,41
"COG4397",12,142,38,0,14,19,7,45,0,57
"COG4399",8,3,6,2,6,13,1,19,25,0
"COG4401",104,6,4,0,26,11,2,49,1,0
"COG4403",218,16,119,49,35,180,51,365,187,675
"COG4405",11,51,52,47,14,5,8,20,7,6
"COG4408",0,3,0,8,4,11,0,0,18,0
"COG4409",472,2034,1956,1852,2645,515,567,485,445,128
"COG4412",1763,2682,127,10941,1066,85,214,950,218,39
"COG4413",34,464,506,33,342,245,464,63,746,4
"COG4420",6,8,18,17,26,3,22,89,0,0
"COG4421",3,5,0,1,1,15,86,0,0,173
"COG4422",852,1722,1985,553,1850,2872,2949,2251,3141,670
"COG4430",44,201,246,142,489,35,153,332,244,143
"COG4443",133,77,339,27,89,189,246,216,83,173
"COG4445",0,0,2,6,1,0,0,0,0,0
"COG4448",259,14,6,0,107,1,7,186,14,1
"COG4452",15,332,354,79,61,84,140,89,160,1184
"COG4453",0,4,6,11,1,2,0,0,3,20
"COG4456",9,13,11,0,12,3,12,60,51,0
"COG4457",4022,295,43,7,30,83,7,354,46,2
"COG4458",2,277,32,5,15,91,2,10,28,0
"COG4460",0,0,1,3,0,0,0,0,0,0
"COG4463",134,60,56,52,180,73,64,234,102,7
"COG4464",717,918,1021,223,1344,753,1328,1718,1118,931
"COG4465",445,268,448,134,271,347,413,477,362,383
"COG4466",18,2,2,14,13,4,1,184,1,3
"COG4467",1,0,5,7,0,6,0,1,0,1
"COG4468",1288,763,1751,299,1094,1345,1389,2055,930,727
"COG4469",7,2,5,19,0,3,6,5,1,18
"COG4470",0,1,5,24,7,7,4,56,0,6
"COG4471",1,0,0,4,0,2,3,2,0,3
"COG4472",277,188,397,80,342,346,375,831,240,166
"COG4473",8,1,7,31,1,7,4,6,0,7
"COG4474",164,583,285,51,344,651,854,548,262,3
"COG4475",277,234,205,99,312,515,339,295,289,183
"COG4476",1,9,0,6,0,3,1,15,2,4
"COG4477",22,48,22,43,28,10,19,268,14,17
"COG4478",3,17,4,8,8,24,48,98,29,7
"COG4479",1,2,3,2,0,0,3,1,0,0
"COG4481",148,103,156,51,101,104,162,419,169,93
"COG4483",2,0,2,9,0,2,1,2,0,1
"COG4485",1615,1005,2995,387,1384,1188,2985,4494,933,1130
"COG4487",396,33,131,27,54,42,111,288,12,1
"COG4492",385,281,566,93,322,383,530,604,384,267
"COG4495",17,16,103,1,54,29,17,157,8,198
"COG4496",118,99,148,20,116,592,506,618,266,210
"COG4499",0,4,4,0,3,30,7,8,2,108
"COG4502",17,52,4,0,7,1,36,1,7,0
"COG4506",495,320,577,114,512,493,551,716,455,293
"COG4508",0,0,5,3,0,0,0,19,5,3
"COG4509",982,881,1386,282,1007,1391,1482,2274,923,1991
"COG4512",28,0,93,2,40,7,2,297,6,165
"COG4521",38,160,22,74,15,182,155,89,135,778
"COG4525",1,13,6,26,11,44,4,1,5,381
"COG4529",1,35,8,73,4,16,5,1,14,1081
"COG4531",2,25,8,51,4,44,6,3,12,706
"COG4533",2,49,21,153,8,33,18,3,40,2439
"COG4535",9,92,76,108,27,113,12,34,67,909
"COG4536",675,393,140,354,268,795,378,771,630,854
"COG4537",5,18,3,19,0,3,2,14,1,3
"COG4540",39,17,173,101,63,7,2,11,17,22
"COG4541",0,7,16,0,1,0,0,6,0,0
"COG4542",152,31,6,11,46,60,0,85,0,0
"COG4545",0,1,0,0,4,11,0,1,0,0
"COG4547",1,6,0,0,1,0,0,0,0,0
"COG4548",238,92,206,67,214,554,204,314,211,1178
"COG4550",1,4,3,12,0,5,6,0,0,10
"COG4552",372,737,1245,189,594,869,976,803,925,516
"COG4555",2,4,154,5,30,41,7,89,4,214
"COG4558",0,1,3,68,0,2,0,0,11,29
"COG4559",0,2,5,71,0,0,0,1,12,48
"COG4564",31,35,129,376,223,0,682,890,1,0
"COG4565",12,77,30,160,30,82,40,33,89,2392
"COG4566",53,531,540,288,68,416,24,193,407,0
"COG4568",1,16,2,28,1,2,1,0,6,313
"COG4569",4,67,16,80,6,14,8,1,10,942
"COG4570",57,55,106,79,126,5,39,72,228,143
"COG4571",1,3,3,34,1,0,0,6,20,57
"COG4572",0,7,3,7,3,3,1,1,4,237
"COG4573",203,270,162,96,76,757,148,136,49,1609
"COG4574",1,14,7,24,2,6,3,1,4,399
"COG4575",0,29,10,70,5,43,9,1,10,1118
"COG4576",58,76,97,56,79,48,22,59,71,336
"COG4577",197,249,316,177,173,265,113,171,431,1088
"COG4578",66,20,4,25,76,7,4,27,9,360
"COG4579",0,42,12,98,4,23,12,0,17,1759
"COG4580",10,109,47,379,28,54,23,8,44,4304
"COG4581",66,23,15,124,17,0,2,23,35,0
"COG4582",10,41,8,74,11,41,8,3,7,855
"COG4584",6083,4442,1541,377,2100,10081,6516,2731,2010,8196
"COG4585",906,812,1236,970,623,1894,1093,2331,1069,670
"COG4586",35,22,39,11,3,23,82,136,16,154
"COG4587",42,10,25,9,18,11,39,143,44,71
"COG4589",12,90,249,69,26,130,81,36,117,521
"COG4590",0,0,0,0,102,0,0,0,0,0
"COG4591",1808,2699,2057,6789,1691,3072,3229,2082,3316,1447
"COG4592",0,13,14,51,5,7,5,1,15,636
"COG4594",1,8,5,7,7,37,5,7,12,0
"COG4597",15,60,122,88,17,73,9,21,74,894
"COG4598",4,12,12,65,4,4,4,3,7,585
"COG4603",629,780,903,270,1023,1058,1110,1290,1282,1875
"COG4604",7,42,178,22,141,122,27,40,47,247
"COG4605",0,67,314,16,221,125,39,71,70,225
"COG4606",3,84,136,9,208,110,61,52,39,263
"COG4607",3,95,124,5,124,72,52,41,48,205
"COG4608",1708,1283,1730,662,1806,2358,1867,2196,1572,4640
"COG4615",1,28,9,74,4,16,12,1,22,1003
"COG4618",0,13,0,0,0,0,2,0,4,0
"COG4619",13,25,16,47,2,13,6,5,18,698
"COG4623",132,1043,989,284,728,1191,1304,740,1882,852
"COG4624",2061,3818,4801,1295,3744,4317,4779,4366,4638,3540
"COG4625",35,112,166,164,481,216,27,19,169,884
"COG4626",507,1282,967,314,685,241,1732,2128,933,1581
"COG4627",0,5,2,0,0,0,0,0,1,0
"COG4628",1,0,1,0,0,0,1,0,0,0
"COG4631",6,1,2,0,0,10,1,1,0,0
"COG4632",547,619,1815,124,1087,1507,1124,1516,648,70
"COG4633",37,8,228,80,13,83,38,18,257,3
"COG4635",17,52,44,97,11,67,3,38,52,548
"COG4636",271,124,430,59,72,271,364,262,190,336
"COG4637",100,222,58,170,1288,365,612,720,643,3
"COG4638",1,25,20,109,7,20,5,0,10,945
"COG4639",11,4,1,1,2,445,47,83,31,306
"COG4640",7,5,3,52,1,11,8,8,0,0
"COG4641",410,239,1791,12,403,178,661,342,166,2
"COG4642",1568,1471,674,2021,1181,639,1045,872,1048,8
"COG4643",14,139,84,11,31,88,41,26,4,0
"COG4644",12,111,40,9,28,56,8,13,212,173
"COG4646",5753,9627,10891,3251,9840,12797,13400,9952,17179,2757
"COG4648",1,6,19,15,2,13,0,6,34,0
"COG4650",2,48,28,130,9,33,6,8,70,1171
"COG4651",16,159,132,92,344,159,8,40,26,1198
"COG4652",6,17,9,1,1,0,0,4,2,3
"COG4653",54,192,240,237,125,229,564,562,472,1204
"COG4656",2296,2781,2673,2966,2350,3028,2986,2600,2828,2357
"COG4657",1514,1444,1365,1221,1411,1573,1533,1703,1408,675
"COG4658",1949,2114,2366,2095,2152,2830,2584,2271,2207,1150
"COG4659",1662,1457,1339,1396,1375,1741,1577,1262,1742,759
"COG4660",1749,1644,1871,1372,1869,2261,1937,1824,1760,779
"COG4662",8,18,18,3,12,19,19,14,9,0
"COG4663",28,67,28,0,19,22,22,28,8,0
"COG4664",26,97,30,1,20,23,28,28,5,0
"COG4665",14,34,12,0,10,20,7,17,3,0
"COG4666",740,763,338,185,330,1945,508,383,332,1087
"COG4667",756,645,720,564,667,1726,1808,1927,1671,1135
"COG4668",642,186,104,360,223,176,177,529,88,2495
"COG4669",0,33,9,44,4,8,7,9,14,875
"COG4670",115,460,180,150,189,193,177,484,241,1773
"COG4672",0,8,1,26,3,8,32,1,90,814
"COG4674",5,0,114,2,77,14,0,133,3,0
"COG4675",13,7,28,0,69,0,0,4,0,0
"COG4676",1,14,4,32,6,7,4,1,6,613
"COG4677",4866,4067,3864,7624,4583,4361,3989,2387,4971,1236
"COG4678",1,11,3,27,0,4,5,0,11,3
"COG4679",32,13,75,24,104,23,66,42,54,122
"COG4680",173,153,81,124,455,130,37,149,384,406
"COG4681",12,59,41,74,8,17,3,5,26,579
"COG4682",3,27,13,51,6,6,5,3,8,896
"COG4683",1,1,2,29,0,21,0,1,5,0
"COG4684",127,213,100,40,59,237,133,273,178,395
"COG4685",0,28,5,63,7,10,6,1,16,967
"COG4687",21,23,17,23,3,4,16,40,9,10
"COG4688",2,1,2,233,0,0,0,0,0,0
"COG4690",3333,3204,1723,3875,2893,2513,2328,2027,2249,398
"COG4692",2292,845,1390,113,2211,1786,2258,1076,1340,102
"COG4693",16,16,10,145,7,21,265,22,46,55
"COG4694",22,268,115,11,40,3,108,221,3,0
"COG4695",182,335,415,135,451,169,754,1062,777,1150
"COG4696",21,4,9,37,36,75,73,4,0,6
"COG4698",1,3,0,10,1,6,3,12,0,0
"COG4699",2,1,4,14,1,4,4,13,0,1
"COG4700",0,0,0,6,0,0,0,0,0,0
"COG4702",30,36,7,27,23,43,42,40,119,5
"COG4703",3,2,1,5,1,3,0,8,0,1
"COG4704",0,16,20,0,0,0,112,15,0,1
"COG4706",5,20,48,17,3,11,0,9,25,0
"COG4708",292,278,456,77,370,610,505,549,310,331
"COG4709",137,131,105,69,55,212,184,127,99,166
"COG4710",0,1,1,0,0,12,0,0,0,0
"COG4712",104,80,157,1,56,38,65,157,1105,3
"COG4713",121,175,999,83,245,169,204,676,349,409
"COG4715",2,1,0,0,2,2,1,0,4,2
"COG4716",1013,750,1344,253,1014,1299,1327,1718,696,830
"COG4717",399,221,581,163,298,541,446,1016,536,893
"COG4718",0,21,2,48,4,12,2,3,15,877
"COG4720",280,215,544,125,389,264,428,645,310,280
"COG4721",11,7,7,9,4,15,0,6,47,0
"COG4722",6,18,20,7,3,0,14,51,50,99
"COG4723",1,9,3,54,4,20,5,4,84,948
"COG4724",68,329,245,14204,179,44,171,45,24,7
"COG4725",221,141,424,120,232,74,568,622,91,410
"COG4728",878,427,273,297,662,172,470,554,224,102
"COG4729",1,18,5,16,3,1,4,4,25,62
"COG4731",0,0,27,0,0,0,0,2,0,0
"COG4732",267,211,351,134,260,400,398,367,419,326
"COG4733",4,56,45,520,51,68,123,9,256,4386
"COG4734",164,372,136,185,496,367,768,525,800,253
"COG4735",26,34,11,32,52,26,69,0,11,600
"COG4737",0,26,4,80,0,1,0,0,5,31
"COG4739",47,451,486,175,521,618,685,427,1001,1
"COG4744",503,342,169,23,405,143,354,76,279,4
"COG4747",208,778,687,335,836,1060,830,910,1298,233
"COG4748",43,192,28,1612,312,52,300,72,18,13
"COG4750",424,581,1606,148,781,610,1069,447,1024,641
"COG4752",40,47,28,41,9,79,22,10,47,0
"COG4753",6873,14681,16635,8729,7257,18478,17327,10261,17443,12880
"COG4757",0,0,0,0,1,0,0,0,0,0
"COG4758",4,2,4,23,0,6,4,3,0,5
"COG4760",34,0,0,0,8,0,0,64,0,0
"COG4763",6,92,0,25,108,6,17,70,239,373
"COG4766",12,40,23,28,5,22,13,9,71,489
"COG4767",550,434,764,172,451,422,1072,1627,419,786
"COG4768",0,0,2,1,0,1,0,0,0,3
"COG4769",361,247,528,117,410,374,552,757,349,310
"COG4770",119,13,85,74,25,0,1,4,13,0
"COG4771",3432,6621,6946,9534,4772,7764,5912,2912,8669,1222
"COG4772",0,78,43,17,29,99,24,1,40,0
"COG4773",1,101,9,71,7,11,11,2,13,1217
"COG4774",1,49,10,115,15,22,13,5,26,1628
"COG4775",5244,3891,2403,7195,3979,2687,2596,2230,3272,2401
"COG4776",4,11,9,30,4,55,4,0,2,191
"COG4778",13,28,58,101,8,31,78,2,82,509
"COG4779",1,30,10,50,6,14,9,0,7,700
"COG4781",2,0,4,38,0,9,5,0,0,1
"COG4783",275,151,188,247,122,238,53,156,213,1287
"COG4784",3,225,269,10,393,43,205,346,231,0
"COG4785",1,9,8,34,6,42,3,2,3,196
"COG4786",390,555,881,127,398,348,744,612,317,1210
"COG4787",0,15,5,18,12,11,3,0,16,566
"COG4789",4,25,19,95,5,5,8,5,50,2076
"COG4790",0,10,4,12,0,9,4,4,9,805
"COG4791",1,24,8,52,11,4,6,2,16,758
"COG4792",1,7,4,0,6,0,0,3,12,0
"COG4794",3,6,1,16,3,5,1,1,3,324
"COG4795",0,41,12,59,6,42,10,3,14,1162
"COG4796",265,150,183,230,138,221,50,114,79,1400
"COG4797",0,0,5,5,0,2,0,0,0,0
"COG4799",3296,4823,4623,3835,4896,5445,4393,3819,5288,1192
"COG4803",2,4,9,1,4,1,2,4,0,0
"COG4804",9148,4325,3358,9243,4884,4255,4264,4434,3736,1691
"COG4805",646,611,1035,227,573,730,753,937,860,1020
"COG4806",1169,1022,1254,2418,1671,1850,1406,1263,2121,1261
"COG4807",0,4,3,15,1,2,2,0,17,240
"COG4808",1,12,5,31,4,1,0,0,1,172
"COG4809",6,13,2,0,0,0,18,2,3,0
"COG4810",104,118,87,74,36,62,31,19,55,136
"COG4811",0,7,4,30,4,5,3,1,6,380
"COG4812",14,46,37,26,14,6,37,12,35,244
"COG4813",16,21,2,0,53,0,22,84,16,0
"COG4814",7,3,4,4,4,1,3,10,0,7
"COG4816",113,136,104,151,35,124,47,72,136,570
"COG4819",44,118,65,75,22,37,68,24,95,963
"COG4820",75,92,65,110,30,71,41,46,125,590
"COG4821",6,131,154,15,151,15,74,41,160,25
"COG4822",924,1442,1614,400,1320,2605,1987,749,2736,426
"COG4823",3095,3568,1012,2129,1456,2279,942,1743,900,222
"COG4824",126,143,204,48,143,76,574,852,292,148
"COG4825",2,0,3,0,1,9,1,0,0,0
"COG4826",1399,708,274,2383,954,72,203,592,157,398
"COG4828",19,163,277,13,77,263,140,21,286,0
"COG4829",0,0,0,3,0,0,0,0,0,0
"COG4832",211,187,432,30,302,21,325,447,60,348
"COG4833",178,1750,2053,147,1065,617,1396,2241,1666,20
"COG4834",3,94,195,69,145,68,24,32,116,2
"COG4835",2,2,5,11,0,4,2,4,0,1
"COG4839",1,2,3,8,1,6,5,9,0,0
"COG4842",22,41,180,1,41,22,41,279,2,94
"COG4843",0,1,0,0,12,0,0,161,0,3
"COG4845",306,1510,773,452,1408,1043,1132,1158,1455,405
"COG4849",5,1,0,1908,44,0,66,0,0,0
"COG4850",7,2,0,16,0,0,0,8,5,0
"COG4851",13,44,0,6,0,0,13,27,11,6
"COG4853",1,0,1,0,0,0,0,0,0,0
"COG4856",1018,702,1305,185,1101,1355,1069,1649,542,328
"COG4857",14,29,26,8,32,26,42,56,79,319
"COG4858",2,3,4,20,0,12,5,11,1,5
"COG4859",13,39,36,2,19,84,42,147,12,7
"COG4861",0,6,52,2276,52,8,84,0,0,0
"COG4862",347,230,508,118,187,271,292,682,216,525
"COG4864",257,1058,1240,287,1052,1416,1487,774,1981,6
"COG4865",1,3,1,77,40,22,10,45,68,12
"COG4866",601,1484,1581,455,1181,1927,1805,1774,2315,700
"COG4868",3190,1466,1259,3103,1981,1048,883,897,664,731
"COG4869",176,171,393,156,392,221,257,531,262,535
"COG4870",460,525,2214,155,782,464,1466,2349,774,430
"COG4871",2,0,0,0,0,1,0,0,0,0
"COG4874",20,125,235,36,110,107,66,4,99,1
"COG4877",82,50,138,0,92,192,115,103,10,0
"COG4878",161,249,95,103,210,111,91,357,249,0
"COG4880",212,146,208,21,205,61,37,262,28,105
"COG4884",0,10,32,2,2,15,16,1,4,0
"COG4886",2380,1808,2471,5212,3277,1524,4143,4576,3597,2013
"COG4887",347,305,358,184,186,471,332,550,745,86
"COG4889",63,605,1942,3,1980,396,1513,739,5,1
"COG4890",0,1,4,5,0,2,1,0,1,79
"COG4892",0,0,0,0,0,0,0,2,0,0
"COG4894",215,225,363,46,192,80,285,385,163,77
"COG4895",0,3,0,0,0,0,0,0,0,0
"COG4898",0,6,0,0,1,1,23,6,1,2
"COG4903",0,0,2,1,7,0,0,71,0,1
"COG4905",1133,1213,1899,380,1514,1916,1603,3399,960,1240
"COG4907",21,5,3,5,2,29,2,269,99,3
"COG4908",1,0,0,0,0,0,0,1,4,59
"COG4909",55,72,81,84,25,145,11,30,108,349
"COG4910",4,4,5,7,2,39,4,5,31,77
"COG4912",1096,1231,1274,1116,1623,1321,1444,1009,1228,362
"COG4913",687,671,2583,224,873,3223,902,1050,109,299
"COG4916",3,0,6,0,11,3,0,129,0,0
"COG4917",123,99,109,88,42,101,64,66,166,743
"COG4922",14,18,10,1,71,9,32,55,8,14
"COG4924",31,96,511,47,107,300,0,86,4,0
"COG4925",94,314,295,61,183,122,55,73,108,23
"COG4926",23,50,32,11,15,0,6,287,17,164
"COG4927",15,29,17,6,33,91,157,92,29,386
"COG4928",47,134,104,21,87,112,294,655,133,389
"COG4929",3,47,66,8,11,13,33,23,51,1
"COG4930",598,392,234,66,274,1861,686,429,810,31
"COG4932",2260,1471,6386,1079,2078,2741,4608,7171,1838,6896
"COG4933",661,12,120,601,44,1,37,71,6,14
"COG4936",51,61,179,51,55,118,494,343,107,47
"COG4937",1666,859,300,1464,903,590,335,497,395,1
"COG4938",2797,209,352,34,172,102,129,155,17,1
"COG4939",0,30,6,0,3,0,1,10,0,12
"COG4940",32,34,59,100,42,46,65,35,107,0
"COG4942",97,691,831,3598,277,732,689,239,609,781
"COG4943",3,68,23,160,12,45,23,1,43,2603
"COG4946",4445,5342,4140,1829,4371,6637,6180,2466,5880,85
"COG4947",512,241,423,15,460,1040,403,444,45,8
"COG4948",2633,2715,1813,3044,2276,3107,2205,1260,3694,9906
"COG4950",1,13,5,44,4,6,2,1,5,522
"COG4951",3962,844,46,331,416,130,370,921,729,231
"COG4952",30,27,6,1,14,4,8,11,15,187
"COG4953",56,904,798,88,214,479,286,140,276,749
"COG4955",0,0,0,0,0,0,0,0,0,3
"COG4956",192,51,47,74,122,133,55,213,87,4
"COG4957",0,6,6,0,1,0,0,2,10,0
"COG4959",33,5,0,0,26,1,0,0,0,0
"COG4962",1266,1170,1280,438,1058,992,1422,1694,1223,2022
"COG4963",42,35,0,0,10,86,9,20,0,120
"COG4964",87,103,0,2,418,48,0,2,0,0
"COG4965",209,222,402,99,141,231,270,344,116,385
"COG4967",0,13,3,28,1,7,2,1,9,456
"COG4969",5,31,63,47,9,29,6,5,12,541
"COG4972",238,179,737,108,611,203,403,476,229,208
"COG4973",1227,1773,1612,1795,1835,1583,1625,1894,1133,925
"COG4974",7355,12220,10397,16226,13953,3174,4765,2888,3915,1885
"COG4975",4,2,6,48,0,8,8,0,0,18
"COG4977",477,3063,4845,1025,714,494,864,485,911,4
"COG4978",268,564,514,152,358,428,456,606,590,1714
"COG4981",20,5,6,37,3,0,0,21,57,0
"COG4982",45,11,20,138,13,0,0,17,50,0
"COG4983",35,7,186,171,54,10,10,508,94,215
"COG4984",3,32,46,8,12,61,65,52,155,1
"COG4985",52,211,459,15,375,25,174,103,17,0
"COG4986",1,1,0,18,1,0,0,0,0,0
"COG4987",229,44,25,118,110,78,8,263,11,971
"COG4988",595,285,428,300,491,734,289,777,520,1472
"COG4989",104,132,100,109,50,73,146,263,93,676
"COG4990",236,112,582,15,200,253,264,299,45,222
"COG4992",3301,3123,3694,2286,3542,4133,3537,3137,3781,3593
"COG4993",4,46,43,158,10,40,20,2,28,1853
"COG4995",828,182,311,20,45,82,151,917,113,2
"COG4997",3,1,65,2,13,8,2,97,10,0
"COG4999",4117,13123,15411,7960,8032,9034,11732,8294,7099,2378
"COG5000",1363,3165,3217,2635,2411,3447,3080,2043,4107,175
"COG5001",2997,2895,5768,942,2577,2671,4306,5680,2948,5095
"COG5002",12830,19959,23569,10505,15644,15916,19863,16218,22560,600
"COG5004",0,8,2,5,0,3,0,0,5,5
"COG5005",4,106,0,0,0,12,3,5,3,12
"COG5006",5,44,20,58,10,12,3,6,12,749
"COG5007",0,10,4,25,3,15,1,1,4,361
"COG5009",6820,5111,2355,9222,4864,2721,2816,3430,2877,3370
"COG5011",168,88,187,51,130,713,499,639,414,351
"COG5012",205,436,859,97,260,661,375,324,542,16
"COG5013",24,171,109,440,29,290,30,23,184,3444
"COG5015",283,280,260,38,246,76,402,635,140,258
"COG5016",3687,4113,4325,4468,4311,5659,5042,2955,5706,797
"COG5017",144,300,103,31,355,39,73,135,49,0
"COG5018",574,392,828,162,417,840,545,779,503,364
"COG5026",352,142,227,13,165,125,103,159,120,3
"COG5029",0,20,0,0,0,0,0,1,0,1
"COG5039",11,965,161,166,193,527,102,669,77,0
"COG5048",47,0,41,0,17,0,13,2,16,0
"COG5108",12,0,1,0,0,1,3,1,0,2
"COG5146",904,813,305,1820,852,652,839,67,1138,1
"COG5184",775,873,649,17,896,459,171,4967,248,0
"COG5206",2,207,2,1,141,4,280,27,480,0
"COG5263",777,959,783,790,363,1963,1236,1192,3858,4913
"COG5265",1,0,0,0,2,8,1,1,0,0
"COG5266",5,82,31,32,11,115,8,16,83,1873
"COG5268",24,0,0,0,0,0,0,0,0,0
"COG5271",2,21,23,1,5,0,8,7,0,0
"COG5272",2,2,3,0,1,9,0,0,0,1
"COG5276",15,59,23,8,4,6,20,38,25,1
"COG5279",960,787,1577,156,1046,1122,1386,2741,815,533
"COG5280",180,475,139,101,86,10,850,1518,194,476
"COG5281",50,262,358,344,241,76,289,237,254,4340
"COG5282",36,6,2,47,7,0,0,7,31,0
"COG5283",571,1243,1512,2854,422,141,1548,2182,286,1175
"COG5285",0,0,2,8,0,0,0,0,0,0
"COG5293",10,14,154,0,1,4,37,81,5,11
"COG5294",0,0,0,0,2,0,0,0,0,4
"COG5295",114,220,138,555,357,708,158,38,662,165
"COG5298",4,0,72,97,0,66,0,3,42,0
"COG5301",88,47,71,285,82,268,18,4,127,1583
"COG5302",2,2,0,19,0,2,4,0,0,589
"COG5305",54,97,48,1,328,0,10,45,22,0
"COG5309",20,0,46,0,5,0,14,37,2,0
"COG5314",1,13,4,0,2,0,0,0,0,0
"COG5319",5,10,28,0,5,12,0,5,0,0
"COG5322",5,5,35,42,11,27,33,6,57,0
"COG5324",7,1,5,29,0,473,0,80,0,1
"COG5337",192,226,107,68,238,17,65,172,46,0
"COG5339",1,59,16,105,15,48,12,3,23,2323
"COG5340",4,0,3,0,5,0,364,6,1,0
"COG5341",70,58,58,46,66,121,134,205,175,37
"COG5345",2,9,9,0,7,2,0,6,8,0
"COG5353",2,1,3,12,0,2,0,1,0,2
"COG5360",7,236,141,0,0,123,19,15,50,0
"COG5361",165,186,61,30,114,32,205,294,1,0
"COG5362",7,10,5,11,70,0,1,178,6,0
"COG5368",167,1536,1594,1095,2564,1230,1573,567,2241,6
"COG5373",10,75,141,22,28,60,38,4,39,0
"COG5377",216,224,197,1313,1047,1422,381,427,332,712
"COG5383",1,25,5,45,5,12,12,2,12,862
"COG5393",0,6,3,24,1,5,3,1,5,187
"COG5398",0,0,1,0,3,0,0,0,0,0
"COG5401",1,0,0,0,45,0,0,179,2,0
"COG5404",0,14,6,35,5,12,2,1,9,561
"COG5405",279,56,54,48,133,73,6,169,37,447
"COG5410",50,284,426,40,161,127,950,2841,339,324
"COG5412",359,180,167,172,408,119,775,901,557,0
"COG5413",0,3,2,1,0,20,0,2,0,0
"COG5418",3,13,4,2,0,15,5,3,8,178
"COG5421",822,2071,454,999,163,1641,66,744,1347,171
"COG5423",38,16,32,26,21,47,11,6,55,2
"COG5424",0,0,4,5,0,0,0,0,0,0
"COG5426",10,39,26,26,27,7,1,5,11,385
"COG5427",194,59,172,101,50,286,125,141,169,0
"COG5433",1283,3111,652,520,241,2000,1922,586,1230,4337
"COG5434",14096,9452,11811,20174,9799,12627,9957,7299,9833,1225
"COG5437",0,4,25,45,4,36,2,0,0,1
"COG5438",491,240,524,231,290,457,483,700,524,348
"COG5441",51,31,39,42,7,109,20,40,267,631
"COG5444",34,40,174,1,97,118,163,554,0,239
"COG5445",0,39,6,56,12,20,7,0,26,1217
"COG5449",1,5,7,1,2,2,0,83,0,0
"COG5455",0,8,2,13,0,3,2,0,2,220
"COG5457",0,2,1,0,0,0,0,0,0,0
"COG5459",5,0,0,0,21,0,0,24,0,0
"COG5463",0,19,7,51,0,5,5,0,12,742
"COG5464",2462,883,195,1385,1185,127,48,76,84,2512
"COG5471",3,5,0,10,0,0,19,0,19,4
"COG5474",0,0,0,0,2,0,4,4,0,0
"COG5475",0,9,0,13,1,4,1,0,0,176
"COG5476",25,76,1111,60,172,185,19,100,60,69
"COG5482",11,12,6,8,2,11,11,4,18,0
"COG5483",1,146,0,3,15,0,1,8,0,0
"COG5484",52,90,220,58,44,71,348,71,103,48
"COG5485",5,15,3,21,5,2,0,32,1,72
"COG5492",1239,1268,6445,496,1034,2934,2465,4031,1540,902
"COG5493",3,0,1,0,0,12,3,48,0,34
"COG5495",291,167,314,115,165,271,262,400,215,221
"COG5496",311,413,509,146,474,563,616,598,445,44
"COG5498",2308,1326,454,498,1897,590,1451,1492,682,499
"COG5499",0,21,7,53,5,6,2,1,14,597
"COG5503",0,1,2,5,0,1,1,5,0,1
"COG5504",9,37,11,1,3,0,14,78,23,83
"COG5505",164,90,561,69,225,107,194,238,233,591
"COG5506",0,2,0,19,0,3,5,7,1,4
"COG5507",2,12,2,17,3,5,3,1,7,320
"COG5510",0,3,4,11,0,4,0,0,3,138
"COG5511",98,332,781,320,276,69,683,239,333,1992
"COG5512",192,9,31,69,81,64,26,210,82,1
"COG5514",4,22,0,3,5,44,0,2,0,0
"COG5517",0,10,4,27,0,4,4,0,7,448
"COG5518",16,15,55,18,23,49,4,4,16,9
"COG5519",54,99,662,105,285,155,114,333,5055,135
"COG5520",1760,3361,3048,4156,3393,3048,2038,1491,1906,570
"COG5521",1,0,2,0,0,2,0,1,0,8
"COG5522",35,23,0,1,90,220,60,85,19,0
"COG5523",375,752,1072,118,655,798,836,1051,453,343
"COG5525",71,325,720,520,206,80,955,339,372,2952
"COG5527",180,14,344,79,42,575,93,954,52,1994
"COG5529",2,7,15,51,0,4,6,3,14,366
"COG5532",1,6,64,30,4,6,0,2,2,1604
"COG5542",124,372,320,23,284,14,140,146,59,1
"COG5544",2,7,5,11,1,8,1,1,1,270
"COG5545",15579,8279,7075,11926,13524,8660,7351,3204,6294,1962
"COG5546",0,4,0,0,0,5,2,1,3,0
"COG5549",7,1,5,13,0,10,3,8,0,0
"COG5551",55,21,76,17,38,1,149,200,41,1
"COG5553",0,0,0,10,1,0,0,0,0,0
"COG5557",8,40,11,32,12,76,19,22,58,986
"COG5561",81,56,103,76,79,126,79,150,115,3
"COG5562",0,12,1,17,3,4,2,1,9,712
"COG5564",26,21,11,2,6,0,2,4,12,81
"COG5565",0,6,0,0,0,1,0,0,4,7
"COG5566",0,0,0,17,0,4,3,0,1,8
"COG5567",0,9,6,19,2,1,1,0,2,114
"COG5569",2,18,3,20,2,4,3,0,5,365
"COG5571",1,12,6,29,3,9,4,0,4,526
"COG5577",134,50,374,29,128,48,164,237,59,0
"COG5578",1,1,2,10,0,2,2,0,0,13
"COG5579",35,38,10,444,44,51,44,207,109,1
"COG5581",0,24,2,45,4,3,2,0,6,216
"COG5585",434,76,102,54,249,414,233,672,539,529
"COG5586",3,2,0,0,6,25,0,1,2,28
"COG5587",107,876,728,987,743,776,943,904,1255,20
"COG5595",0,1,0,2,0,18,0,0,0,0
"COG5598",0,31,15,0,10,3,0,2,0,1
"COG5606",0,0,0,11,0,0,0,0,2,66
"COG5610",569,156,762,15,411,14,228,354,1938,1
"COG5614",27,4,8,2,0,3,3,49,49,300
"COG5617",289,21,502,4,151,0,55,36,0,0
"COG5618",7,3,9,4,5,54,0,5,2,29
"COG5619",13,5,4,12,0,46,33,230,9,0
"COG5620",30,139,167,249,103,653,510,582,444,47
"COG5632",339,391,416,128,801,314,625,896,751,580
"COG5633",0,8,3,8,3,24,3,2,3,287
"COG5635",55,36,135,25,183,731,9,29,604,31
"COG5640",5,0,92,0,0,0,19,0,56,0
"COG5642",0,0,0,0,0,0,0,0,0,0
"COG5645",1,20,5,52,6,15,4,4,3,529
"COG5646",0,2,1,1,0,0,1,0,0,29
"COG5651",0,0,0,2,49,0,1,0,0,0
"COG5652",300,169,642,57,368,218,321,812,223,326
"COG5654",0,0,0,0,0,0,0,0,0,0
"COG5655",445,39,4,15,29,25,2,643,58,9013
"COG5658",143,136,254,30,189,57,396,683,54,233
"COG5659",0,5,7,0,0,0,0,1,0,13
"COG5663",8,122,101,21,245,38,91,832,48,86
