"","Sample.1.to.3","Sample.4.to.6","BaseMean","Estimated.dispersion","AbundanceStrata","VariabilityStrata"
"COG0010",-1.5,NA,45800.4727842166,0.119557400021532,"3","1"
"COG0021",NA,-1.5,70513.9000248149,0.0956964477534039,"3","1"
"COG0022",-1.5,NA,53923.5361839974,0.077663712738251,"3","1"
"COG0026",-1.5,NA,28030.9576345351,0.163034591539939,"3","1"
"COG0028",NA,-1.5,160917.191428268,0.0784730083587765,"3","1"
"COG0034",NA,-1.5,59511.5019041363,0.0817664407554938,"3","1"
"COG0037",NA,-1.5,59350.5990453286,0.0553974816538826,"3","1"
"COG0039",-1.5,NA,37922.2373946135,0.108653110974869,"3","1"
"COG0041",-1.5,NA,19267.5353088924,0.0880398667716801,"3","1"
"COG0045",-1.5,NA,53192.2442530197,0.119134543933548,"3","1"
"COG0047",-1.5,NA,45547.960514578,0.0489946438843825,"3","1"
"COG0058",NA,-1.5,22196.508200207,0.671001164065804,"3","2"
"COG0063",-1.5,NA,26444.9210713124,0.122361860905398,"3","1"
"COG0064",-1.5,NA,49471.3827717715,0.130765602747751,"3","1"
"COG0078",NA,-1.5,31306.0294127894,0.0598297038973998,"3","1"
"COG0102",NA,-1.5,18782.7241541612,0.082762956193681,"3","1"
"COG0105",NA,-1.5,16580.6135694649,0.0751304693082556,"3","1"
"COG0127",-1.5,NA,26529.5004792334,0.118045405098324,"3","1"
"COG0132",NA,-1.5,6515.59333112492,0.201889065365543,"2","1"
"COG0137",NA,-1.5,38751.668244192,0.0754775611742374,"3","1"
"COG0144",NA,-1.5,26636.2224175612,0.0684028495103467,"3","1"
"COG0151",NA,-1.5,51245.4314207939,0.0929488804364653,"3","1"
"COG0176",-1.5,NA,44103.4637333035,0.435740759844946,"3","2"
"COG0193",-1.5,NA,21551.1458375085,0.100158773425151,"3","1"
"COG0198",NA,-1.5,9461.09543288449,0.077713340330331,"3","1"
"COG0215",-1.5,NA,57158.4016918205,0.0961922476934221,"3","1"
"COG0220",NA,-1.5,13483.7749639897,0.0941719935422327,"3","1"
"COG0237",-1.5,NA,22920.9708067389,0.0913802253783181,"3","1"
"COG0238",NA,-1.5,8131.45113194135,0.102966192399565,"3","1"
"COG0247",-1.5,NA,66546.5104801767,0.143146636368943,"3","1"
"COG0272",-1.5,NA,80028.5162950345,0.089432749085404,"3","1"
"COG0283",-1.5,NA,24117.3225411607,0.121502541983013,"3","1"
"COG0287",NA,-1.5,32931.3297687628,0.0847111189499583,"3","1"
"COG0306",NA,-1.5,19088.2975112212,0.102099662512454,"3","1"
"COG0315",NA,-1.5,10718.7809754125,0.105341108035065,"3","1"
"COG0323",-1.5,NA,22565.0153133738,0.0473147488974656,"3","1"
"COG0353",-1.5,NA,21383.048833635,0.111032428752874,"3","1"
"COG0368",NA,-1.5,6168.03024975162,0.222895352306471,"2","1"
"COG0371",NA,-1.5,8244.91588565461,0.683523879419839,"3","2"
"COG0379",-1.5,NA,26934.7372710523,0.0635329513555832,"3","1"
"COG0380",NA,-1.5,5848.66197370218,0.492405163781419,"2","2"
"COG0389",NA,-1.5,57194.2363856872,0.0375016810234834,"3","1"
"COG0391",NA,-1.5,12015.7615979496,0.419337889343643,"3","2"
"COG0410",NA,-1.5,44960.8454755088,0.0827187612822782,"3","1"
"COG0412",NA,-1.5,23104.340166421,0.0982164130878137,"3","1"
"COG0416",NA,-1.5,26718.5841825976,0.0945622683841125,"3","1"
"COG0417",-1.5,NA,117487.666994801,0.979986252473543,"3","2"
"COG0421",NA,-1.5,9858.42612870832,0.233676033487586,"3","1"
"COG0438",NA,-1.5,272760.648361096,0.0940604312861375,"3","1"
"COG0450",NA,-1.5,14585.7324748061,0.0945626392175426,"3","1"
"COG0468",NA,-1.5,91644.024264411,0.417867147532752,"3","2"
"COG0488",NA,-1.5,68585.1163418889,0.08910133299525,"3","1"
"COG0498",NA,-1.5,56709.8539791218,0.10292642119886,"3","1"
"COG0503",NA,-1.5,20721.5465715332,0.0601087171111725,"3","1"
"COG0514",-1.5,NA,21089.6722673043,0.270546833597267,"3","1"
"COG0534",NA,-1.5,66202.9381932806,0.0401143158803132,"3","1"
"COG0555",NA,-1.5,1243.88564341511,0.830153183074861,"2","2"
"COG0578",NA,-1.5,19774.2975833586,0.111720758697794,"3","1"
"COG0613",-1.5,NA,10774.2236773044,0.139004382952602,"3","1"
"COG0614",-1.5,NA,17132.147064918,0.139258060220573,"3","1"
"COG0651",-1.5,NA,23166.387604865,0.321970532892983,"3","2"
"COG0659",NA,-1.5,41484.9711318488,0.191587425193694,"3","1"
"COG0700",NA,-1.5,1668.14183227572,0.617129545270895,"2","2"
"COG0716",-1.5,NA,6773.4923146376,0.487360282788221,"2","2"
"COG0718",-1.5,NA,7610.4984654245,0.0750418408850156,"2","1"
"COG0720",-1.5,NA,11422.118090957,0.169119654663821,"3","1"
"COG0732",-1.5,NA,8642.49147659836,0.89361569906177,"3","2"
"COG0735",-1.5,NA,34389.4488991996,0.152449599051892,"3","1"
"COG0736",NA,-1.5,9329.95187099925,0.131217514297571,"3","1"
"COG0739",-1.5,NA,98592.1178489066,0.0481984013762382,"3","1"
"COG0742",NA,-1.5,19303.3414287687,0.107507420263573,"3","1"
"COG0745",-1.5,NA,102634.893547728,0.0653726791385257,"3","1"
"COG0754",NA,-1.5,1001.27470866775,1.12091852397801,"2","2"
"COG0755",-1.5,NA,36252.5065101244,0.12320447708595,"3","1"
"COG0780",-1.5,NA,9178.65319859001,0.0534755007096495,"3","1"
"COG0787",-1.5,NA,24413.699189968,0.0746268499475567,"3","1"
"COG0804",-1.5,NA,14867.8038441531,0.424382512225319,"3","2"
"COG0809",-1.5,NA,25227.3980679118,0.0640645767437091,"3","1"
"COG0812",-1.5,NA,31057.8505688461,0.101162064921211,"3","1"
"COG0819",NA,-1.5,3956.85867361486,0.461689111037807,"2","2"
"COG0830",NA,-1.5,5821.52935915282,0.408875073379294,"2","2"
"COG0843",-1.5,NA,84775.1939653755,0.0600940886732923,"3","1"
"COG0849",-1.5,NA,29049.6983883226,0.0546720354195917,"3","1"
"COG0859",-1.5,NA,52661.5814790977,0.120652659577979,"3","1"
"COG0861",NA,-1.5,19155.5239674228,0.147596983491504,"3","1"
"COG1005",NA,-1.5,39168.1731599646,0.165621354943126,"3","1"
"COG1008",-1.5,NA,62531.1748631042,0.217094672000017,"3","1"
"COG1031",NA,-1.5,2386.33021766524,1.32574220441795,"2","2"
"COG1033",-1.5,NA,101057.271273085,0.110116021090893,"3","1"
"COG1034",-1.5,NA,42028.4587661258,0.174608913818463,"3","1"
"COG1053",NA,-1.5,115810.616597901,0.116120998454601,"3","1"
"COG1054",-1.5,NA,30723.8439514241,0.218440630669922,"3","1"
"COG1062",NA,-1.5,21404.6374099652,0.170343222210124,"3","1"
"COG1067",NA,-1.5,6985.38925645681,0.551594847625588,"2","2"
"COG1073",-1.5,NA,37990.1843468041,0.0442965470355923,"3","1"
"COG1089",-1.5,NA,46024.8994086574,0.346795757044248,"3","2"
"COG1092",NA,-1.5,8489.60731535491,0.585758545389074,"3","2"
"COG1101",-1.5,NA,195.809508077422,1.05261473663565,"1","2"
"COG1119",-1.5,NA,6235.13808852631,0.334058241390404,"2","2"
"COG1140",-1.5,NA,1870.73713195863,2.05238427423978,"2","3"
"COG1148",-1.5,NA,2749.41851504468,4.22882148972233,"2","3"
"COG1164",-1.5,NA,16302.668365006,0.242796123418063,"3","1"
"COG1180",-1.5,NA,2987.8486186162,1.84269438160507,"2","3"
"COG1181",-1.5,NA,34031.8689584478,0.0754216594478671,"3","1"
"COG1183",NA,-1.5,22233.2921632725,0.0751682064190793,"3","1"
"COG1188",NA,-1.5,2374.31608852001,0.245995461911393,"2","1"
"COG1201",NA,-1.5,37822.8433800052,0.220526296497353,"3","1"
"COG1204",NA,-1.5,12256.3612500318,0.636678301528104,"3","2"
"COG1208",NA,-1.5,59934.4835568066,0.131624641307307,"3","1"
"COG1210",-1.5,NA,16827.9062344578,0.0589888279866762,"3","1"
"COG1228",NA,-1.5,70621.404140806,0.149115389516398,"3","1"
"COG1256",NA,-1.5,9210.66162451224,0.232077309039588,"3","1"
"COG1267",NA,-1.5,9174.79909571612,0.107470014889355,"3","1"
"COG1275",NA,-1.5,410.135527395022,2.6025019254652,"1","3"
"COG1280",NA,-1.5,36974.9830812471,0.0627361846999849,"3","1"
"COG1287",-1.5,NA,14940.9472001117,1.11940073298708,"3","2"
"COG1320",NA,-1.5,1013.93107445929,0.592013899173682,"2","2"
"COG1337",-1.5,NA,2.99756383526798,12.057464544869,"1","3"
"COG1347",NA,-1.5,6636.51628447208,0.175169335856577,"2","1"
"COG1370",-1.5,NA,4033.1636368592,1.3675124692778,"2","2"
"COG1379",-1.5,NA,262.209331578528,5.79939832418779,"1","3"
"COG1380",NA,-1.5,326.607302389006,1.64956654417695,"1","3"
"COG1395",-1.5,NA,16.9150084249457,6.99589755198012,"1","3"
"COG1396",NA,-1.5,25780.1646545874,0.125229470084594,"3","1"
"COG1400",NA,-1.5,75.546801145021,1.26568711058372,"1","2"
"COG1403",NA,-1.5,24667.534095571,0.234149931361863,"3","1"
"COG1406",NA,-1.5,433.696715027306,1.83698367304056,"1","3"
"COG1407",NA,-1.5,6055.74732207957,0.28576692859448,"2","1"
"COG1408",-1.5,NA,5476.92813603936,0.215935628933486,"2","1"
"COG1411",NA,-1.5,543.852995431522,0.365288796523779,"1","2"
"COG1422",-1.5,NA,2155.31366072146,1.50089608327893,"2","3"
"COG1431",-1.5,NA,220.865583856606,1.54202250887558,"1","3"
"COG1436",-1.5,NA,625.270666180017,1.08277020415692,"1","2"
"COG1439",-1.5,NA,1830.89128741372,1.45102565553939,"2","3"
"COG1450",-1.5,NA,18827.9781259985,0.103766030533437,"3","1"
"COG1461",-1.5,NA,3489.44785688887,1.4941305865665,"2","3"
"COG1477",-1.5,NA,14065.3140222442,0.0574744177709077,"3","1"
"COG1485",-1.5,NA,18590.0666486142,0.266199304157353,"3","1"
"COG1486",-1.5,NA,6135.27355289557,0.556743173159214,"2","2"
"COG1505",NA,-1.5,14921.6697178304,0.103297439949878,"3","1"
"COG1516",-1.5,NA,1586.67924310844,0.500477548077878,"2","2"
"COG1523",NA,-1.5,15317.6973708945,0.503890014804753,"3","2"
"COG1534",-1.5,NA,1203.74833030573,0.507377458689784,"2","2"
"COG1540",-1.5,NA,13780.455150776,0.0946667475845344,"3","1"
"COG1550",-1.5,NA,180.239728541543,4.98383348258126,"1","3"
"COG1559",-1.5,NA,17049.3272959051,0.0461011834230889,"3","1"
"COG1560",NA,-1.5,32237.8741248668,0.0902601238443987,"3","1"
"COG1566",-1.5,NA,4974.00156520714,0.692233119441479,"2","2"
"COG1574",-1.5,NA,26522.9845256672,0.288596984360643,"3","1"
"COG1575",-1.5,NA,15066.6585864837,0.243726019138829,"3","1"
"COG1576",-1.5,NA,8029.94325488908,0.129556208137229,"3","1"
"COG1578",NA,-1.5,65.649823237943,2.15511566928708,"1","3"
"COG1587",-1.5,NA,20631.2875719637,0.0868588323918298,"3","1"
"COG1589",-1.5,NA,8690.2149397686,0.079968393441402,"3","1"
"COG1591",NA,-1.5,21.0356901030132,6.33426762050387,"1","3"
"COG1602",NA,-1.5,2942.6183516572,3.72771530236741,"2","3"
"COG1603",NA,-1.5,38.4033143952014,3.52839294889092,"1","3"
"COG1604",-1.5,NA,3.5727608424714,4.03900023004526,"1","3"
"COG1609",NA,-1.5,26564.2096725756,0.350863198558812,"3","2"
"COG1615",NA,-1.5,15333.6594052033,0.74120582678214,"3","2"
"COG1626",-1.5,NA,2363.45379567181,0.823115856612663,"2","2"
"COG1630",NA,-1.5,1483.64370453952,5.26505609871246,"2","3"
"COG1647",NA,-1.5,1230.82183419461,1.11185667114591,"2","2"
"COG1680",NA,-1.5,98086.205390047,0.0399966053955564,"3","1"
"COG1700",-1.5,NA,156.921230424329,2.06307807889497,"1","3"
"COG1741",NA,-1.5,23858.3908314455,0.0546624468736697,"3","1"
"COG1742",-1.5,NA,899.516104918578,1.4225857983061,"2","2"
"COG1744",NA,-1.5,25323.3502953898,0.122882884337726,"3","1"
"COG1752",NA,-1.5,13918.6697296718,0.374790779814518,"3","2"
"COG1764",NA,-1.5,3522.19456753722,0.384987299982368,"2","2"
"COG1765",NA,-1.5,4472.31759810238,0.176342639959001,"2","1"
"COG1768",NA,-1.5,18.8422962286396,3.65905677090776,"1","3"
"COG1781",-1.5,NA,1923.796459965,1.38805229877253,"2","2"
"COG1798",NA,-1.5,3797.70331440437,1.44841468332965,"2","3"
"COG1804",NA,-1.5,101366.646739159,0.176132503984647,"3","1"
"COG1818",-1.5,NA,1021.56566048423,3.09943885759797,"2","3"
"COG1824",-1.5,NA,541.259573328064,2.35367893665593,"1","3"
"COG1843",NA,-1.5,3665.63118369315,0.244493075903163,"2","1"
"COG1852",-1.5,NA,262.366378183169,1.84313773934526,"1","3"
"COG1855",NA,-1.5,2536.48847931231,1.62982717371308,"2","3"
"COG1859",-1.5,NA,1327.2470583315,0.702791828443251,"2","2"
"COG1878",NA,-1.5,4563.53739717068,0.336901270117676,"2","2"
"COG1883",-1.5,NA,5385.60593958441,0.344658045619083,"2","2"
"COG1897",NA,-1.5,7433.0382212338,0.278874987365171,"2","1"
"COG1906",NA,-1.5,395.280596976024,3.33127488566787,"1","3"
"COG1911",-1.5,NA,491.058619766309,1.09287332224064,"1","2"
"COG1923",-1.5,NA,1475.28453178215,0.284173762465449,"2","1"
"COG1943",-1.5,NA,3322.77264934019,1.17942114011757,"2","2"
"COG1969",-1.5,NA,158.955639507638,2.63480323035469,"1","3"
"COG1971",NA,-1.5,369.5086310811,1.81393256690991,"1","3"
"COG1992",-1.5,NA,2469.10218161053,1.87868038354441,"2","3"
"COG2007",NA,-1.5,1724.13647760857,1.29009241581107,"2","2"
"COG2016",NA,-1.5,1816.68657217024,1.22938237321941,"2","2"
"COG2018",NA,-1.5,6.66298297139644,3.92898280664091,"1","3"
"COG2020",-1.5,NA,8785.42127622036,0.116185545108878,"3","1"
"COG2023",-1.5,NA,581.797724907569,4.59861725653886,"1","3"
"COG2036",-1.5,NA,1101.0012458459,1.06811503354251,"2","2"
"COG2043",NA,-1.5,605.086210109916,1.09835793015056,"1","2"
"COG2046",NA,-1.5,15352.9205615593,0.295855953151967,"3","1"
"COG2052",NA,-1.5,9.87165774525159,7.27497273755954,"1","3"
"COG2058",-1.5,NA,1183.26116072869,1.42594635692957,"2","2"
"COG2074",-1.5,NA,1617.11114662416,1.23334029205064,"2","2"
"COG2081",-1.5,NA,13186.9959246146,0.473380309385859,"3","2"
"COG2087",NA,-1.5,3371.61608076427,0.314761695182306,"2","2"
"COG2096",-1.5,NA,9711.61971440969,0.0725482079462305,"3","1"
"COG2102",NA,-1.5,3011.44739721152,0.923600867162447,"2","2"
"COG2113",NA,-1.5,36143.1303465387,0.221404102709157,"3","1"
"COG2114",-1.5,NA,82443.280790966,0.21654348058185,"3","1"
"COG2121",-1.5,NA,5277.73701696843,0.308033416973864,"2","2"
"COG2141",NA,-1.5,104533.72023553,0.324732962107645,"3","2"
"COG2167",-1.5,NA,22.3087897800188,2.07679356598891,"1","3"
"COG2170",NA,-1.5,7707.14107996891,0.649929641634149,"2","2"
"COG2178",NA,-1.5,2609.91562314763,1.44796804806931,"2","3"
"COG2191",-1.5,NA,17.3343034176958,7.04934823972392,"1","3"
"COG2205",-1.5,NA,2334.033414212,1.42739814562792,"2","2"
"COG2209",NA,-1.5,6351.02615406731,0.177261551704175,"2","1"
"COG2221",-1.5,NA,2585.56159606122,0.646044195339031,"2","2"
"COG2241",-1.5,NA,6287.1553939055,0.354765952747296,"2","2"
"COG2263",-1.5,NA,1162.44236691938,0.789937238222976,"2","2"
"COG2264",NA,-1.5,13028.8924104253,0.0804981255059719,"3","1"
"COG2302",-1.5,NA,3329.50120681924,2.57812218326821,"2","3"
"COG2310",-1.5,NA,525.493286540888,1.51209680916803,"1","3"
"COG2311",-1.5,NA,4562.53616773574,0.218848435347047,"2","1"
"COG2320",-1.5,NA,267.989091500754,0.666593809316226,"1","2"
"COG2335",-1.5,NA,8869.87088228831,0.404644403233976,"3","2"
"COG2339",NA,-1.5,2683.33191390104,0.525723715836974,"2","2"
"COG2356",-1.5,NA,6463.26826167122,0.361790883550544,"2","2"
"COG2364",-1.5,NA,11112.9227638762,0.542329866079315,"3","2"
"COG2368",-1.5,NA,9898.49542080828,0.715705951146484,"3","2"
"COG2372",-1.5,NA,355.112684792612,1.61531996946705,"1","3"
"COG2412",NA,-1.5,551.889990806848,4.65665216379457,"1","3"
"COG2425",NA,-1.5,362.97163055148,1.58669725448135,"1","3"
"COG2513",-1.5,NA,27350.5756647297,0.0834568668879685,"3","1"
"COG2524",NA,-1.5,22.4356382283663,3.62689608298417,"1","3"
"COG2602",NA,-1.5,386.880987679963,2.14002102854603,"1","3"
"COG2607",NA,-1.5,3266.72260202366,0.235976556518442,"2","1"
"COG2608",NA,-1.5,581.089672666541,1.34014736871901,"1","2"
"COG2720",NA,-1.5,612.793273816367,1.03187415003949,"1","2"
"COG2733",NA,-1.5,1122.72128578914,1.94894759177779,"2","3"
"COG2738",NA,-1.5,3701.27121303671,0.385730448705195,"2","2"
"COG2740",-1.5,NA,1451.62759221313,0.488210010548311,"2","2"
"COG2768",NA,-1.5,539.018190296874,3.05069622183601,"1","3"
"COG2827",-1.5,NA,3116.8236654654,0.366358261543663,"2","2"
"COG2829",NA,-1.5,1484.31418718404,1.87828992694932,"2","3"
"COG2834",NA,-1.5,4401.51510707351,0.125455069802962,"2","1"
"COG2836",NA,-1.5,1359.41939993791,1.56950053097883,"2","3"
"COG2863",NA,-1.5,7198.56683302828,0.204503893122697,"2","1"
"COG2869",-1.5,NA,7446.10247004462,0.187777520930843,"2","1"
"COG2897",-1.5,NA,22584.2392109856,0.121868241327639,"3","1"
"COG2899",NA,-1.5,784.536540530139,0.908504722075852,"2","2"
"COG2901",-1.5,NA,1927.55183502651,0.174282092095634,"2","1"
"COG2902",NA,-1.5,11570.3860540419,1.06192070475085,"3","2"
"COG2909",NA,-1.5,3657.19820574575,1.96003018355525,"2","3"
"COG2922",NA,-1.5,1094.42487146286,0.947497476113688,"2","2"
"COG2929",NA,-1.5,213.215802274453,1.34611435706868,"1","2"
"COG2954",NA,-1.5,3463.02668396739,0.324784792044645,"2","2"
"COG2956",NA,-1.5,5042.31062996424,0.32467721708981,"2","2"
"COG2959",-1.5,NA,2437.89335652652,0.896517459225516,"2","2"
"COG2977",-1.5,NA,850.829190453601,0.570431531926602,"2","2"
"COG2985",NA,-1.5,253.205932579117,1.64452285207247,"1","3"
"COG3001",-1.5,NA,6372.71666167711,0.293709696938154,"2","1"
"COG3008",NA,-1.5,2357.62868709063,1.85915190877545,"2","3"
"COG3010",-1.5,NA,736.728771801749,0.721586141925863,"2","2"
"COG3017",-1.5,NA,1100.33140969223,0.771604539165403,"2","2"
"COG3025",NA,-1.5,2138.80672768092,1.58622237903513,"2","3"
"COG3027",-1.5,NA,5701.72441369945,0.206219622495601,"2","1"
"COG3037",NA,-1.5,11.5749734626101,3.21356682338927,"1","3"
"COG3070",-1.5,NA,322.094102622864,0.648545276212779,"1","2"
"COG3071",-1.5,NA,3111.67056951115,0.632088487738502,"2","2"
"COG3079",NA,-1.5,1609.74565702511,0.637819228659079,"2","2"
"COG3103",-1.5,NA,790.303871566728,1.42132336013409,"2","2"
"COG3126",-1.5,NA,395.602610224312,2.75517038259104,"1","3"
"COG3150",-1.5,NA,2756.83839990576,0.495293728987196,"2","2"
"COG3155",NA,-1.5,1989.88019030059,0.86165785214658,"2","2"
"COG3166",NA,-1.5,1001.70495242519,1.14667205558357,"2","2"
"COG3168",NA,-1.5,893.553897289396,1.38607100618002,"2","2"
"COG3178",NA,-1.5,19236.8821947308,0.150094220947741,"3","1"
"COG3190",-1.5,NA,230.506175247059,1.94411693187717,"1","3"
"COG3232",NA,-1.5,518.115259729841,0.304076067577666,"1","2"
"COG3240",-1.5,NA,495.187224431312,0.881663097473258,"1","2"
"COG3248",-1.5,NA,665.192436448635,1.89681451187587,"1","3"
"COG3269",NA,-1.5,156.654718269794,2.30018400949721,"1","3"
"COG3288",NA,-1.5,46514.0459962687,0.116357568346552,"3","1"
"COG3303",NA,-1.5,120.242967468712,4.4673802845968,"1","3"
"COG3312",-1.5,NA,663.663978754706,1.21898674615822,"1","2"
"COG3326",NA,-1.5,599.657028674828,2.30570831398836,"1","3"
"COG3331",NA,-1.5,39.3369771992014,2.51560827431163,"1","3"
"COG3341",-1.5,NA,507.883482106343,0.775652755360987,"1","2"
"COG3376",NA,-1.5,37.6410321861666,2.14306501423852,"1","3"
"COG3393",-1.5,NA,142.796200326192,0.824820011986167,"1","2"
"COG3397",-1.5,NA,356.683957588554,0.958824471856579,"1","2"
"COG3403",-1.5,NA,527.808337027116,2.15896849407256,"1","3"
"COG3419",NA,-1.5,20319.7083359227,0.239833185242744,"3","1"
"COG3455",-1.5,NA,579.357703388112,1.40511349807892,"1","2"
"COG3480",-1.5,NA,2473.63453587576,0.845575321063375,"2","2"
"COG3481",-1.5,NA,2792.17781222412,0.586253249997355,"2","2"
"COG3482",NA,-1.5,32.2892765252807,2.70826339291423,"1","3"
"COG3501",NA,-1.5,2769.15453732878,0.865786735737016,"2","2"
"COG3512",-1.5,NA,74.3043899733388,1.36060744829108,"1","2"
"COG3517",-1.5,NA,1385.59950631441,1.1187801891246,"2","2"
"COG3518",-1.5,NA,243.760486113954,1.75120126827839,"1","3"
"COG3535",NA,-1.5,1536.92292914891,0.76836430203616,"2","2"
"COG3538",NA,-1.5,654.529496629146,1.00205845065229,"1","2"
"COG3542",NA,-1.5,2861.98905398103,0.319430758268568,"2","2"
"COG3552",NA,-1.5,8471.09877119445,0.193644773970444,"3","1"
"COG3558",NA,-1.5,571.371388564722,1.06353662387998,"1","2"
"COG3598",NA,-1.5,1572.9887652487,1.6836362414753,"2","3"
"COG3599",NA,-1.5,891.383637451626,0.936173754366974,"2","2"
"COG3616",-1.5,NA,8725.77307587765,0.131880846755201,"3","1"
"COG3621",NA,-1.5,3571.34483523506,0.276202179330969,"2","1"
"COG3625",-1.5,NA,601.26283130971,2.21583446333796,"1","3"
"COG3638",NA,-1.5,10057.7995538179,0.204729602783072,"3","1"
"COG3644",NA,-1.5,120.166210287111,1.12720108984386,"1","2"
"COG3645",NA,-1.5,45.8952520625373,3.10379104921342,"1","3"
"COG3659",-1.5,NA,1639.10965459115,1.41636024063742,"2","2"
"COG3677",-1.5,NA,661.849509504998,1.78386568220935,"1","3"
"COG3684",-1.5,NA,1028.26850609287,0.705681511263393,"2","2"
"COG3704",NA,-1.5,297.499578271615,2.0045077228598,"1","3"
"COG3713",NA,-1.5,1391.63511367716,1.00988870416029,"2","2"
"COG3719",-1.5,NA,299.577731068536,1.33346277028575,"1","2"
"COG3745",NA,-1.5,858.481040786827,1.9398471409336,"2","3"
"COG3758",NA,-1.5,125.282080985327,1.90337809289732,"1","3"
"COG3784",NA,-1.5,262.448115240516,1.77645685415354,"1","3"
"COG3805",NA,-1.5,208.993540927589,0.730049620298726,"1","2"
"COG3811",-1.5,NA,33.2249422813064,1.94321411814074,"1","3"
"COG3833",-1.5,NA,2154.91030835171,0.66824910962594,"2","2"
"COG3864",NA,-1.5,11775.9532977894,1.37531489843845,"3","2"
"COG3874",NA,-1.5,31.4451857065431,16.6460537945428,"1","3"
"COG3883",NA,-1.5,212.046426523637,2.41620469705635,"1","3"
"COG3908",-1.5,NA,2295.66706920089,0.341623667052949,"2","2"
"COG3910",NA,-1.5,126.713123739592,1.03099199281432,"1","2"
"COG3911",NA,-1.5,1448.46261920067,0.379251966158554,"2","2"
"COG3916",NA,-1.5,224.166033565956,1.76421298283086,"1","3"
"COG3918",NA,-1.5,2.94007241017596,6.3903110860585,"1","3"
"COG3920",NA,-1.5,7444.09071688325,1.32585596022164,"2","2"
"COG3940",-1.5,NA,821.152936511018,2.13017173887453,"2","3"
"COG3975",NA,-1.5,6031.63898301264,0.293470184583027,"2","1"
"COG4034",-1.5,NA,85.9528534509215,2.18615127364703,"1","3"
"COG4046",-1.5,NA,2274.10529666594,5.20724264333212,"2","3"
"COG4100",NA,-1.5,5752.76916212431,2.65103071279565,"2","3"
"COG4102",-1.5,NA,19591.2724541845,0.387568503198237,"3","2"
"COG4104",-1.5,NA,500.09662800425,0.849637770035079,"1","2"
"COG4105",NA,-1.5,22679.1592726415,0.0893233620335081,"3","1"
"COG4121",-1.5,NA,10912.2689028523,0.245180147069322,"3","1"
"COG4133",NA,-1.5,7142.45789284605,0.0889195468563963,"2","1"
"COG4146",-1.5,NA,23274.0077396773,0.179929175319476,"3","1"
"COG4168",-1.5,NA,1.55928162365123,4.83312846979383,"1","3"
"COG4181",NA,-1.5,8226.10850411256,0.0852434300030858,"3","1"
"COG4187",NA,-1.5,16.733388191558,4.7599489578096,"1","3"
"COG4208",-1.5,NA,459.631257423616,2.21249096292003,"1","3"
"COG4235",NA,-1.5,5128.71137549612,0.236935334707405,"2","1"
"COG4241",NA,-1.5,2009.99165433167,2.42408448179498,"2","3"
"COG4242",NA,-1.5,1685.11605121888,0.954579750397265,"2","2"
"COG4248",-1.5,NA,247.041800024723,0.699372932465478,"1","2"
"COG4261",NA,-1.5,475.020102048063,2.43369950966161,"1","3"
"COG4274",-1.5,NA,3845.38932644447,0.71353198369639,"2","2"
"COG4275",-1.5,NA,632.192492038056,2.05715577162546,"1","3"
"COG4280",NA,-1.5,10.656000069282,5.38323559128001,"1","3"
"COG4302",NA,-1.5,670.77682500223,2.05617587648339,"1","3"
"COG4303",-1.5,NA,1084.49198728996,1.98570956266954,"2","3"
"COG4333",NA,-1.5,3667.72942906626,0.399537426060186,"2","2"
"COG4370",NA,-1.5,8908.90091564509,2.6945745928972,"3","3"
"COG4379",-1.5,NA,66.7160738798724,3.46597508658941,"1","3"
"COG4382",-1.5,NA,166.697265639396,2.49903443657546,"1","3"
"COG4389",NA,-1.5,84.1885278673895,3.35768368812668,"1","3"
"COG4421",-1.5,NA,6961.29579680591,0.326416218661866,"2","2"
"COG4430",NA,-1.5,485.042222359159,1.62039878445085,"1","3"
"COG4445",-1.5,NA,4987.61297391716,0.336530936107733,"2","2"
"COG4447",-1.5,NA,7978.06691649265,0.272817470255622,"3","1"
"COG4460",-1.5,NA,2.39719660159593,10.253604095544,"1","3"
"COG4474",NA,-1.5,25.8971493386931,5.25939093421109,"1","3"
"COG4553",-1.5,NA,1919.14501175372,0.817346217721988,"2","2"
"COG4558",-1.5,NA,3358.34978802723,1.19711437539306,"2","2"
"COG4568",NA,-1.5,98.2721215666205,3.00433543885663,"1","3"
"COG4582",-1.5,NA,1262.39152993505,0.4744894890773,"2","2"
"COG4583",NA,-1.5,7566.53287004506,0.290264763221485,"2","1"
"COG4615",-1.5,NA,568.41176206932,1.38155011244962,"1","2"
"COG4633",-1.5,NA,597.150938213962,2.08647864537984,"1","3"
"COG4634",-1.5,NA,42.5846198170741,1.27310474218402,"1","2"
"COG4653",-1.5,NA,2628.02673652964,1.8458968402347,"2","3"
"COG4663",-1.5,NA,54210.1660106982,0.146878810510375,"3","1"
"COG4668",-1.5,NA,1204.53077270494,0.700051869795225,"2","2"
"COG4676",NA,-1.5,181.106616631699,2.13613658933976,"1","3"
"COG4712",NA,-1.5,811.231734494064,2.78535498602354,"2","3"
"COG4720",-1.5,NA,3.94290535056526,6.49993015395694,"1","3"
"COG4733",-1.5,NA,21565.3205639053,2.11131843300961,"3","3"
"COG4775",-1.5,NA,72148.5969993975,0.0814425977938326,"3","1"
"COG4789",NA,-1.5,97.1461163098886,1.8247065516213,"1","3"
"COG4798",-1.5,NA,6198.21463562778,0.109522292054454,"2","1"
"COG4825",-1.5,NA,86.6006796416908,2.29673129272351,"1","3"
"COG4834",NA,-1.5,132.167192333368,3.50797308330773,"1","3"
"COG4889",NA,-1.5,13916.5697422803,1.06960024915818,"3","2"
"COG4892",NA,-1.5,7.61306506751248,4.14416919152084,"1","3"
"COG4894",NA,-1.5,141.878040562006,1.34802350486321,"1","2"
"COG4924",-1.5,NA,427.894596216661,2.17748758153434,"1","3"
"COG4942",-1.5,NA,9754.72778487647,0.123561044989945,"3","1"
"COG4943",-1.5,NA,922.71560350878,2.25647234091482,"2","3"
"COG4981",-1.5,NA,14.0679769530598,2.242106365557,"1","3"
"COG5001",-1.5,NA,55730.609505597,1.45931465198353,"3","3"
"COG5006",NA,-1.5,798.341197150054,1.29727046167904,"2","2"
"COG5061",-1.5,NA,157.897002549009,3.35644327521823,"1","3"
"COG5077",-1.5,NA,1077.37613526901,2.37214306994969,"2","3"
"COG5079",-1.5,NA,125.65997908856,3.05549486568742,"1","3"
"COG5109",NA,-1.5,21.2518508244621,3.39501388822125,"1","3"
"COG5111",NA,-1.5,92.5419894290992,2.92651352779183,"1","3"
"COG5112",-1.5,NA,22.5884008185967,3.92281543884701,"1","3"
"COG5117",NA,-1.5,146.360449583305,3.66234081704271,"1","3"
"COG5133",-1.5,NA,35.063003066592,3.83947980669979,"1","3"
"COG5149",-1.5,NA,3.35834399508397,13.1493251044026,"1","3"
"COG5184",NA,-1.5,26060.7724725195,0.914211366482433,"3","2"
"COG5206",-1.5,NA,85.509628415359,2.63847294845528,"1","3"
"COG5215",NA,-1.5,540.681242833883,2.8357892012525,"1","3"
"COG5218",NA,-1.5,170.682979929919,3.31202762052941,"1","3"
"COG5240",NA,-1.5,182.829444453272,2.88632488537516,"1","3"
"COG5267",-1.5,NA,17342.3307979974,0.376435443457294,"3","2"
"COG5278",-1.5,NA,1024.41552040602,1.84332746629045,"2","3"
"COG5285",NA,-1.5,42107.6815734647,0.297842491358854,"3","1"
"COG5331",-1.5,NA,1703.84257199912,0.114067435182836,"2","1"
"COG5333",-1.5,NA,175.11011898845,2.91105378277657,"1","3"
"COG5340",-1.5,NA,60.2967281564517,1.97442718219949,"1","3"
"COG5381",-1.5,NA,7.4196372618867,3.06238413978227,"1","3"
"COG5383",NA,-1.5,158.779223998495,1.79984871360663,"1","3"
"COG5403",NA,-1.5,33.756371312207,3.6211933390542,"1","3"
"COG5434",-1.5,NA,2050.19770058635,0.771987847229175,"2","2"
"COG5464",NA,-1.5,218.086085315702,2.07822585386673,"1","3"
"COG5466",NA,-1.5,2.87838583663647,4.41108722916716,"1","3"
"COG5473",-1.5,NA,904.17304451691,1.85928911709775,"2","3"
"COG5484",NA,-1.5,163.021216710226,2.57057470830203,"1","3"
"COG5489",-1.5,NA,568.275520722906,1.97645435538239,"1","3"
"COG5490",NA,-1.5,224.561979519444,2.06925326339931,"1","3"
"COG5492",NA,-1.5,236.502177757686,1.33678570594001,"1","2"
"COG5501",-1.5,NA,2030.63702217527,0.164876331412739,"2","1"
"COG5507",NA,-1.5,415.375012732959,1.88339660781678,"1","3"
"COG5528",-1.5,NA,185.049293958912,1.48328120660432,"1","3"
"COG5540",-1.5,NA,353.873757216087,0.978053346787322,"1","2"
"COG5560",-1.5,NA,445.466393602118,1.56353473075081,"1","3"
"COG5575",NA,-1.5,101.808490743282,3.10056532101271,"1","3"
"COG5585",-1.5,NA,104.329268178863,2.47688472694984,"1","3"
"COG5587",NA,-1.5,1283.32637729314,0.577470613833212,"2","2"
"COG5589",-1.5,NA,490.29970532827,0.799366433625177,"1","2"
"COG5598",-1.5,NA,23146.8171256589,0.668223381434683,"3","2"
"COG5601",NA,-1.5,96.5875986108462,3.0327656860431,"1","3"
"COG5605",-1.5,NA,2096.62002469312,0.864239872224586,"2","2"
"COG5616",NA,-1.5,27724.7426498863,0.169326155202311,"3","1"
"COG5628",NA,-1.5,28.7273899247035,3.77545623820939,"1","3"
"COG5662",-1.5,NA,80.2749986209507,1.99127667195548,"1","3"
