"","DLF012","DLF009","NLF007","NOF013","DOF014","DOF008","NLM024","NOM007","DOM001","NOM012","NLM025","DLM024","NLM028","DOM024","DOM026","DLM012","DLM011","DLM018","DLM014","DOM015","NLF009","DOF011","NOM017","DLM006","NOM008","NLM007","NLM016","DLM028","NOM002","DLM004","NLM029","DLM016","NLM006","NOM022","NOF010","DLF005","NLM009","NLM032","DLM003","NOM010","DOF009","NLM017","DOM010","DOF004","DLM023","NOF006","DOM022","NLM026","NLF012","NOM001","DLF008","NLM027","NLF013","DLF003","DOF003","NOM018","NOM027","DLM022","DLM010","NOM020"
"COG0001",208,100,67,45,145,62,39,85,96,113,58,83,38,50,111,41,21,71,55,154,59,81,60,46,40,83,36,75,200,29,86,38,55,41,29,66,33,107,34,62,54,21,79,95,64,63,78,62,101,250,45,90,63,64,32,94,202,116,52,25
"COG0002",240,148,248,197,215,230,255,179,197,206,253,115,224,223,191,243,240,287,199,254,218,248,221,198,247,230,197,193,228,185,201,259,219,201,215,224,237,197,195,196,183,171,222,236,254,167,196,219,216,228,151,162,235,229,172,215,324,158,201,253
"COG0003",2,3,19,79,66,13,18,13,49,9,4,0,5,7,79,16,70,48,19,14,45,30,1,19,59,19,4,10,37,20,17,26,25,16,13,1,6,9,17,51,47,90,72,32,51,75,50,17,48,21,112,2,31,7,71,18,4,47,9,10
"COG0004",363,120,369,278,254,302,458,220,217,301,323,175,230,279,293,288,219,318,172,204,171,456,598,264,195,128,355,255,366,124,297,222,169,304,309,308,423,300,137,285,199,186,220,219,306,188,176,335,286,521,133,251,239,319,171,220,325,179,178,340
"COG0005",33,89,159,127,99,101,180,144,139,153,145,109,115,135,106,43,132,116,139,166,127,167,217,112,142,91,197,139,100,141,140,126,122,182,159,105,202,132,147,119,109,148,93,133,98,165,179,131,142,169,138,126,139,195,127,120,97,120,81,178
"COG0006",345,420,562,600,629,515,652,562,575,510,792,461,643,609,627,461,637,636,664,627,607,780,621,655,671,678,694,563,519,718,502,684,678,761,616,613,719,602,706,690,624,541,712,640,609,603,663,543,638,645,591,535,634,619,616,629,328,483,708,630
"COG0007",241,121,63,34,66,68,36,39,60,34,46,138,84,52,111,65,30,75,37,68,22,88,63,45,21,74,7,88,209,41,100,35,100,53,40,100,29,92,29,49,25,35,95,75,64,14,67,44,61,385,70,106,69,34,39,86,259,87,102,39
"COG0008",622,585,736,556,604,722,820,721,692,772,995,486,620,541,568,653,633,803,675,632,555,665,839,634,678,658,838,694,617,483,735,610,667,653,698,663,1039,735,608,661,681,468,674,622,789,486,661,772,627,883,427,590,675,859,607,700,829,752,623,831
"COG0009",104,107,129,142,133,158,106,129,117,90,123,104,139,139,149,134,193,143,152,170,162,128,101,136,137,146,113,147,147,162,265,252,293,270,250,265,159,275,265,279,327,250,254,290,283,237,249,268,265,171,211,216,293,216,249,310,260,257,258,204
"COG0010",43,100,71,84,65,91,42,60,116,68,85,161,83,165,57,54,56,58,64,77,109,35,69,49,37,115,138,133,81,31,63,94,85,33,53,71,25,69,118,57,109,33,104,68,125,91,70,126,83,38,152,97,57,42,101,37,91,85,93,69
"COG0011",3,17,5,5,9,46,0,4,4,0,5,18,7,1,4,108,5,17,2,22,1,0,1,0,2,1,1,3,11,1,1,0,0,2,2,0,1,2,5,5,13,2,3,2,8,2,2,3,3,5,8,9,3,2,4,9,42,4,1,0
"COG0012",252,226,267,259,256,269,322,336,246,264,255,114,252,225,195,262,244,314,293,242,200,208,270,319,258,348,270,230,212,219,290,285,233,209,236,301,279,292,221,250,240,201,316,253,256,185,319,316,248,310,162,338,278,299,223,236,280,358,222,316
"COG0013",491,505,647,472,564,526,717,552,529,556,560,264,472,543,514,665,533,626,587,598,486,511,562,631,643,636,573,559,527,519,715,607,502,512,628,566,603,574,520,578,528,442,670,559,602,481,628,672,628,581,366,510,575,635,582,601,687,643,527,697
"COG0014",199,187,257,235,270,210,262,184,246,198,226,136,303,287,249,277,319,232,275,283,236,345,218,265,307,311,300,260,245,251,267,282,283,270,259,219,177,257,182,302,216,244,306,260,280,244,262,242,278,349,184,257,298,215,231,273,298,155,239,257
"COG0015",311,270,392,267,344,355,361,345,349,344,355,160,343,282,295,398,299,400,341,296,289,315,451,361,276,314,316,288,364,255,330,287,361,317,362,320,490,326,295,308,372,282,332,286,319,236,283,342,302,405,272,348,379,370,287,353,375,285,304,327
"COG0016",201,161,254,162,277,239,216,317,245,227,274,101,253,272,205,245,240,246,282,217,202,258,213,277,279,277,258,259,212,218,117,136,119,137,114,158,104,120,123,124,130,113,134,142,115,120,99,146,124,106,100,93,141,146,132,124,132,135,104,106
"COG0017",375,245,373,277,290,380,345,372,276,309,322,241,373,296,291,137,319,295,320,296,352,268,362,330,322,376,354,355,275,262,261,367,298,326,362,291,316,430,317,312,302,317,320,281,447,280,303,404,322,376,209,322,302,300,346,338,121,390,283,364
"COG0018",338,303,423,375,381,468,492,440,391,400,468,209,454,404,404,455,386,444,448,499,391,451,397,453,444,491,502,372,455,386,442,446,375,441,377,406,356,456,382,435,428,313,481,423,443,300,418,446,372,430,283,465,473,438,367,457,490,560,431,396
"COG0019",624,329,473,460,466,492,427,568,472,457,613,241,559,479,477,442,412,594,493,414,428,616,795,556,429,487,495,407,504,389,452,428,487,532,482,475,593,482,400,453,481,367,457,564,539,438,488,460,523,567,362,460,518,487,383,443,658,332,469,455
"COG0020",122,109,199,174,202,207,226,219,176,213,243,84,182,158,191,214,158,223,194,184,178,224,246,177,145,171,261,156,206,183,168,168,186,224,174,215,296,190,194,173,189,147,167,148,176,161,180,197,157,239,162,217,212,263,157,173,229,222,186,217
"COG0021",104,327,246,181,213,131,498,273,314,220,346,304,224,195,159,317,239,349,324,189,188,459,321,317,224,210,322,245,284,253,272,225,379,267,310,198,345,166,263,266,256,155,214,342,147,184,344,162,233,349,219,296,239,256,219,271,603,232,248,466
"COG0022",7,59,48,110,16,10,23,15,69,25,7,21,64,100,20,16,25,19,71,100,101,2,5,64,72,34,4,97,18,83,18,27,26,9,31,5,3,13,70,36,14,40,18,34,24,84,34,12,27,7,56,47,8,3,44,3,3,42,6,13
"COG0023",8,37,22,51,64,11,29,29,47,16,6,23,38,62,38,12,75,25,61,41,60,31,6,26,66,51,7,29,16,86,28,52,64,37,46,29,12,20,79,54,70,70,53,54,34,87,29,32,50,6,63,9,40,14,49,42,3,20,79,32
"COG0024",274,241,326,337,366,304,258,438,279,300,386,167,318,344,315,250,359,389,358,301,334,450,296,412,317,405,396,298,389,362,379,363,299,452,258,378,325,347,317,349,352,267,327,295,292,308,318,337,359,237,238,241,367,477,328,391,303,334,330,289
"COG0025",52,167,64,16,107,199,30,58,43,53,30,193,62,38,20,472,56,104,43,19,40,20,26,39,47,51,10,73,85,17,107,76,111,23,31,126,12,46,46,45,176,48,107,75,20,16,23,95,38,37,68,309,176,71,24,124,212,69,170,46
"COG0026",17,109,5,2,28,80,13,5,23,8,10,83,4,4,1,191,9,25,22,6,16,1,12,3,1,7,2,43,27,13,1,20,18,6,22,6,3,15,16,9,34,0,22,13,13,7,25,5,22,6,16,198,9,8,18,13,91,19,31,17
"COG0027",22,128,123,86,131,70,222,111,184,115,173,82,94,130,92,173,173,136,156,108,92,142,172,135,168,122,163,80,43,160,59,130,151,177,183,85,199,42,126,95,133,84,156,116,72,137,149,70,131,145,74,14,117,106,95,132,97,37,175,210
"COG0028",772,806,611,582,465,802,466,427,463,520,629,1045,844,590,628,991,415,598,523,704,520,425,523,567,519,557,446,615,707,443,549,503,417,503,561,475,682,601,525,599,450,856,547,575,600,559,529,499,579,523,520,1029,619,502,578,627,648,447,569,602
"COG0029",263,217,229,260,322,200,454,233,234,208,311,160,248,303,331,161,297,329,314,347,224,320,195,320,319,302,357,205,288,272,254,300,311,308,231,255,296,254,249,283,260,227,298,294,185,253,310,259,315,293,274,128,242,248,246,330,242,153,253,315
"COG0030",200,140,166,160,148,203,165,196,169,228,236,120,136,140,196,240,123,152,127,193,174,163,171,160,125,130,127,200,150,185,389,253,547,302,198,402,442,425,322,319,231,266,227,383,339,214,309,385,275,283,115,430,250,301,320,342,379,382,268,281
"COG0031",242,246,300,308,316,332,226,190,243,276,308,229,280,296,270,317,267,272,264,362,302,251,254,233,306,327,209,302,226,265,347,290,241,256,302,286,228,314,218,338,272,229,268,335,314,265,217,383,322,309,182,331,317,333,298,309,333,281,294,247
"COG0033",24,109,6,0,29,61,12,3,10,5,64,127,1,2,0,242,13,37,2,3,0,0,1,2,3,3,5,29,6,5,1,0,4,1,5,2,0,19,1,0,30,2,3,9,1,6,18,1,2,2,10,37,0,0,14,5,127,15,10,50
"COG0034",622,288,578,414,437,365,729,526,485,526,569,197,425,497,578,424,480,569,587,481,415,530,706,596,492,444,707,437,394,471,447,520,494,553,582,474,720,447,473,517,514,515,534,488,458,399,516,550,533,661,358,447,466,625,398,494,338,417,392,656
"COG0035",198,135,178,152,211,210,259,245,230,187,213,107,217,217,183,194,229,168,197,179,219,228,297,223,222,235,226,177,171,183,165,206,217,196,202,199,272,191,181,189,236,176,211,169,195,180,179,185,196,266,139,166,172,247,180,174,208,190,189,211
"COG0036",293,209,201,169,233,230,188,192,166,258,203,228,199,164,274,224,163,222,136,151,171,368,228,186,137,133,257,187,260,167,222,170,228,163,155,301,207,284,150,144,181,239,127,150,189,135,193,214,161,207,148,239,202,271,127,237,339,242,220,221
"COG0037",494,389,517,435,524,611,351,603,535,490,425,333,579,512,471,429,493,493,459,531,469,346,466,493,396,530,421,428,601,392,601,516,355,537,473,627,491,607,413,497,440,392,465,522,507,465,473,614,516,455,359,583,508,611,493,556,414,560,331,449
"COG0038",254,506,384,418,429,464,438,398,371,286,311,259,413,475,391,739,464,418,527,472,326,376,362,368,412,446,406,387,382,528,166,239,211,190,211,173,169,193,177,192,237,156,223,193,189,229,219,168,236,174,172,254,161,159,198,208,206,122,222,167
"COG0039",381,279,323,278,375,379,355,330,277,246,290,190,327,376,285,494,342,279,360,392,316,474,329,274,358,358,244,264,393,351,302,331,387,353,315,273,316,301,311,350,294,355,349,330,321,384,365,285,357,367,223,415,280,268,324,312,720,224,282,304
"COG0040",127,171,153,150,219,122,203,104,184,142,227,82,144,202,174,205,201,182,179,191,135,242,216,152,176,153,220,178,145,200,105,145,190,166,184,143,239,155,188,156,173,116,145,192,212,168,133,152,176,195,146,89,170,204,136,175,194,104,179,206
"COG0041",110,75,133,97,137,136,140,150,106,113,121,66,142,140,145,138,157,152,126,122,144,120,143,147,127,147,156,119,142,146,153,135,125,156,126,148,162,131,125,127,166,106,133,141,134,87,151,132,149,137,74,142,146,143,119,137,126,88,119,140
"COG0042",307,402,402,369,305,416,325,406,365,341,353,410,507,413,421,395,409,431,383,406,410,316,267,392,361,476,224,398,405,361,385,371,340,329,309,369,283,444,345,416,372,349,363,413,397,380,327,367,373,222,316,401,448,341,378,457,273,361,409,327
"COG0043",22,106,18,18,13,85,21,8,91,47,14,243,31,30,11,41,46,10,38,33,22,51,32,14,35,20,11,72,45,15,51,68,48,22,37,29,1,65,43,28,25,23,60,51,49,30,47,19,31,22,109,61,10,17,39,21,181,45,94,22
"COG0044",378,328,332,247,371,370,296,284,331,291,291,409,343,329,299,407,336,413,330,340,288,358,384,397,293,362,245,321,446,265,329,340,288,289,321,306,350,363,282,335,292,269,358,373,341,279,432,320,378,280,353,365,285,305,291,353,533,337,302,351
"COG0045",16,123,10,39,49,57,15,9,34,10,53,96,38,11,31,200,22,38,20,14,29,31,17,18,23,23,7,52,24,57,16,20,64,9,28,14,11,6,17,19,36,66,17,23,26,67,35,15,10,22,87,18,12,19,46,28,172,86,53,39
"COG0046",691,463,577,599,662,649,1036,688,628,592,748,318,703,559,587,657,557,728,676,631,516,782,919,725,594,655,930,655,580,486,711,656,570,574,659,596,869,626,516,707,603,539,721,652,702,501,700,676,684,879,412,710,571,663,549,777,909,444,494,928
"COG0047",667,354,600,456,558,553,869,651,512,558,673,332,607,516,454,582,474,724,580,536,461,678,754,678,546,539,897,540,521,423,643,559,512,510,613,542,765,559,451,655,523,515,666,530,622,411,587,672,626,780,313,549,514,592,453,670,874,396,416,828
"COG0048",99,83,118,64,72,120,99,119,95,120,138,74,74,93,93,119,58,142,94,71,60,83,114,86,79,74,132,109,108,55,135,69,104,103,74,117,186,102,94,84,83,99,92,73,68,53,98,145,85,134,47,167,118,136,92,95,162,128,90,106
"COG0049",161,159,153,127,134,150,68,192,139,146,154,101,126,142,142,169,117,146,130,125,110,160,96,177,103,120,112,130,152,132,178,119,153,119,103,173,81,158,151,164,145,131,146,132,116,128,127,143,123,78,116,163,165,173,142,161,191,184,136,81
"COG0050",292,295,381,216,334,293,514,404,345,365,393,298,315,301,242,333,309,290,334,301,268,348,380,331,362,413,402,329,285,307,361,339,202,349,313,290,433,316,251,330,354,293,442,283,267,252,365,419,350,416,216,326,357,461,287,333,261,390,289,488
"COG0051",89,103,96,110,117,128,69,144,131,133,64,70,103,121,99,111,137,124,102,109,124,65,70,124,95,93,50,99,112,104,114,108,131,69,90,115,94,105,104,111,123,116,110,91,77,81,113,136,95,76,82,103,111,126,103,103,138,120,84,63
"COG0052",136,157,185,119,164,177,289,254,187,198,198,144,165,153,170,206,146,236,188,167,148,191,245,221,158,170,279,168,152,127,219,161,193,206,212,203,247,170,170,154,191,160,181,170,150,131,178,225,164,241,123,177,224,241,175,192,117,238,189,209
"COG0053",209,240,272,209,215,236,265,241,239,261,273,251,248,233,282,207,260,275,206,256,239,197,252,229,213,256,266,240,251,230,279,226,227,291,193,246,255,256,264,220,280,187,249,189,245,169,231,314,245,230,187,260,275,244,219,247,246,262,239,250
"COG0054",35,112,128,67,123,78,151,112,112,123,124,113,80,121,71,55,188,137,107,100,123,147,164,104,129,96,168,91,83,97,123,105,134,131,109,106,173,80,136,109,109,70,124,140,86,108,102,84,96,147,82,38,116,168,102,127,85,53,132,130
"COG0055",376,231,442,306,348,457,335,386,287,318,382,220,518,298,250,396,277,458,367,388,316,370,440,386,223,432,343,412,533,202,531,331,237,289,364,367,307,355,232,395,300,318,346,382,453,202,332,402,363,443,204,421,368,396,292,460,522,268,256,377
"COG0056",459,262,554,370,393,494,527,404,347,417,409,252,568,406,313,477,355,507,473,455,393,446,538,452,354,473,446,414,642,238,531,393,291,334,398,374,400,400,248,419,338,426,416,409,544,252,394,497,454,538,213,502,443,469,407,525,597,270,309,489
"COG0057",229,372,327,189,237,276,320,279,252,267,307,280,216,179,192,310,201,268,240,194,232,269,308,245,230,232,331,269,228,179,264,275,192,247,239,255,328,244,219,206,263,155,280,216,230,200,214,302,201,342,186,252,219,363,245,212,230,388,262,275
"COG0058",938,652,867,573,626,786,613,843,569,760,651,622,805,612,703,762,569,732,610,655,655,700,688,846,583,589,538,827,765,449,405,332,254,337,302,415,322,426,286,349,322,319,370,385,420,215,297,443,385,298,191,443,368,360,278,356,388,341,277,308
"COG0059",259,208,243,223,259,237,190,167,211,218,220,174,270,220,216,447,220,258,238,214,215,204,224,244,261,239,215,204,240,225,221,234,217,218,233,228,258,242,213,207,262,262,230,224,208,210,163,210,228,237,189,249,238,222,215,264,365,155,206,254
"COG0060",733,501,786,522,623,682,698,773,589,648,586,325,517,572,484,626,504,679,664,548,534,444,638,770,607,575,660,570,601,469,348,298,235,339,359,376,293,291,283,361,309,298,349,354,283,232,316,383,317,387,227,403,292,386,285,336,327,443,251,353
"COG0061",163,190,193,183,189,183,189,214,178,189,225,136,187,218,153,235,179,221,196,205,160,194,199,235,192,166,234,199,165,178,199,161,200,228,172,193,210,194,189,170,191,158,196,189,201,168,144,185,198,213,154,203,166,200,173,195,186,192,167,187
"COG0062",211,185,251,203,221,171,336,302,216,247,298,148,179,225,200,246,203,282,238,222,164,275,379,276,182,204,325,196,257,181,230,161,222,257,270,228,373,214,187,216,187,163,202,253,144,192,272,216,237,408,167,133,257,307,182,240,279,125,217,323
"COG0063",216,209,288,206,246,229,327,294,203,252,334,159,261,250,200,319,201,322,232,236,158,273,418,284,137,216,277,253,250,168,250,199,253,225,294,244,377,240,208,223,251,197,211,237,201,192,293,244,257,408,154,266,280,318,164,243,285,171,213,312
"COG0064",240,138,151,85,165,302,40,175,76,144,94,37,115,149,171,356,52,178,64,145,81,71,88,138,51,73,34,150,204,48,216,104,70,61,69,231,60,214,57,137,80,135,122,112,88,37,85,208,117,95,70,268,149,192,89,160,354,232,53,30
"COG0065",494,196,295,262,271,275,296,171,272,296,240,170,330,258,239,339,236,302,292,320,263,192,375,336,258,295,256,293,359,239,154,173,119,79,160,123,152,156,146,140,141,148,147,139,126,110,124,126,152,175,85,143,136,138,138,134,241,107,103,153
"COG0066",117,120,147,125,168,109,159,94,138,111,115,121,142,152,154,181,157,148,139,130,149,181,103,168,144,184,171,121,174,162,119,108,162,97,138,136,118,158,112,140,150,115,117,168,139,115,115,108,114,131,95,133,149,117,127,122,269,107,141,153
"COG0067",443,349,584,557,427,548,641,386,460,448,630,295,546,525,539,661,461,823,506,469,436,442,587,610,500,283,725,555,724,243,561,461,469,411,515,550,467,572,336,619,507,489,444,510,615,446,344,603,515,651,305,294,626,590,457,625,625,371,500,687
"COG0068",15,175,19,19,31,87,40,21,42,31,18,84,17,70,41,48,23,42,23,20,22,146,76,13,18,44,8,83,124,31,28,40,120,18,46,74,22,64,71,13,48,7,36,62,29,27,115,28,36,32,14,81,19,24,45,60,373,129,66,27
"COG0069",457,325,596,527,455,522,700,387,498,524,549,258,483,488,525,621,448,808,553,450,475,418,636,615,498,341,736,521,746,296,570,462,431,410,519,527,489,600,329,592,523,483,515,503,629,430,396,631,553,590,362,295,659,581,464,592,704,350,515,695
"COG0070",456,257,522,520,399,578,621,395,438,438,525,240,505,482,427,626,378,811,479,400,440,420,536,567,454,251,837,490,651,254,567,467,348,362,443,523,436,505,283,569,490,425,448,463,546,453,365,608,516,591,318,300,569,557,425,603,521,326,468,739
"COG0071",189,157,185,147,194,192,209,247,159,256,273,210,176,196,244,160,217,241,116,154,188,294,244,203,151,191,322,210,209,171,217,151,205,222,193,209,209,182,133,190,179,129,128,170,182,123,167,207,149,259,129,123,214,289,127,219,127,170,217,194
"COG0072",433,303,482,365,385,465,480,505,489,493,520,182,364,346,331,506,283,567,462,361,343,430,404,470,299,325,502,439,421,248,559,376,447,363,328,518,530,458,379,446,471,315,443,401,405,365,416,584,405,519,306,438,488,551,408,463,640,564,296,433
"COG0073",986,549,937,675,803,920,968,961,798,879,1082,432,741,743,755,744,635,1051,796,658,686,981,925,876,762,591,1043,804,920,545,1007,830,933,865,802,903,938,902,738,899,829,810,918,707,844,586,845,1021,771,1047,536,843,882,975,734,861,1059,901,629,891
"COG0074",32,157,19,40,29,43,30,7,36,22,53,328,23,19,18,157,44,42,25,15,38,47,32,11,36,18,10,79,39,71,5,21,90,6,27,13,15,13,13,24,45,44,18,38,17,71,68,53,16,22,103,40,22,22,48,29,222,121,49,43
"COG0075",37,103,70,83,129,114,275,81,138,155,149,81,180,206,95,74,141,115,154,145,109,211,33,124,134,147,57,82,174,165,106,185,120,102,208,122,325,170,130,124,123,97,190,145,86,162,145,101,143,298,167,66,76,61,143,199,124,118,153,79
"COG0076",51,264,111,156,96,23,77,22,135,44,12,258,103,134,94,114,127,34,148,143,137,50,18,50,133,131,10,155,57,182,67,147,96,67,129,31,15,46,149,125,126,136,127,140,72,220,104,74,146,8,135,60,46,21,144,68,7,84,82,46
"COG0077",228,155,178,213,208,209,205,158,158,195,210,173,203,212,181,226,148,245,136,229,168,209,252,193,138,224,155,230,242,102,197,153,187,138,176,195,178,195,141,167,154,154,143,175,219,162,121,175,195,205,148,161,177,174,179,178,240,144,132,208
"COG0078",348,392,259,231,276,323,307,207,325,285,230,446,258,264,308,322,256,326,218,312,230,257,306,227,271,326,216,268,367,256,237,309,276,207,254,278,199,286,224,204,325,228,252,249,411,224,200,276,318,231,172,308,294,257,284,285,322,296,257,243
"COG0079",404,338,527,452,599,437,304,548,493,466,474,229,478,611,423,334,552,526,480,442,520,404,417,395,464,418,244,488,567,432,495,521,411,454,583,536,377,455,507,448,530,465,527,621,643,443,450,485,457,328,397,340,663,421,436,472,491,291,497,313
"COG0080",130,114,128,93,126,133,132,188,141,166,171,91,137,123,137,164,151,160,114,129,119,166,146,147,134,128,125,109,141,122,149,115,142,136,123,149,211,133,135,102,123,89,111,118,101,88,131,175,111,156,78,115,141,191,109,135,163,172,133,107
"COG0081",202,186,220,158,183,198,267,246,199,212,167,78,191,188,183,246,198,230,160,181,177,164,213,198,175,184,183,172,195,147,198,204,129,167,212,209,271,174,166,170,214,175,185,176,152,147,176,245,165,231,128,165,205,253,185,199,226,222,151,192
"COG0082",200,174,239,199,221,171,228,184,204,188,182,97,236,182,202,247,186,288,249,242,196,211,189,223,155,213,142,209,214,167,214,191,191,202,209,184,187,219,163,213,200,155,232,206,262,167,192,239,186,178,125,211,218,225,194,187,264,161,159,196
"COG0083",41,97,24,35,57,105,14,33,41,37,70,80,61,38,19,205,42,55,21,30,32,55,37,19,21,55,4,38,36,11,13,13,15,2,21,18,12,35,9,9,28,4,13,18,48,4,13,42,24,18,23,50,10,10,10,11,80,16,16,20
"COG0084",192,368,289,277,308,245,205,276,280,207,271,283,271,303,304,338,301,266,302,316,285,241,221,306,250,265,216,267,255,350,284,273,316,247,246,294,200,284,290,306,278,215,258,280,222,334,237,251,231,201,299,297,289,303,265,280,312,292,295,256
"COG0085",909,684,1091,752,787,822,1047,889,812,866,997,504,980,853,817,949,886,1006,958,895,792,1081,1021,946,863,1034,1203,977,998,774,937,842,777,936,896,919,1025,897,743,853,779,749,936,745,844,683,862,1043,857,974,656,1058,1048,1108,768,1086,960,1067,863,905
"COG0086",711,743,990,778,802,854,1055,916,829,926,1121,502,759,739,574,906,718,1018,964,745,645,839,1063,914,816,746,1354,933,684,535,933,879,721,908,794,945,1110,836,738,748,907,703,994,858,797,678,825,1072,889,1124,560,1000,895,1091,739,932,527,1091,808,1129
"COG0087",181,142,191,144,163,229,186,210,169,185,209,74,184,159,178,253,169,213,157,143,175,168,234,192,138,179,167,171,210,144,197,158,134,132,171,235,237,199,149,197,164,196,167,176,146,127,188,258,156,207,153,210,212,243,164,170,247,209,147,185
"COG0088",142,165,183,133,210,209,175,257,164,173,232,127,154,166,180,195,198,233,167,194,174,200,199,227,162,172,174,177,162,169,187,181,217,200,167,188,244,186,171,162,169,175,154,165,146,147,209,212,149,172,133,213,206,224,178,176,226,230,153,168
"COG0089",46,93,143,92,104,102,106,145,119,115,91,75,78,98,97,104,110,98,85,106,94,109,113,115,64,109,79,89,93,117,128,72,113,113,82,137,138,129,106,91,122,79,81,88,101,72,116,128,90,104,78,99,122,147,89,118,132,126,80,110
"COG0090",203,155,287,153,174,259,293,287,182,233,261,92,189,169,149,260,137,246,177,170,183,227,293,249,148,200,256,216,231,96,311,193,154,169,165,238,316,198,188,181,220,193,207,145,196,104,220,271,194,277,142,221,204,299,201,205,306,252,159,239
"COG0091",97,112,119,98,123,141,131,160,125,145,153,93,99,128,124,151,90,156,114,121,110,120,123,169,132,111,145,119,165,108,131,110,146,118,97,149,186,152,87,104,130,76,114,114,116,82,129,141,106,126,71,113,137,178,124,126,120,160,115,116
"COG0092",156,91,165,116,169,215,200,279,168,191,202,44,148,161,148,222,138,226,161,135,126,145,214,188,129,159,183,144,182,126,203,141,140,137,137,220,234,164,164,157,172,118,158,154,161,128,161,242,155,200,110,210,188,294,112,183,218,213,133,188
"COG0093",99,92,138,74,93,125,114,133,91,122,114,94,73,112,106,110,82,100,81,88,71,68,147,115,89,98,105,99,125,65,130,114,94,75,101,146,138,118,90,107,109,93,126,108,74,61,103,160,79,138,62,140,141,162,101,113,89,138,121,114
"COG0094",144,136,197,133,172,186,174,221,154,173,223,111,166,147,171,225,193,228,129,131,152,148,203,209,146,191,182,155,149,175,177,158,174,189,151,232,223,187,162,140,178,170,165,138,148,141,172,189,151,200,108,183,187,216,110,175,183,197,160,176
"COG0095",13,54,27,19,23,41,16,44,34,30,18,63,17,29,10,120,13,45,29,24,36,28,14,26,17,9,2,33,20,32,30,47,93,38,35,37,54,18,97,31,53,54,21,40,37,79,120,33,42,15,91,139,17,44,70,11,221,109,60,19
"COG0096",87,138,136,93,109,138,145,144,166,152,160,77,109,101,120,136,88,149,107,92,93,127,173,169,63,86,142,103,141,76,141,101,113,112,88,145,169,120,116,111,123,93,99,115,74,49,123,140,94,153,101,137,125,175,106,125,135,169,113,118
"COG0097",132,146,184,119,130,194,203,198,142,198,212,99,108,129,86,238,132,199,117,131,157,190,217,235,145,131,213,162,160,101,103,85,89,79,60,98,158,90,74,68,91,62,59,66,73,53,83,112,66,99,54,80,82,115,75,86,111,99,54,98
"COG0098",108,127,184,141,156,166,176,158,136,179,197,106,149,169,120,183,177,168,113,147,131,195,207,159,113,169,213,139,145,115,213,138,145,192,165,174,241,157,132,150,190,93,141,143,172,116,146,197,152,176,115,168,191,209,129,176,189,194,126,181
"COG0099",69,96,134,93,124,111,107,131,107,119,140,81,78,128,97,124,123,118,94,94,102,138,109,98,122,98,109,96,138,100,129,111,121,116,110,132,120,115,120,99,125,102,93,80,83,88,100,127,81,98,82,127,113,141,76,103,100,139,112,119
"COG0100",103,121,152,86,109,154,108,167,114,137,137,67,119,91,79,140,93,142,90,87,87,115,137,116,117,114,145,105,95,57,151,96,73,147,87,141,164,121,115,94,103,70,94,102,85,88,82,135,119,151,59,142,90,176,73,112,115,143,78,108
"COG0101",194,160,266,172,264,323,192,301,217,235,233,169,295,248,218,251,190,308,240,224,225,187,217,196,193,242,133,192,323,185,291,207,210,208,180,265,215,247,180,220,236,172,219,243,236,143,213,258,195,234,211,263,280,263,207,277,269,271,199,181
"COG0102",94,127,157,81,148,126,73,183,128,135,158,70,84,118,114,142,106,146,106,108,118,156,108,136,137,77,153,103,118,130,134,110,122,177,94,140,110,133,121,126,135,138,110,129,109,90,122,162,97,84,99,162,144,176,103,129,172,159,89,94
"COG0103",124,119,120,73,113,120,120,148,131,134,147,84,133,112,110,146,108,115,94,111,105,166,113,107,85,124,155,92,95,113,119,75,105,137,119,143,186,136,116,104,98,110,119,117,81,104,114,137,101,136,78,141,160,187,114,110,142,140,99,125
"COG0104",261,259,442,318,319,350,338,376,307,315,403,176,307,325,275,385,317,438,322,304,305,318,383,350,316,350,360,310,339,218,350,278,249,358,330,308,420,323,245,323,352,301,313,288,450,251,313,332,322,412,175,387,347,430,268,371,381,255,260,340
"COG0105",14,52,25,53,24,14,46,107,39,144,25,46,31,32,48,17,51,58,56,40,34,46,11,40,29,40,4,35,27,68,50,38,66,29,45,55,41,26,71,32,56,42,48,44,25,41,92,24,25,13,57,57,54,33,56,46,82,46,67,32
"COG0106",144,116,160,159,143,112,138,108,131,157,157,53,126,163,152,187,147,168,134,124,159,146,182,138,130,162,119,158,185,135,151,143,131,122,193,133,160,143,123,192,119,154,136,168,172,137,115,134,162,161,93,134,194,147,163,173,165,92,165,144
"COG0107",145,131,156,171,179,161,154,137,151,171,181,102,167,128,198,248,133,181,133,143,148,119,205,158,131,114,213,157,256,103,79,70,95,71,91,81,93,87,62,86,63,55,86,56,88,55,61,94,73,85,52,75,92,85,77,109,82,65,77,85
"COG0108",91,169,222,202,216,124,362,190,268,213,246,84,231,203,208,82,284,281,276,203,278,312,392,241,315,239,348,180,250,244,249,280,279,254,254,221,311,162,231,289,228,246,314,272,166,253,261,216,244,329,198,73,249,272,261,274,183,109,215,324
"COG0109",11,43,0,3,0,6,6,0,3,0,1,83,2,0,0,13,3,0,0,2,0,1,0,0,2,0,0,20,0,1,0,1,4,1,0,1,0,0,0,0,2,2,0,2,0,1,0,0,1,0,2,3,0,1,0,2,0,6,12,7
"COG0110",798,530,704,889,762,422,412,486,714,648,524,369,685,914,846,568,694,526,993,742,875,682,257,586,847,677,409,606,584,1192,602,741,783,440,781,620,867,701,873,784,928,993,799,695,618,1001,726,571,714,233,994,423,577,524,896,573,740,536,763,336
"COG0111",472,477,427,331,470,492,273,313,464,373,405,580,364,356,319,703,399,562,369,453,367,407,402,362,410,386,201,426,468,282,375,475,493,346,381,471,222,345,453,358,525,412,441,397,432,348,420,503,371,245,386,315,358,364,409,413,1090,399,421,359
"COG0112",224,176,310,215,258,262,366,288,263,279,336,95,353,207,214,226,221,313,243,220,234,349,371,290,183,207,326,225,276,213,248,252,253,229,264,304,325,253,292,311,271,229,240,206,289,191,293,280,247,385,198,187,295,333,209,263,504,282,215,380
"COG0113",189,104,53,6,46,63,31,41,47,35,26,89,38,38,69,40,29,48,32,26,31,57,49,55,31,55,21,57,65,14,69,33,57,43,19,54,27,95,26,55,42,12,73,70,48,21,57,36,44,202,60,86,47,24,35,56,163,69,102,31
"COG0114",15,74,27,8,39,49,29,11,40,23,26,106,15,11,11,52,25,38,12,67,12,2,9,11,26,37,19,31,19,22,22,26,14,7,27,19,17,24,65,9,21,15,19,27,35,28,25,40,28,22,14,78,34,20,35,28,17,45,30,10
"COG0115",125,134,171,110,152,153,135,177,153,152,167,122,121,152,138,189,166,184,146,180,139,200,256,171,155,151,150,141,164,165,331,334,251,340,279,274,365,322,341,303,355,279,280,314,287,290,381,360,361,239,250,436,260,344,340,356,336,226,275,334
"COG0116",228,176,252,226,182,260,165,327,174,253,295,210,247,171,204,74,188,263,239,220,172,226,217,223,164,206,134,183,253,128,245,162,256,226,178,242,240,234,148,178,177,156,159,194,203,147,233,249,201,206,117,326,258,243,151,303,105,166,179,230
"COG0117",95,116,168,157,190,147,288,126,204,187,241,69,169,188,118,153,224,196,192,184,177,269,334,203,235,196,275,167,224,188,215,200,218,267,189,158,313,155,177,171,234,146,243,220,137,189,183,145,167,289,159,64,190,217,192,224,242,77,194,281
"COG0118",93,97,124,120,137,110,128,120,137,137,136,68,108,142,111,155,135,149,106,118,106,123,164,133,111,132,145,109,127,126,118,106,131,124,136,143,183,112,105,141,140,88,120,150,154,120,85,127,119,169,89,108,124,133,104,113,146,77,124,134
"COG0119",399,372,611,549,595,405,589,452,490,554,515,383,589,565,523,536,493,574,567,468,481,573,628,562,627,448,549,569,671,479,808,547,486,409,623,612,602,448,412,566,594,553,512,579,542,575,442,648,567,745,359,348,669,620,527,716,575,429,494,722
"COG0120",13,100,13,74,35,82,14,9,36,16,36,60,32,15,28,187,17,11,17,13,38,5,1,14,35,14,5,17,17,51,25,21,26,9,20,11,6,19,30,20,33,42,30,26,19,63,31,21,15,12,48,139,18,13,44,27,93,71,26,24
"COG0121",9,54,0,0,1,7,5,3,7,1,3,43,1,0,0,8,5,3,0,1,0,1,0,0,1,5,1,13,1,3,0,2,10,1,3,2,1,6,0,0,5,2,0,8,0,3,1,1,2,1,4,9,4,0,0,11,3,11,29,4
"COG0122",178,68,77,49,72,68,22,80,72,55,64,87,132,48,93,23,39,69,32,92,39,23,44,76,42,117,13,29,108,26,73,42,33,14,36,136,25,117,26,49,38,18,46,67,69,19,36,133,50,61,67,61,72,101,53,106,50,157,43,22
"COG0123",1,0,4,4,4,3,7,7,35,10,5,0,4,9,0,5,7,1,7,9,11,2,1,5,11,5,2,11,2,13,11,21,9,5,8,3,0,9,4,10,6,5,27,21,20,6,31,11,2,3,14,21,6,3,9,11,2,9,41,10
"COG0124",231,228,290,245,312,294,366,348,327,351,346,140,297,317,279,319,281,335,337,314,290,282,351,314,317,302,270,231,212,334,328,341,272,321,319,310,383,322,302,267,283,267,296,304,319,261,303,322,331,336,237,360,275,381,289,279,329,474,247,330
"COG0125",62,121,96,27,86,123,35,85,62,72,94,57,32,45,63,159,46,91,45,74,74,56,54,41,42,45,14,113,75,29,106,35,50,25,38,114,35,75,49,65,59,53,82,45,76,10,44,105,46,37,43,109,66,114,28,60,183,139,70,27
"COG0126",233,242,317,234,238,275,306,339,244,271,280,160,260,227,209,269,254,353,284,256,182,245,285,294,206,239,272,237,243,191,352,232,256,220,263,286,277,273,249,258,266,179,289,251,261,191,248,323,257,315,153,280,297,332,197,240,267,324,212,322
"COG0127",153,146,209,141,145,204,151,241,144,181,184,113,171,157,181,235,129,175,166,176,153,157,174,211,101,168,209,167,156,120,145,128,179,202,142,239,208,222,170,157,161,178,153,167,169,129,185,195,135,153,119,221,215,242,141,179,187,202,162,153
"COG0128",252,179,263,165,235,234,251,186,291,243,265,132,246,213,241,272,176,293,289,238,232,288,252,247,225,239,230,263,270,206,241,219,210,275,217,221,240,246,191,269,242,184,277,264,237,184,220,245,265,272,191,229,253,246,231,279,262,242,222,349
"COG0129",330,353,367,400,375,403,550,251,452,342,397,438,524,423,418,426,393,440,352,429,384,501,533,355,424,505,426,390,571,393,309,418,323,442,483,322,387,426,377,369,354,298,511,410,604,348,396,362,474,444,367,445,373,356,339,490,543,264,344,531
"COG0130",149,166,178,150,154,226,218,247,169,196,233,96,166,150,160,289,155,258,176,170,133,184,264,190,143,169,188,158,185,134,221,165,160,179,199,242,195,203,127,153,173,172,189,158,190,130,183,225,170,261,130,173,186,228,156,170,214,219,165,194
"COG0131",102,147,149,145,164,88,128,110,147,109,172,61,122,207,131,157,153,174,152,125,130,170,153,160,199,124,155,149,173,153,139,218,146,119,172,145,128,153,142,209,148,116,180,167,170,144,129,125,187,151,113,111,160,134,135,178,141,120,137,158
"COG0132",90,132,68,56,76,39,43,35,69,28,43,112,45,79,75,39,119,68,101,90,70,51,25,34,101,77,7,74,99,111,55,111,95,74,74,53,7,50,96,78,75,80,85,79,59,96,83,41,67,33,88,68,59,24,101,58,84,42,88,61
"COG0133",237,178,169,167,210,210,317,124,172,149,255,175,162,184,167,268,145,190,168,213,135,331,293,189,179,168,255,174,257,181,160,156,205,117,219,203,224,176,156,135,194,145,185,181,121,126,191,147,191,263,143,225,230,241,121,208,377,223,143,232
"COG0134",176,131,94,88,176,146,148,97,164,98,182,99,143,132,173,227,128,127,113,159,99,235,134,133,125,133,127,126,179,109,126,125,165,82,130,138,150,139,115,144,121,111,117,157,105,121,101,99,109,156,87,154,133,129,99,145,304,86,129,173
"COG0135",91,65,59,74,83,116,120,61,84,91,105,105,52,72,127,168,78,134,59,98,58,125,148,77,51,75,89,82,106,62,73,58,94,83,92,92,157,111,45,96,79,75,61,74,57,71,74,80,77,144,56,121,103,104,62,119,255,61,88,150
"COG0136",248,245,275,173,235,254,293,265,221,223,338,205,205,223,162,324,233,284,215,205,187,240,268,214,232,197,311,191,222,153,251,215,253,233,220,232,306,239,200,210,227,178,180,203,213,183,230,250,254,267,141,282,263,279,211,219,277,241,222,293
"COG0137",250,207,291,244,245,245,322,188,296,257,307,185,320,264,297,302,310,316,305,320,246,337,330,284,311,411,308,256,306,264,280,286,263,243,320,279,305,311,189,295,265,194,297,242,355,188,258,294,299,369,219,257,253,319,241,296,374,228,208,320
"COG0138",265,265,332,387,365,347,570,376,378,369,427,162,320,399,354,332,383,379,510,442,344,408,500,463,367,320,567,324,317,397,156,170,180,134,201,162,255,152,167,189,165,182,200,171,154,202,199,159,224,270,165,175,143,183,183,205,186,147,143,224
"COG0139",90,101,128,144,170,132,121,102,141,147,107,72,172,163,169,136,184,133,130,126,172,157,154,136,148,182,131,153,182,157,125,147,140,142,138,140,124,165,167,168,150,95,133,149,187,132,108,121,156,145,106,85,179,140,129,185,202,103,151,148
"COG0140",47,80,132,105,138,91,104,108,112,137,88,57,114,158,149,83,184,107,132,139,147,161,119,98,144,151,108,122,159,170,88,134,142,142,134,130,138,133,154,149,138,81,105,124,178,134,116,131,147,116,108,64,159,138,103,140,137,88,126,106
"COG0141",201,209,234,204,210,194,300,138,246,194,232,108,221,249,248,271,230,248,218,244,209,279,307,219,226,175,261,209,241,212,177,226,211,228,245,198,241,254,198,273,222,169,188,246,292,207,164,220,211,320,150,140,224,239,192,233,283,172,166,271
"COG0142",203,282,373,341,320,256,537,398,334,316,601,179,274,296,278,351,404,376,389,329,373,568,519,410,382,303,575,310,237,343,257,280,438,487,380,392,598,251,316,322,390,241,347,285,240,329,377,311,278,487,193,250,338,478,279,334,336,240,348,384
"COG0143",564,317,506,370,414,551,501,485,410,375,525,216,493,391,385,536,381,561,393,393,366,519,571,519,454,438,563,410,477,263,508,443,485,477,402,498,494,436,295,434,435,400,463,396,407,250,484,535,437,448,221,488,428,487,362,468,532,523,363,443
"COG0144",444,279,339,290,294,463,297,421,328,339,397,309,406,316,439,218,317,415,316,339,348,292,301,312,259,382,307,395,433,330,439,252,303,275,350,376,274,532,243,394,291,290,329,379,416,240,350,431,362,259,306,521,438,377,381,369,288,390,308,387
"COG0145",5,14,20,9,8,9,13,26,42,15,5,128,13,9,9,170,23,2,20,17,17,9,12,27,36,30,2,10,87,5,33,44,26,22,15,12,9,27,29,11,6,24,35,25,33,8,43,49,12,21,83,37,9,23,29,30,23,24,16,23
"COG0146",0,2,0,2,2,0,0,1,3,1,0,11,0,4,1,0,2,1,1,4,5,0,1,1,2,5,2,5,5,2,4,4,6,4,2,2,0,5,1,4,0,9,2,4,2,2,8,6,5,2,2,0,4,4,7,7,4,6,0,2
"COG0147",333,290,270,294,342,296,379,320,298,239,368,286,300,356,435,318,373,337,317,368,298,508,300,310,375,366,309,277,346,424,266,315,313,266,271,246,275,260,286,317,315,258,297,366,252,366,324,214,348,304,271,365,300,280,314,337,412,180,312,345
"COG0148",417,363,355,290,316,318,386,448,285,337,351,337,323,345,294,310,257,360,325,295,300,213,224,323,312,297,222,375,368,253,425,413,256,194,264,396,387,383,302,323,318,321,379,365,323,329,288,404,305,299,229,357,380,376,310,341,320,336,286,276
"COG0149",241,175,215,153,206,205,71,138,202,187,120,159,200,176,168,249,160,203,186,163,166,112,79,164,181,166,53,171,196,137,219,150,158,166,143,211,65,190,182,162,175,188,199,199,200,178,122,224,203,95,178,237,175,194,188,212,284,264,174,97
"COG0150",198,204,287,208,220,252,315,263,200,231,221,147,256,194,188,280,243,321,271,232,173,206,249,256,226,294,259,208,265,211,235,240,250,211,231,210,212,242,212,227,267,199,243,244,248,194,268,237,239,271,177,289,261,239,196,291,288,180,242,284
"COG0151",183,207,295,233,239,287,279,245,216,245,284,171,303,274,190,311,256,270,290,269,219,269,272,277,219,310,268,216,246,207,266,240,208,284,230,271,313,271,206,219,260,236,250,268,245,170,245,248,281,279,165,279,267,277,162,307,268,203,243,345
"COG0152",128,164,236,189,207,183,219,206,203,259,232,123,239,198,159,213,211,260,226,201,184,166,183,274,214,228,215,191,181,199,224,214,203,194,226,261,255,219,205,239,217,173,253,227,238,178,218,220,236,242,141,214,226,235,195,224,195,163,169,211
"COG0153",294,189,298,285,304,296,263,444,241,306,297,144,268,313,302,290,286,259,287,320,279,300,324,290,248,296,272,229,330,263,240,255,256,253,244,278,346,269,231,303,254,264,222,265,350,222,237,231,302,310,170,224,243,305,206,267,327,208,252,299
"COG0154",272,159,189,122,166,261,44,162,85,136,100,36,154,116,145,314,40,176,78,162,101,73,84,173,38,92,25,165,242,42,257,101,71,75,64,216,49,258,70,114,82,89,151,111,77,42,111,183,132,97,66,325,216,231,132,177,390,268,95,61
"COG0155",27,141,8,12,14,66,15,5,20,3,8,148,25,15,6,53,16,51,22,10,5,13,11,8,9,27,3,64,77,12,9,14,35,25,15,13,4,33,9,7,19,17,51,40,24,16,15,2,15,414,58,82,15,16,19,28,39,14,63,20
"COG0156",109,395,266,303,396,105,447,378,552,240,291,197,267,497,319,88,436,280,505,367,352,466,215,368,663,579,343,300,171,1284,221,696,403,369,587,221,306,166,462,642,495,351,536,521,381,522,492,264,542,254,376,53,317,228,406,307,94,282,537,386
"COG0157",232,130,161,136,194,114,185,236,152,151,204,130,127,202,179,102,199,204,176,179,136,204,192,199,179,163,205,140,168,175,177,232,221,165,192,187,172,170,144,177,158,130,203,193,123,172,176,174,169,168,133,94,173,213,133,151,191,90,139,198
"COG0158",10,51,6,1,6,6,14,5,17,6,7,57,1,7,0,9,10,4,4,4,11,0,1,3,1,9,8,18,0,15,1,13,15,5,11,4,3,3,38,2,10,3,3,14,6,9,13,0,2,1,9,10,7,2,9,25,2,10,50,18
"COG0159",134,109,126,107,161,108,199,104,134,114,214,119,133,127,178,192,137,147,140,130,108,183,158,144,130,108,210,122,184,177,131,159,152,84,156,122,178,131,95,126,133,141,115,141,89,116,99,95,110,181,89,126,124,169,110,163,252,94,106,163
"COG0160",68,71,45,24,25,89,15,91,32,17,23,89,22,53,48,267,18,75,16,32,13,40,21,67,11,23,2,105,63,21,89,12,45,7,14,64,24,58,9,103,31,2,59,52,22,19,26,57,61,19,6,42,53,73,32,17,249,46,137,45
"COG0161",81,133,129,141,150,59,110,90,143,57,90,126,131,191,131,45,249,71,264,140,171,92,44,70,270,189,13,143,154,252,88,236,183,127,183,90,22,81,206,156,152,163,260,200,131,234,207,97,198,38,186,59,96,34,179,199,149,94,178,115
"COG0162",219,192,269,254,217,306,371,314,277,285,340,171,224,275,219,352,268,301,286,275,248,300,337,325,254,314,348,310,280,200,302,257,273,309,243,332,344,274,226,252,266,193,259,200,292,233,279,294,241,363,189,302,286,357,263,310,312,363,215,288
"COG0163",9,42,11,6,5,28,10,10,69,16,6,95,24,14,2,19,16,6,22,15,16,30,24,12,17,7,4,37,17,3,30,33,32,15,21,23,1,16,17,17,21,12,40,23,25,9,27,10,27,10,53,19,13,5,31,6,96,28,48,9
"COG0164",136,140,147,117,160,164,174,197,125,190,197,65,141,159,153,172,150,169,155,159,144,195,186,152,147,155,212,148,142,141,186,143,167,198,167,178,161,142,132,165,160,151,149,142,129,110,165,164,149,145,127,134,188,261,157,138,180,185,126,157
"COG0165",287,194,291,305,274,227,419,205,272,322,400,186,290,277,237,304,266,385,291,311,288,344,442,330,266,357,437,293,326,289,262,272,301,302,332,302,393,283,255,256,271,250,263,284,296,255,282,267,259,420,247,286,355,320,240,325,372,213,305,405
"COG0166",387,274,373,280,367,357,341,355,310,302,344,254,315,335,314,408,323,389,347,264,329,359,319,328,296,342,375,302,383,277,383,347,371,346,259,338,297,341,307,376,340,243,343,288,332,312,316,335,322,343,227,426,373,292,288,399,472,374,305,317
"COG0167",246,343,312,238,412,359,203,290,337,270,233,228,274,338,300,664,378,387,352,306,303,280,168,275,315,319,146,311,306,390,300,383,328,321,283,301,131,318,371,344,492,355,386,376,295,355,262,288,355,160,331,294,354,248,316,346,439,226,314,218
"COG0168",721,444,749,659,702,719,524,523,702,615,453,375,768,679,699,470,797,721,673,688,634,584,610,534,614,856,365,612,683,715,568,650,573,554,566,663,484,764,688,677,695,581,625,707,735,553,555,712,745,541,595,759,628,629,659,647,618,577,639,723
"COG0169",181,219,201,163,230,259,156,196,216,219,243,244,210,208,221,250,164,290,177,222,176,185,247,192,148,189,206,227,288,156,235,195,223,218,209,227,251,264,207,188,210,133,190,214,273,160,255,214,192,255,159,327,215,222,218,238,275,185,306,229
"COG0170",0,0,2,0,0,0,0,0,0,1,0,0,0,0,0,0,0,0,1,0,0,0,0,0,0,0,0,0,0,0,5,0,0,0,0,0,0,0,0,0,1,0,0,0,0,1,0,4,0,0,0,0,1,0,2,0,0,6,0,0
"COG0171",304,211,391,351,313,307,403,362,414,384,308,150,352,310,291,348,248,434,355,338,312,396,465,309,232,320,275,397,334,240,384,394,376,334,373,333,446,340,260,362,355,288,433,291,363,302,375,362,341,483,235,255,344,429,370,312,352,334,273,439
"COG0172",359,275,330,266,287,405,300,399,261,347,347,164,294,295,360,370,244,387,284,279,296,265,331,374,268,279,260,279,349,203,327,258,324,229,261,411,298,366,240,263,270,223,293,294,368,213,289,375,287,358,188,402,341,370,250,322,434,371,255,265
"COG0173",455,295,525,306,411,344,334,565,328,429,451,176,366,373,478,419,285,486,378,407,325,356,347,490,313,299,382,409,477,332,606,434,325,359,375,485,356,533,346,513,335,324,459,408,285,287,438,581,379,351,258,454,495,573,365,385,449,602,266,302
"COG0174",197,269,193,207,258,402,85,121,214,200,181,306,244,217,205,548,146,326,137,226,192,106,141,126,194,216,49,233,267,130,228,245,146,131,163,182,74,227,181,209,191,171,167,262,250,152,149,207,212,134,163,355,158,181,223,204,383,247,183,143
"COG0175",144,235,206,156,343,60,90,138,137,131,70,167,329,194,276,82,190,184,164,138,164,69,48,200,177,230,48,266,176,240,78,154,104,232,98,71,33,77,92,101,89,56,109,135,108,85,82,101,110,134,73,40,100,57,72,144,27,89,109,48
"COG0176",171,302,93,103,126,193,64,76,125,92,73,427,122,125,125,264,121,89,87,130,121,75,73,102,152,155,25,180,162,116,104,183,113,90,116,74,34,155,130,101,113,196,121,191,124,168,93,106,85,86,139,239,112,97,110,116,280,89,180,76
"COG0177",145,131,169,161,186,180,165,146,159,178,183,108,206,153,165,218,140,183,177,142,155,149,191,160,157,187,172,156,145,121,179,165,149,163,155,161,166,176,157,166,187,165,171,159,181,124,178,170,191,189,145,186,150,217,166,206,175,201,135,195
"COG0178",714,711,914,737,970,786,1328,964,946,928,1089,298,756,788,696,1009,787,1057,991,830,716,1046,1207,966,799,896,1263,785,714,836,378,447,442,536,511,443,628,400,427,398,503,312,433,461,357,372,495,509,417,587,301,362,431,494,403,398,457,457,354,631
"COG0179",26,134,88,118,112,124,194,129,140,100,133,86,113,88,47,186,143,154,82,106,97,184,180,111,110,157,139,118,61,88,95,113,156,157,149,103,152,62,133,97,136,83,123,107,189,129,121,67,109,160,119,47,101,125,100,93,184,64,166,147
"COG0180",247,214,260,231,305,349,287,308,296,287,289,124,297,264,299,343,271,282,231,237,263,242,300,306,251,278,247,236,245,276,281,250,291,253,286,314,301,346,240,249,234,210,252,257,276,215,243,310,261,328,189,305,280,326,237,231,288,341,284,304
"COG0181",152,84,53,17,55,64,31,19,43,24,40,116,60,30,101,42,18,42,32,20,23,18,19,38,23,45,6,74,76,23,76,25,68,29,32,78,28,89,26,81,26,24,58,85,47,17,49,28,33,427,60,75,46,43,25,61,58,53,50,23
"COG0182",6,23,48,19,23,6,45,26,68,67,25,43,4,24,7,23,15,28,31,61,29,3,9,21,37,37,13,61,47,11,31,39,17,21,40,10,11,19,87,16,25,48,45,42,28,23,51,106,16,22,59,57,31,27,54,42,5,77,52,17
"COG0183",54,289,149,87,46,172,61,73,106,102,71,464,131,71,83,91,88,88,68,74,82,91,72,37,85,94,19,268,157,24,203,103,76,57,107,73,48,122,52,122,93,79,90,91,146,50,55,152,87,86,131,187,116,166,66,123,84,117,227,76
"COG0184",63,72,65,73,95,73,69,105,107,96,102,49,68,88,83,102,85,68,59,96,99,116,85,104,81,90,89,59,75,109,95,87,109,92,71,100,118,63,94,76,80,77,63,87,86,91,73,71,64,92,90,106,76,99,70,92,104,72,58,59
"COG0185",53,72,109,65,103,83,56,124,89,109,71,50,106,108,92,96,86,109,74,88,98,88,77,108,100,87,64,84,77,111,90,67,107,68,69,104,82,120,88,104,87,65,77,104,91,72,76,97,86,79,64,81,98,122,73,88,103,116,77,62
"COG0186",72,77,125,65,80,94,97,111,92,111,101,69,70,58,69,120,67,96,68,77,78,92,113,130,67,84,137,98,73,50,91,74,96,86,72,116,136,105,78,79,103,82,78,70,85,56,74,94,65,110,67,102,86,125,69,91,103,125,62,75
"COG0187",902,791,1078,773,833,1015,788,956,805,1160,953,565,947,770,834,865,777,1072,932,799,734,932,905,943,834,925,896,791,924,607,486,396,401,396,414,487,404,466,349,389,443,277,431,409,471,263,457,399,398,463,251,453,445,531,396,465,403,495,378,416
"COG0188",957,904,1291,906,979,1186,1186,1210,959,1285,1056,539,1038,960,931,1341,912,1182,1063,926,829,1115,1137,1008,893,988,1095,869,1040,787,1030,982,929,1012,1026,1083,1139,978,873,963,948,767,1037,894,1057,712,1053,1137,1019,1244,543,1059,952,1253,869,1034,1028,1208,791,1085
"COG0189",44,51,21,31,4,6,4,21,14,137,18,83,4,11,16,18,11,8,25,58,18,1,5,7,11,4,10,48,12,13,33,42,21,9,12,7,5,30,13,24,16,42,33,33,23,64,14,46,23,11,55,25,28,16,64,48,0,49,58,16
"COG0190",121,176,209,165,219,185,272,250,231,209,264,139,218,234,184,262,208,229,260,224,183,244,227,236,213,269,244,218,216,187,276,285,167,250,227,230,240,180,195,205,210,211,228,186,177,202,255,273,195,210,145,226,228,282,189,209,274,235,174,236
"COG0191",727,405,269,263,265,522,406,327,263,313,297,614,351,252,278,412,251,341,248,293,255,458,436,233,255,277,318,259,382,214,308,218,375,255,299,385,348,314,293,207,244,189,306,245,358,255,412,331,252,398,463,434,294,322,210,338,933,379,284,302
"COG0192",621,221,379,236,288,395,452,343,373,330,399,176,371,338,379,372,288,358,354,294,299,412,441,322,354,388,463,292,417,300,345,341,330,378,325,393,481,359,301,343,338,316,383,306,332,213,332,440,362,451,229,374,379,412,314,347,291,453,478,386
"COG0193",146,137,143,137,152,199,155,174,148,125,136,110,155,142,125,162,162,191,154,136,164,109,164,159,124,124,102,145,164,118,147,131,149,103,125,180,137,162,145,154,148,84,152,128,163,125,139,159,136,166,93,211,167,174,118,142,206,183,166,148
"COG0194",201,177,214,160,196,301,183,240,231,241,257,136,246,194,266,259,172,184,176,199,196,127,200,299,177,186,178,198,310,188,213,168,183,159,186,209,221,273,157,216,174,278,185,209,200,151,174,229,235,263,142,286,241,254,180,214,166,247,154,156
"COG0195",239,257,318,220,294,269,446,340,284,365,400,223,283,286,228,281,292,300,284,305,263,399,453,342,273,318,407,294,245,314,315,256,375,391,368,308,460,299,258,280,313,244,275,287,283,224,289,332,287,392,196,288,303,387,266,299,248,297,237,354
"COG0196",144,174,219,193,220,216,209,199,187,181,259,181,196,168,162,261,168,273,205,176,157,229,231,226,148,144,226,209,167,131,181,169,200,224,188,210,230,185,190,162,205,139,140,169,170,156,179,224,172,263,139,220,198,210,169,203,293,174,151,167
"COG0197",97,118,144,116,150,170,166,169,138,144,162,91,125,159,119,97,180,112,108,143,121,165,190,175,146,173,195,143,122,137,151,130,116,140,133,159,168,170,128,146,114,143,123,122,145,134,127,163,118,168,96,133,124,202,105,180,148,174,107,134
"COG0198",102,117,111,67,107,104,95,128,84,126,133,59,47,93,102,133,80,117,80,77,84,99,132,111,78,53,128,97,130,76,115,84,97,96,96,121,185,111,83,81,79,95,63,68,86,71,89,115,79,137,69,133,85,152,91,105,134,132,68,89
"COG0199",49,72,54,50,73,64,90,93,84,84,97,57,38,63,53,56,77,72,68,47,54,62,100,91,69,48,89,59,27,65,53,85,85,85,64,87,144,58,71,49,74,78,77,56,36,75,63,62,52,97,62,46,78,82,56,49,31,63,72,80
"COG0200",109,107,144,105,137,116,137,174,120,141,133,83,121,139,119,138,139,136,108,122,140,119,150,125,97,124,110,123,128,137,165,121,127,120,133,164,157,148,127,117,140,112,96,108,103,93,141,151,122,142,89,158,153,168,146,116,151,169,143,111
"COG0201",300,323,380,281,335,396,394,455,347,425,431,239,315,301,335,455,305,393,353,310,315,371,409,405,315,341,399,304,317,291,399,301,289,347,322,413,504,377,292,330,375,231,316,267,321,192,337,404,311,463,261,427,379,528,318,349,342,424,280,345
"COG0202",203,210,293,164,243,273,176,356,255,284,353,107,215,197,250,258,256,341,276,261,240,299,223,339,220,257,293,237,247,185,260,231,259,278,182,281,246,295,276,204,277,184,254,221,207,187,257,302,212,226,120,290,276,281,244,286,313,347,230,236
"COG0203",77,75,155,74,156,102,89,170,105,133,132,70,79,123,114,79,92,134,102,124,108,108,134,144,118,103,129,119,115,78,169,120,117,142,102,131,134,161,129,142,102,112,117,121,90,86,112,153,121,118,47,127,155,188,111,149,115,156,70,117
"COG0204",379,421,305,409,357,348,408,330,377,375,437,443,347,439,442,379,373,303,394,452,408,370,371,464,381,446,373,441,294,577,381,314,332,401,382,355,347,409,283,365,362,512,378,328,361,488,353,316,364,330,676,368,364,401,356,398,287,324,396,310
"COG0205",971,336,812,698,767,645,898,737,770,704,627,361,962,836,798,300,992,790,762,792,749,870,741,849,874,1152,622,708,799,921,760,792,736,695,816,781,718,819,721,820,792,650,825,905,890,714,725,831,915,763,555,618,914,730,734,873,676,621,701,803
"COG0206",257,238,325,252,283,278,482,361,226,262,369,167,341,233,251,335,297,425,316,266,270,428,262,350,277,382,470,244,314,310,322,278,326,307,231,342,267,315,321,289,292,181,289,287,301,189,348,367,322,210,220,290,315,440,246,268,404,324,263,463
"COG0207",134,188,267,136,177,134,110,178,145,134,141,113,151,174,164,254,147,205,229,209,192,65,48,139,258,141,50,178,100,200,136,191,169,128,183,210,75,140,245,227,164,215,190,154,122,175,170,188,147,68,164,196,213,177,187,181,95,211,138,110
"COG0208",41,95,24,23,50,96,41,11,28,27,14,123,68,42,34,140,63,21,30,29,54,20,17,25,58,70,15,39,30,62,63,60,87,54,62,38,136,90,42,72,81,42,64,62,118,95,78,53,53,29,146,186,46,33,80,76,122,66,144,48
"COG0209",144,556,370,311,304,233,248,384,308,189,124,375,327,360,228,529,384,404,486,391,306,128,79,234,383,375,85,354,158,423,288,391,397,251,278,245,424,207,422,275,410,280,425,316,295,502,522,221,302,79,512,392,300,209,316,266,170,327,416,212
"COG0210",739,1017,952,871,1295,1304,997,1078,920,1277,907,809,811,759,825,2046,917,1400,856,770,775,598,1178,1042,650,847,640,888,908,554,879,826,994,1194,1136,1142,1131,1059,3464,933,928,1271,787,887,1059,1006,944,1126,900,750,862,934,980,1315,757,1177,1567,1081,863,1127
"COG0211",63,64,64,34,55,67,76,104,48,81,72,57,42,65,57,91,69,78,54,47,69,89,86,71,37,42,99,46,68,47,63,49,58,64,65,80,107,70,69,56,57,56,60,57,40,46,42,76,48,77,45,85,77,96,48,43,80,81,53,74
"COG0212",101,114,133,107,171,173,140,114,140,149,155,87,119,148,135,202,153,143,127,142,130,142,148,132,127,126,141,133,108,126,143,124,140,171,142,138,189,125,123,161,132,98,118,146,135,109,140,124,136,153,112,187,144,156,122,118,216,110,106,150
"COG0213",53,82,96,78,61,77,25,104,43,85,58,149,91,57,23,49,59,91,55,113,81,66,63,39,55,34,26,110,125,12,129,26,76,24,49,110,34,113,28,146,29,34,22,67,134,24,62,155,57,33,39,154,102,107,75,82,160,169,71,22
"COG0214",52,37,68,36,57,86,158,145,71,80,118,15,63,20,42,162,24,63,45,35,37,123,194,129,9,41,159,41,130,7,113,46,30,94,78,54,147,64,40,31,29,17,61,46,46,19,85,54,47,198,33,104,49,139,35,62,189,32,32,137
"COG0215",331,294,358,285,344,365,422,388,307,370,331,139,342,289,325,351,350,363,348,316,316,453,446,423,332,397,383,254,282,263,357,279,316,307,298,407,316,344,317,282,316,237,336,324,362,277,363,431,369,381,222,330,366,376,245,399,411,365,321,325
"COG0216",242,194,256,191,207,257,327,317,234,243,221,142,224,205,199,270,203,275,237,199,200,176,297,239,194,200,237,261,205,161,275,269,247,179,248,259,271,264,221,235,229,219,249,189,233,137,272,332,215,289,163,266,245,307,213,228,304,356,177,299
"COG0217",119,199,221,141,242,170,215,212,181,200,165,146,159,180,157,213,186,172,195,200,200,118,212,210,194,196,159,206,132,173,226,207,156,155,205,208,151,190,160,219,198,172,191,163,207,172,172,227,198,212,130,227,199,257,171,166,125,214,171,203
"COG0218",113,109,156,103,103,126,153,178,153,158,168,105,139,104,130,81,108,154,121,117,119,139,127,132,95,129,138,144,126,123,142,104,172,164,98,158,162,154,114,104,139,125,89,102,127,110,123,176,97,172,96,205,159,210,136,137,121,134,121,132
"COG0219",137,81,91,55,94,149,20,82,60,85,72,71,76,59,86,163,35,92,39,45,80,43,70,64,41,73,20,76,106,28,100,55,50,39,43,128,46,109,57,88,64,50,61,80,91,21,56,92,65,71,45,153,116,121,67,114,180,99,46,25
"COG0220",189,169,173,153,185,186,170,212,194,162,193,124,172,178,212,225,175,187,171,180,164,174,143,198,164,209,141,143,187,188,94,87,118,99,73,114,88,92,76,73,78,82,81,76,71,65,92,87,93,78,66,99,92,90,96,98,125,116,79,69
"COG0221",58,92,68,34,72,62,5,44,43,63,26,71,44,36,55,121,8,71,25,44,29,7,14,87,22,23,22,60,48,13,52,26,17,14,22,75,18,44,40,31,33,54,30,32,18,19,7,94,30,15,18,11,79,47,41,56,67,109,38,21
"COG0222",79,99,94,63,89,119,71,147,96,119,127,64,70,96,85,123,84,97,73,85,84,91,76,105,82,92,87,74,79,80,105,76,72,81,69,92,122,109,79,68,85,103,60,95,69,71,58,88,82,77,81,94,91,134,76,73,72,124,65,71
"COG0223",245,191,258,223,223,228,227,215,217,218,299,288,239,255,215,300,268,239,269,224,218,373,222,254,228,258,245,254,240,242,241,241,259,276,231,275,192,238,248,240,190,207,220,250,235,236,228,242,264,210,178,256,246,290,234,224,353,265,263,257
"COG0224",277,169,303,208,260,278,311,239,228,272,309,164,343,303,254,274,229,282,255,305,256,279,305,312,224,306,266,287,383,219,368,200,184,289,277,229,294,267,185,263,203,250,226,260,338,192,282,254,285,306,148,292,294,286,226,274,341,158,176,269
"COG0225",48,136,56,121,125,51,52,58,92,46,92,117,71,78,77,62,121,58,88,97,87,42,141,45,84,81,36,89,25,178,35,89,98,59,64,47,156,53,120,43,98,65,74,100,56,119,92,74,63,176,145,98,84,27,89,68,25,92,128,231
"COG0226",240,220,255,299,178,284,275,280,256,218,302,218,339,308,272,375,251,271,203,287,229,217,326,289,200,277,291,258,215,300,273,268,286,328,245,267,307,260,259,307,273,230,257,296,327,225,262,270,253,412,254,230,274,243,234,197,292,211,292,257
"COG0227",6,56,31,27,81,27,51,47,53,38,65,31,34,49,25,49,65,57,45,49,54,58,66,49,50,51,72,46,16,52,19,54,78,77,55,38,88,33,66,48,50,27,40,47,45,62,40,34,40,49,50,40,32,65,50,27,37,41,58,56
"COG0228",65,66,80,46,71,110,84,93,57,79,75,32,61,76,47,145,61,80,91,74,56,38,87,73,55,47,67,73,62,66,91,81,70,71,83,95,83,88,89,81,69,48,80,83,68,70,69,87,84,56,52,76,76,79,72,55,132,88,39,69
"COG0229",7,103,28,99,58,33,33,33,61,19,39,77,32,37,25,48,87,9,83,52,41,18,7,14,56,52,2,78,14,91,16,48,63,29,52,9,8,26,106,30,49,55,53,91,33,89,79,49,32,11,126,122,27,18,68,33,31,85,59,23
"COG0230",20,7,25,18,50,25,10,32,29,27,11,6,22,41,52,18,41,29,19,21,28,8,8,31,31,23,3,22,28,41,27,26,39,24,20,32,10,20,44,24,25,42,20,37,29,44,15,14,28,8,26,24,19,13,39,32,5,15,30,19
"COG0231",131,180,157,128,152,186,211,195,157,192,236,169,129,164,122,193,180,153,139,166,157,202,194,172,182,154,249,179,114,129,185,170,129,189,191,168,239,170,134,142,178,106,142,152,144,104,140,175,150,209,106,183,149,195,142,169,132,187,123,175
"COG0232",88,113,132,95,151,99,130,146,103,224,187,116,137,145,102,105,141,179,137,120,102,254,181,127,147,157,189,125,112,102,333,211,285,333,250,311,391,277,176,308,224,213,182,228,299,154,269,276,222,424,167,148,284,321,215,319,69,260,283,311
"COG0233",114,131,157,117,161,123,200,201,166,172,151,99,133,163,165,176,165,159,159,172,148,161,190,184,172,185,192,186,131,149,198,169,166,147,185,177,187,145,156,179,164,169,203,129,149,141,143,161,155,160,134,159,168,223,146,143,135,160,137,182
"COG0234",82,88,84,71,117,85,68,101,89,113,108,49,59,109,64,95,92,87,68,79,102,93,70,81,79,76,72,80,82,96,94,84,77,78,72,100,102,97,68,75,69,48,79,80,59,79,77,94,64,67,58,97,70,109,62,98,113,89,68,57
"COG0235",478,315,234,311,321,301,212,248,261,265,301,623,242,261,275,274,325,311,230,349,277,464,304,280,354,349,379,320,390,312,170,302,374,340,240,287,146,203,249,271,311,325,320,266,248,320,291,283,301,230,377,275,294,225,282,245,508,222,461,338
"COG0236",79,53,110,103,118,142,83,137,125,139,168,42,114,134,155,68,128,105,97,104,138,155,103,160,107,114,125,120,123,140,138,122,156,149,97,137,135,148,122,121,112,109,83,113,161,92,94,117,103,115,80,209,106,134,97,136,64,92,83,88
"COG0237",170,82,153,127,140,155,110,147,142,124,133,54,134,119,129,207,124,172,146,102,114,142,117,182,100,119,102,121,99,125,181,141,134,162,110,147,105,139,148,141,137,119,139,137,142,130,109,146,144,94,86,153,138,155,147,105,195,122,106,112
"COG0238",66,46,51,55,48,80,91,102,78,96,72,32,46,54,38,85,27,69,38,33,55,57,99,64,31,46,96,55,69,28,73,63,68,63,58,80,109,75,55,48,61,50,52,44,54,23,54,82,35,102,31,82,59,86,36,60,97,81,44,69
"COG0239",57,92,31,44,47,67,35,19,43,30,48,124,36,66,55,132,74,23,52,53,53,39,16,27,76,49,8,26,33,72,32,45,37,37,53,17,25,31,54,62,72,52,41,40,20,49,49,12,55,16,66,67,36,21,59,36,92,26,36,28
"COG0240",200,230,252,175,236,231,327,313,216,250,238,158,233,228,168,293,219,253,219,224,206,248,292,232,226,213,321,214,228,221,230,206,222,191,250,278,238,242,201,238,218,239,214,180,261,210,225,235,216,264,162,263,211,218,237,211,369,233,224,266
"COG0241",30,202,84,169,149,30,187,76,136,157,724,146,115,144,171,37,214,151,162,120,139,136,213,241,197,126,223,84,143,273,94,183,176,146,187,94,128,118,207,139,135,127,204,180,136,185,193,96,159,171,164,27,116,153,174,158,48,114,136,313
"COG0242",180,189,214,145,231,335,148,231,157,189,223,96,189,190,188,428,175,209,192,159,140,172,181,196,120,177,148,159,185,141,247,172,136,177,187,212,170,242,140,165,203,170,180,181,137,138,137,222,172,186,128,284,192,271,189,168,210,195,161,162
"COG0243",253,1393,19,29,90,159,244,62,146,97,74,1812,70,94,20,256,174,57,97,48,105,37,33,51,139,191,80,459,73,309,47,166,205,55,198,60,79,73,42,62,156,75,176,249,147,177,374,33,34,54,261,255,153,76,146,318,114,305,616,198
"COG0244",105,111,132,84,140,164,46,129,95,113,110,108,89,118,100,206,107,140,101,125,116,95,63,122,85,108,28,152,152,91,128,101,140,83,92,180,39,138,106,113,138,57,105,84,93,49,64,167,90,60,56,166,159,120,98,138,187,183,135,70
"COG0245",87,125,133,130,191,130,175,138,169,137,203,67,137,124,138,171,137,145,146,145,138,201,150,171,118,186,183,116,144,150,149,136,116,193,148,154,183,169,130,146,178,139,159,141,185,117,112,140,161,140,103,67,129,157,133,139,152,126,117,152
"COG0246",317,449,346,426,271,399,792,198,293,424,310,591,518,223,239,214,335,345,267,268,294,687,857,300,467,368,752,395,483,224,227,224,309,487,439,311,485,334,178,361,238,531,300,300,465,270,255,315,323,761,363,340,348,410,254,337,767,193,398,532
"COG0247",203,354,125,118,250,51,203,153,316,151,290,261,92,237,103,79,229,161,279,195,226,210,185,156,201,214,211,214,73,183,192,240,262,200,203,115,199,139,347,183,242,118,294,287,131,262,261,147,265,150,117,238,149,145,288,192,241,185,257,304
"COG0248",193,283,183,152,123,246,143,123,171,144,97,294,87,125,124,354,207,228,107,79,145,208,200,113,118,165,64,242,276,158,188,110,293,156,98,176,126,164,111,156,166,85,191,159,111,126,194,142,105,89,232,234,228,174,128,189,433,100,264,154
"COG0249",605,406,733,663,651,489,699,761,667,647,734,211,698,733,708,284,725,768,837,789,669,586,516,759,698,661,657,615,536,668,805,632,779,700,656,872,602,713,598,809,679,693,735,692,613,569,716,794,746,597,575,574,860,769,653,726,337,831,633,592
"COG0250",184,197,197,145,204,222,201,229,179,224,250,175,178,183,161,243,198,223,172,166,167,205,225,263,163,168,240,192,178,161,115,82,76,97,80,104,132,92,83,79,101,59,76,99,100,75,95,109,69,125,63,105,103,139,88,96,114,105,97,95
"COG0251",86,237,178,217,304,145,309,180,263,280,226,312,179,223,197,119,240,188,226,173,221,314,273,245,319,174,362,260,147,239,180,338,230,241,275,231,455,180,240,222,310,261,246,230,209,214,214,154,250,331,202,119,222,202,219,233,125,195,366,269
"COG0252",257,261,236,319,361,249,309,323,348,243,206,289,343,361,271,280,425,242,368,351,317,318,291,316,400,345,230,227,243,463,259,372,305,353,307,197,292,254,384,383,319,337,364,407,339,438,353,224,345,262,395,234,268,216,333,270,308,262,286,265
"COG0253",106,70,102,81,92,101,94,92,111,107,117,110,101,96,105,129,93,107,93,99,119,133,112,91,100,114,110,108,121,82,218,202,170,207,194,204,251,191,160,214,173,182,203,175,170,128,237,196,195,204,138,201,217,220,177,232,251,170,172,219
"COG0254",50,109,57,48,75,51,23,84,52,46,57,65,39,49,58,49,50,54,60,50,55,28,18,58,38,39,34,54,40,70,52,54,50,42,40,68,35,48,73,47,49,45,40,42,43,50,34,56,36,34,50,64,38,40,66,42,48,55,39,22
"COG0255",52,56,50,21,41,63,13,38,16,39,32,39,33,26,42,73,26,23,20,36,30,20,28,38,21,20,15,49,51,18,66,31,24,16,16,54,18,54,20,42,35,13,29,41,37,11,24,59,36,20,24,74,31,58,28,44,76,74,20,14
"COG0256",66,70,66,36,75,56,72,73,54,67,82,29,62,67,57,78,54,79,51,48,55,54,85,88,57,57,61,61,71,57,148,101,103,119,121,141,173,121,110,135,110,109,137,123,116,62,117,170,95,158,67,121,107,174,113,115,177,145,135,137
"COG0257",5,8,9,7,8,12,1,22,7,7,3,3,10,7,25,37,2,7,1,7,8,3,11,8,6,10,2,10,5,4,6,3,3,3,5,7,9,16,0,4,11,2,2,5,13,6,9,11,13,9,3,11,9,10,3,20,21,9,8,6
"COG0258",448,425,482,416,464,612,569,624,533,561,753,412,477,456,487,715,411,532,520,491,411,527,704,482,399,553,781,459,359,386,545,467,549,595,555,515,744,544,484,483,545,323,549,499,500,422,489,559,487,682,351,431,522,432,449,454,437,549,454,618
"COG0259",1,34,6,27,23,3,5,6,24,5,21,17,15,28,19,5,11,4,15,28,31,5,2,13,38,17,0,22,5,30,32,65,31,9,31,7,2,19,38,57,33,62,30,42,23,91,28,16,37,3,55,6,9,1,65,19,2,13,29,24
"COG0260",56,124,11,8,10,22,45,8,43,31,100,157,19,19,2,39,21,21,21,19,9,13,5,21,23,29,4,43,10,20,12,31,29,13,12,12,5,4,23,10,50,21,40,48,25,15,36,27,6,7,63,38,14,9,23,42,16,52,82,69
"COG0261",76,120,113,65,105,93,97,100,114,124,109,78,78,89,82,133,93,98,77,84,87,93,114,119,93,99,110,96,90,90,90,100,89,90,93,125,127,86,94,74,106,89,83,105,77,71,91,121,76,116,61,77,100,137,90,103,95,126,88,121
"COG0262",116,205,168,116,161,148,98,151,139,124,138,256,152,159,139,250,183,125,149,206,149,157,88,156,147,108,124,117,145,144,124,156,149,177,111,164,98,148,152,122,125,112,133,145,101,118,124,126,134,74,109,184,139,159,111,136,135,147,160,98
"COG0263",176,116,267,195,181,183,133,134,214,142,122,80,225,180,213,254,202,224,189,210,205,128,92,116,160,218,23,169,164,217,197,183,224,113,148,218,59,192,128,230,198,212,193,165,191,161,175,228,268,104,189,215,190,135,185,215,257,140,180,143
"COG0264",167,182,293,230,234,226,233,303,212,272,214,133,260,218,211,219,269,270,274,224,196,223,196,315,225,254,223,241,230,234,285,251,248,214,213,268,282,231,241,226,246,211,243,215,202,189,254,260,240,153,208,274,292,269,209,248,191,298,219,225
"COG0265",792,548,416,268,399,496,286,466,357,400,445,427,426,396,309,400,323,426,380,416,300,367,312,282,245,376,307,528,469,303,438,398,318,380,354,461,284,438,494,385,392,298,311,503,406,379,387,527,374,308,249,596,411,443,402,390,399,605,340,371
"COG0266",63,126,19,83,20,42,30,14,73,27,67,152,8,35,13,63,28,16,37,18,46,35,12,23,46,26,6,65,25,28,23,22,34,8,25,10,3,9,38,13,9,23,24,32,24,27,16,8,12,4,16,43,9,17,38,12,47,31,39,23
"COG0267",31,34,23,16,39,19,41,47,24,43,37,25,19,34,31,34,29,32,25,19,37,37,34,39,29,26,41,17,14,36,19,30,35,43,36,41,55,31,39,23,32,38,27,32,22,36,39,22,16,30,28,36,31,48,25,21,21,32,24,31
"COG0268",63,53,39,23,32,61,14,57,21,67,37,46,19,33,31,60,18,34,17,21,24,25,29,30,10,29,4,49,33,12,58,26,32,21,19,59,16,48,22,38,24,28,26,32,34,13,18,59,16,21,24,87,39,57,28,28,78,66,26,17
"COG0269",29,80,3,5,2,31,5,1,6,2,3,88,4,2,1,12,10,2,3,3,1,0,0,0,6,2,2,29,0,6,0,5,9,0,2,8,1,3,0,0,1,4,2,11,4,4,1,11,6,2,11,14,1,2,5,5,9,38,41,6
"COG0270",636,454,643,376,731,490,607,1118,651,744,824,210,612,553,351,617,714,611,464,684,701,989,687,590,898,271,543,561,583,514,353,601,538,602,453,1022,390,687,605,560,533,533,533,357,324,566,280,588,547,671,210,347,338,1585,484,736,234,527,430,239
"COG0271",4,27,0,1,0,4,4,1,1,0,1,45,0,0,0,9,5,0,1,1,0,0,0,1,2,1,1,9,3,0,1,4,6,0,1,0,1,0,0,0,3,0,0,4,1,4,1,0,1,0,2,3,1,0,0,2,0,2,7,1
"COG0272",360,399,530,331,464,455,430,632,430,486,692,418,340,427,490,548,358,454,423,440,488,376,459,494,362,317,375,443,356,290,509,397,426,371,401,488,470,464,3643,424,386,598,402,358,409,436,390,461,386,495,277,463,420,485,402,362,451,570,352,480
"COG0274",78,151,190,171,159,203,278,192,183,211,186,165,154,155,140,101,229,216,209,217,155,268,265,219,194,191,258,147,112,160,132,164,303,224,213,181,309,168,190,176,149,171,186,166,193,178,218,145,159,265,275,157,136,227,170,142,270,163,213,202
"COG0275",309,218,276,229,273,330,276,302,257,240,295,140,300,265,279,299,216,252,261,275,262,247,309,266,219,244,297,234,364,230,264,259,252,280,269,298,295,379,199,225,206,282,250,234,251,188,250,298,228,326,182,308,307,346,226,336,285,291,184,317
"COG0276",10,37,0,1,4,6,16,3,6,8,4,56,3,7,1,16,9,4,5,3,5,2,0,2,8,19,3,9,2,8,1,4,7,1,7,3,5,10,1,5,3,1,2,9,1,11,18,0,0,2,10,70,14,6,9,20,0,6,19,3
"COG0277",49,418,110,104,151,98,93,79,275,111,210,416,99,191,44,133,138,142,163,142,171,79,40,66,180,165,50,231,71,129,202,189,150,79,104,69,35,121,217,134,155,96,168,285,159,189,133,86,186,31,124,137,75,74,222,127,258,189,254,200
"COG0278",3,22,0,1,0,2,2,2,0,0,0,30,0,0,0,2,0,0,0,0,0,0,0,0,2,3,2,4,1,2,0,0,5,1,0,0,2,1,0,0,0,0,0,3,0,3,0,0,0,0,6,4,1,0,0,2,1,3,9,2
"COG0279",18,107,31,48,42,20,39,24,51,49,287,166,26,28,70,20,71,36,24,17,35,16,110,59,63,22,42,53,64,143,40,33,56,24,65,24,20,57,29,19,34,92,41,62,103,35,92,21,22,67,91,31,28,28,75,40,37,69,73,119
"COG0280",205,433,474,499,600,310,707,591,477,454,498,357,480,601,547,415,775,607,646,590,559,586,421,552,859,743,589,500,367,771,522,717,610,668,648,444,528,379,490,655,645,601,615,598,495,673,686,494,659,415,533,274,587,507,503,576,182,410,644,550
"COG0281",267,251,343,291,319,185,369,340,344,271,372,307,388,362,390,118,459,353,419,355,401,354,234,424,450,457,356,331,303,476,372,401,333,348,352,290,310,328,236,402,309,276,402,400,392,315,428,268,364,255,317,301,353,333,328,408,98,271,356,334
"COG0282",241,227,353,271,217,384,356,325,233,312,295,229,221,235,172,321,235,280,254,211,209,202,341,321,256,235,320,260,232,158,353,276,212,242,251,372,348,334,279,275,265,222,279,287,259,195,234,416,247,398,173,356,270,367,220,268,158,402,281,308
"COG0283",122,159,170,134,194,217,195,162,155,174,223,92,138,137,130,340,139,175,175,161,118,135,193,179,123,150,199,171,158,121,201,144,178,203,144,180,224,172,126,162,212,124,168,129,138,108,152,195,129,158,112,140,186,192,154,147,224,216,138,197
"COG0284",172,157,230,186,233,263,209,254,192,190,206,78,239,181,210,322,201,268,207,188,205,199,188,248,168,253,174,185,226,213,204,173,195,164,171,229,219,175,215,198,220,200,200,193,201,158,244,181,204,168,139,178,202,218,170,212,257,166,146,228
"COG0285",386,230,325,217,254,383,256,342,308,368,330,206,332,274,270,320,287,304,336,312,297,256,356,367,197,324,314,296,275,223,330,277,271,283,279,292,405,367,245,319,277,295,272,335,295,190,327,306,315,329,185,480,336,369,254,320,322,277,278,322
"COG0286",187,501,643,512,611,564,332,813,865,593,975,245,647,566,662,377,979,750,712,651,735,555,1007,476,441,548,970,736,405,612,880,668,861,1042,739,1107,1586,680,523,700,842,454,706,652,662,413,745,549,720,838,625,582,1083,709,578,628,625,851,687,309
"COG0287",190,123,146,138,132,168,40,112,115,140,151,122,155,117,171,212,91,139,95,129,143,83,117,97,97,115,27,149,183,83,174,143,97,50,87,144,60,181,95,146,130,137,104,118,219,91,103,175,146,86,141,198,154,119,162,142,266,162,77,84
"COG0288",34,107,41,55,69,61,116,22,71,77,75,124,64,50,29,108,71,77,90,49,61,61,120,38,72,72,108,46,41,55,31,59,79,97,101,56,112,58,48,41,81,57,65,75,38,75,76,31,38,130,87,107,26,63,65,81,99,48,89,100
"COG0289",180,128,185,197,234,183,215,208,173,173,214,102,180,241,224,212,245,225,221,200,213,201,196,200,266,228,246,184,207,232,224,226,175,210,174,190,192,222,172,185,191,203,196,206,210,179,199,169,231,223,150,194,177,248,157,213,194,187,173,209
"COG0290",104,106,150,98,168,131,174,175,186,191,188,82,127,136,135,146,131,188,144,135,163,124,185,201,143,108,150,146,118,126,193,150,147,149,139,179,205,173,145,151,124,112,142,149,119,110,121,169,140,193,88,150,166,233,126,160,160,210,115,141
"COG0291",54,38,48,43,43,40,29,89,48,58,42,31,61,57,65,20,52,41,43,43,49,55,26,49,39,30,23,50,37,55,23,32,26,25,18,39,23,30,37,14,20,28,21,31,20,24,23,27,13,16,21,37,27,20,30,21,19,21,27,14
"COG0292",30,58,44,37,48,56,48,73,53,70,57,31,49,37,50,32,45,53,48,32,47,47,61,49,29,49,48,45,46,36,120,105,89,102,86,131,115,118,88,95,100,70,78,87,76,62,75,131,67,128,34,102,96,143,91,91,88,114,95,106
"COG0293",5,26,3,1,2,4,8,3,6,9,40,50,1,3,0,5,6,0,6,2,4,3,0,4,1,14,1,6,0,9,1,6,10,1,4,2,3,5,0,4,6,4,6,12,4,4,18,4,0,1,2,10,12,2,11,10,1,11,14,25
"COG0294",135,207,115,127,160,86,193,178,187,158,218,123,93,135,129,152,169,156,175,194,121,177,152,146,150,154,237,125,72,213,120,156,182,182,173,124,161,84,207,152,191,98,168,177,127,143,173,91,141,169,155,154,157,152,145,123,126,89,160,205
"COG0295",125,119,106,90,98,107,150,146,137,121,127,91,82,83,76,51,102,133,132,91,132,101,122,120,85,85,113,108,91,69,134,86,99,113,105,110,136,92,111,121,123,86,97,88,120,81,120,122,97,114,77,134,122,172,106,128,60,129,100,103
"COG0296",743,338,735,622,564,643,369,620,469,575,376,317,662,526,643,588,517,718,563,505,519,305,604,552,503,652,315,480,651,311,637,482,452,315,493,627,536,544,496,600,546,401,607,556,538,353,477,678,603,489,345,561,687,695,559,633,713,350,411,427
"COG0297",314,161,346,258,295,265,254,325,252,330,291,169,351,290,297,110,277,293,252,257,295,264,298,280,243,268,226,263,393,208,294,224,219,248,254,305,264,363,216,258,245,224,275,253,285,198,196,363,286,272,146,383,272,296,256,313,265,238,231,271
"COG0298",5,46,5,0,12,13,8,8,10,8,2,56,4,12,4,13,7,4,2,4,5,24,9,1,8,8,2,20,28,6,1,4,19,4,7,8,4,9,9,1,12,4,4,14,3,7,19,3,1,7,7,9,4,7,4,15,63,8,14,5
"COG0299",115,107,139,127,108,141,58,93,166,136,54,76,177,163,164,44,166,136,160,158,168,108,75,114,135,220,31,136,154,203,160,145,88,125,145,97,53,170,130,159,92,132,116,139,157,121,96,162,161,71,124,186,137,90,142,137,92,109,90,77
"COG0300",71,119,148,156,150,151,163,225,150,122,132,92,179,159,200,215,162,139,186,131,164,119,130,182,157,178,107,132,195,167,90,72,50,70,67,82,77,96,79,81,100,73,64,68,96,70,89,110,98,94,105,107,104,99,59,77,70,69,88,86
"COG0301",189,108,160,93,96,230,21,125,76,144,143,160,170,94,136,84,76,119,67,142,98,49,79,115,61,117,28,162,176,33,186,73,54,41,74,132,58,225,38,110,60,139,63,110,162,33,55,177,100,77,42,211,152,147,82,142,88,207,99,87
"COG0302",111,94,120,86,123,102,207,107,139,130,189,53,124,109,104,139,112,133,143,126,143,142,128,172,134,137,189,101,52,125,112,155,140,152,125,93,204,104,1923,150,146,136,147,129,79,115,118,85,121,152,118,134,124,166,141,123,63,74,110,139
"COG0303",209,88,79,72,35,192,68,69,59,123,32,169,193,69,73,108,80,85,51,61,100,111,89,60,48,159,8,77,182,45,80,75,88,46,81,82,46,181,43,59,63,32,72,101,250,18,140,83,98,68,83,189,74,49,104,107,311,100,89,77
"COG0304",385,415,465,385,433,539,653,417,398,310,522,254,383,354,635,1130,438,394,439,419,429,439,441,539,334,497,583,408,420,530,469,318,413,417,418,294,559,455,306,453,374,434,418,353,360,502,442,366,433,466,449,344,360,399,429,369,760,307,361,459
"COG0305",338,480,361,407,461,539,451,463,416,399,431,249,539,443,431,550,377,491,410,402,392,383,427,456,533,577,291,338,426,392,379,506,487,407,446,476,455,427,432,379,395,465,448,500,519,390,493,441,451,418,428,566,406,435,435,429,652,770,355,418
"COG0306",51,165,33,65,53,46,81,14,78,31,24,278,51,53,71,125,89,51,50,67,85,113,50,35,60,84,13,81,86,83,15,46,154,27,54,72,12,48,52,57,93,104,70,43,35,108,86,39,35,32,144,53,51,17,58,82,247,62,119,48
"COG0307",35,49,70,51,55,56,98,41,51,60,56,44,53,68,41,30,78,48,81,65,50,69,74,67,73,60,85,50,48,62,109,141,123,91,122,119,167,76,131,120,136,101,132,135,107,106,142,63,103,144,122,47,86,155,107,128,112,61,143,138
"COG0308",41,163,38,108,80,311,49,23,81,39,132,131,63,50,27,512,58,104,85,115,64,31,20,28,46,59,9,66,18,82,20,58,35,66,82,48,16,29,155,28,74,24,29,75,44,34,96,17,51,11,50,320,34,19,53,57,195,98,50,78
"COG0309",55,94,108,64,63,160,24,66,55,54,27,96,102,81,87,65,20,81,46,32,47,87,59,62,14,68,10,95,167,21,79,47,68,41,44,79,24,129,25,57,40,63,52,72,58,29,72,71,59,59,19,129,70,90,66,127,216,87,79,32
"COG0310",97,38,46,5,16,38,13,15,18,28,7,18,15,21,38,34,4,18,15,12,14,43,31,11,6,22,4,34,64,11,12,11,14,6,5,10,3,19,12,6,5,7,8,8,17,2,5,10,7,5,18,44,2,6,9,8,45,28,7,5
"COG0311",49,29,53,19,44,65,66,100,54,36,75,11,32,17,29,113,10,39,26,20,21,87,72,75,8,26,89,22,93,16,66,24,43,70,44,54,98,47,45,32,30,9,29,37,19,9,65,34,33,78,24,63,33,99,27,47,154,18,18,69
"COG0312",27,115,97,124,167,110,47,121,145,76,219,151,67,192,79,23,143,46,121,103,141,40,12,66,198,178,98,156,70,117,95,254,92,83,120,39,19,148,212,186,83,103,194,183,111,200,204,65,190,22,26,57,127,41,242,85,0,224,108,111
"COG0313",221,197,232,263,293,341,279,317,262,226,295,131,290,295,301,326,301,280,309,265,272,255,233,252,275,289,206,224,229,294,290,265,289,287,247,292,244,289,328,257,265,211,244,289,262,259,257,239,285,219,226,278,285,279,250,246,303,227,270,219
"COG0314",2,33,0,1,3,4,10,1,5,1,0,59,2,1,0,7,5,1,0,1,1,0,1,2,3,9,1,15,0,8,0,3,5,1,6,1,1,0,2,1,3,4,3,6,4,3,9,1,1,1,7,4,4,3,4,5,0,12,16,3
"COG0315",77,42,33,22,18,96,25,18,22,37,15,75,60,27,43,37,32,36,27,19,33,40,46,16,12,45,11,32,126,11,31,27,35,22,36,47,20,53,14,16,22,12,34,29,79,20,49,30,28,28,25,68,31,18,33,45,128,40,41,28
"COG0316",20,101,0,2,8,14,16,2,12,5,70,162,3,3,0,14,17,3,3,7,7,5,0,1,6,7,11,40,1,6,3,7,27,8,7,5,6,4,1,2,9,8,3,17,11,14,22,1,1,5,13,19,6,6,7,18,1,19,65,30
"COG0317",483,458,678,578,692,506,904,824,642,724,814,378,579,627,543,576,666,755,872,721,552,675,966,780,667,670,966,551,618,581,615,725,747,646,800,691,872,683,584,645,643,458,699,622,630,644,734,758,672,794,466,584,561,884,634,716,583,814,600,881
"COG0318",164,610,492,478,418,247,409,377,416,505,417,568,464,522,511,154,500,383,431,467,502,397,278,354,635,506,326,501,372,524,569,483,394,390,464,408,255,381,280,463,450,532,433,470,446,474,400,387,516,234,442,175,441,587,445,419,130,659,578,372
"COG0319",115,122,167,140,143,159,170,155,137,152,144,77,160,145,115,169,142,153,121,123,145,129,144,168,131,134,122,130,99,122,172,105,128,147,114,180,186,175,128,112,150,70,122,121,133,92,129,159,144,128,86,126,124,168,124,124,139,160,84,158
"COG0320",18,98,38,79,107,8,69,51,91,50,10,89,73,108,89,21,186,81,128,86,98,45,12,42,123,129,10,108,37,200,21,63,54,40,51,42,10,21,71,57,86,36,58,55,30,78,35,29,57,7,46,7,53,9,53,71,4,29,49,43
"COG0321",9,108,38,65,64,10,39,30,75,30,12,55,45,76,57,16,98,39,123,74,62,47,5,19,93,79,5,48,33,137,38,101,49,44,73,58,8,25,112,63,109,75,80,85,45,95,58,30,75,6,69,8,62,13,94,75,3,46,97,42
"COG0322",313,310,414,363,379,450,378,464,394,468,471,245,326,370,367,514,338,481,397,408,332,384,526,450,365,327,423,385,337,320,512,403,450,493,380,461,512,422,399,359,369,298,414,413,378,300,412,481,347,463,278,432,436,434,375,409,421,457,353,350
"COG0323",326,234,349,271,342,302,402,492,362,349,332,232,369,322,307,163,297,254,394,341,364,420,315,413,310,395,444,304,240,361,422,289,329,430,339,368,315,426,343,360,334,326,322,344,309,322,399,374,310,226,287,420,364,355,338,301,201,404,297,257
"COG0324",174,206,293,245,355,194,355,388,282,310,347,154,200,310,290,249,365,357,326,327,269,274,323,369,357,309,355,257,211,338,328,350,311,320,370,324,383,258,318,332,354,331,296,382,235,349,309,284,287,330,244,182,308,342,312,336,174,264,246,372
"COG0325",117,181,178,124,180,163,174,203,157,198,258,107,166,192,190,186,177,213,162,182,139,197,172,178,151,192,206,178,149,164,174,143,176,181,140,163,187,191,178,154,193,145,157,158,165,140,161,150,150,179,123,140,177,174,151,156,206,170,125,191
"COG0326",337,347,454,405,473,320,519,455,434,539,444,265,454,494,496,158,444,450,449,431,430,345,468,544,376,415,495,390,562,478,486,367,418,400,470,463,559,533,417,428,414,435,395,371,440,450,395,509,377,517,406,230,426,510,434,482,243,356,397,431
"COG0327",130,97,142,140,186,192,149,137,154,116,158,67,89,141,116,224,153,167,151,138,135,163,190,140,87,141,99,91,112,142,146,129,140,165,144,118,146,115,155,121,155,90,152,132,144,139,178,128,126,157,108,167,83,146,120,96,256,133,108,191
"COG0328",37,106,42,28,61,57,7,65,54,67,297,91,48,73,60,119,43,75,25,39,72,10,26,16,17,39,11,47,16,21,35,48,29,19,29,64,24,82,1277,30,86,71,26,36,65,40,31,80,41,40,21,67,38,121,53,29,78,111,32,25
"COG0329",458,462,392,363,372,371,374,417,476,394,325,508,467,450,388,399,389,384,393,425,361,367,346,347,467,428,293,380,328,370,368,416,351,377,377,404,284,371,417,465,442,433,391,331,500,384,446,354,422,323,516,421,342,376,315,411,504,410,375,380
"COG0330",427,378,398,197,249,308,210,332,266,344,488,452,270,206,227,395,218,241,205,226,326,315,239,345,211,253,283,321,211,184,565,293,240,306,231,376,498,287,167,210,251,292,316,234,352,221,273,404,272,219,245,492,315,306,262,296,188,388,224,337
"COG0331",247,283,207,169,325,454,239,215,198,176,247,183,238,194,234,1142,187,279,211,191,176,207,256,239,216,229,221,212,261,197,215,189,199,201,225,218,248,238,182,171,229,179,216,214,221,186,219,208,184,220,167,287,216,239,199,209,692,150,207,215
"COG0332",46,212,311,369,245,164,425,232,304,272,515,166,310,350,334,110,316,289,421,259,424,330,291,345,437,330,352,207,285,309,178,173,166,141,178,133,185,147,150,147,143,177,163,206,105,189,163,109,168,162,136,153,147,157,206,158,106,78,124,134
"COG0333",25,19,26,18,35,20,34,47,38,38,40,18,18,26,28,11,42,35,25,41,31,22,24,32,20,27,25,19,24,35,14,20,11,15,6,28,12,18,17,22,15,19,14,22,6,16,6,13,16,14,22,17,12,18,22,19,6,19,21,6
"COG0334",287,303,446,400,526,272,509,580,436,434,422,248,355,463,380,314,522,482,509,536,426,390,402,384,503,483,449,375,340,475,385,495,381,412,423,409,468,365,411,455,520,362,512,454,435,440,556,444,464,407,351,336,417,414,420,489,310,341,376,468
"COG0335",55,82,133,71,107,93,129,137,132,147,128,36,85,99,69,103,100,136,125,61,107,97,134,135,76,84,107,89,63,95,110,81,77,93,103,137,135,94,83,114,99,95,100,77,87,77,80,134,107,134,77,90,114,135,100,90,85,117,92,87
"COG0336",168,184,186,129,199,186,200,182,149,191,205,109,150,172,147,280,152,196,161,140,156,229,215,172,112,131,164,154,165,135,188,147,150,199,176,220,222,189,178,163,168,122,167,161,208,117,135,201,149,193,102,170,189,268,129,154,213,186,145,182
"COG0337",187,231,244,177,222,227,222,199,239,227,280,156,208,186,176,341,226,272,200,218,171,224,294,227,217,223,277,227,212,180,253,215,259,206,227,198,280,204,236,215,245,190,217,190,242,143,199,231,212,217,181,190,266,252,220,216,317,148,197,277
"COG0338",169,341,126,131,249,61,57,137,140,123,192,217,101,117,186,25,86,125,43,127,151,90,90,210,68,144,379,162,111,151,148,125,314,101,168,238,71,140,119,45,177,145,95,131,239,79,77,137,108,39,106,34,196,132,115,42,123,211,217,96
"COG0339",61,425,345,426,429,58,830,320,558,424,646,213,268,453,379,80,577,338,623,505,431,649,670,477,583,454,921,373,111,626,226,536,552,581,608,249,739,207,681,499,522,396,505,486,315,602,468,227,486,632,358,38,453,380,449,377,17,281,555,777
"COG0340",351,154,185,214,227,298,243,205,247,221,258,109,292,193,194,226,213,235,192,241,212,196,215,238,184,284,247,203,198,188,268,195,223,197,221,244,268,282,188,217,204,146,194,220,304,198,185,285,254,244,140,330,234,240,174,192,240,150,163,273
"COG0341",162,182,202,195,99,229,61,151,134,176,122,182,224,103,237,116,147,98,155,139,183,92,116,154,134,196,46,199,286,110,167,132,132,81,139,209,90,210,128,103,163,215,160,94,282,160,139,217,158,148,191,155,147,141,148,170,197,137,123,109
"COG0342",189,274,502,451,232,266,657,504,386,443,671,260,388,408,344,175,296,451,458,338,434,587,678,609,431,447,967,403,438,237,473,363,362,558,474,374,676,350,377,349,366,372,432,319,388,434,432,385,477,599,253,217,467,542,342,438,273,259,354,515
"COG0343",186,217,263,213,251,244,307,281,245,235,272,118,222,210,179,285,227,256,245,215,225,247,299,280,216,224,243,245,214,144,270,235,215,210,258,314,236,228,285,237,284,219,298,207,230,192,238,309,277,272,172,305,289,314,212,233,361,342,208,281
"COG0344",54,54,57,33,51,87,11,54,48,50,28,62,64,32,42,42,29,32,39,44,35,18,35,40,23,37,16,77,73,11,137,72,50,52,53,158,43,184,55,99,72,70,92,78,105,38,46,167,108,79,44,144,128,129,82,104,127,150,60,41
"COG0345",173,182,156,188,220,170,194,141,190,176,168,186,200,175,193,185,236,170,175,206,203,198,202,216,215,206,154,204,176,237,169,195,171,225,180,147,166,212,154,184,197,262,218,184,184,208,172,187,180,200,194,181,163,194,177,171,156,150,183,155
"COG0346",166,195,164,224,299,170,160,166,247,200,129,235,226,264,261,147,338,195,259,221,297,214,105,166,308,280,91,204,169,369,172,263,305,197,177,175,136,197,285,226,253,222,241,273,204,326,216,149,223,120,333,275,203,162,264,201,226,198,330,174
"COG0347",338,61,284,153,205,270,138,174,180,248,252,94,190,253,288,147,169,221,130,157,152,182,300,196,168,125,146,177,315,123,302,169,124,150,176,254,269,280,92,273,131,206,136,216,305,81,119,249,254,211,89,152,246,240,176,223,189,133,127,168
"COG0348",298,256,274,303,162,260,100,150,339,231,160,243,246,176,248,81,196,180,231,154,251,58,232,137,224,189,43,235,161,149,225,280,174,138,241,193,209,250,355,239,258,247,213,251,230,249,175,250,225,92,237,147,237,189,276,191,60,278,167,228
"COG0349",8,68,7,1,18,25,3,2,5,4,17,50,2,3,0,82,3,20,2,1,1,0,0,0,0,1,1,24,3,2,1,0,10,0,5,0,2,8,0,3,36,3,0,6,2,6,2,2,0,5,8,19,3,2,8,12,46,10,17,21
"COG0350",61,77,59,42,67,76,35,69,98,49,57,70,68,77,97,60,72,45,79,65,63,64,74,85,52,74,60,77,59,78,140,136,127,87,112,110,204,149,146,188,149,126,134,129,147,128,125,122,136,169,146,148,141,131,140,110,117,145,128,119
"COG0351",222,115,222,160,237,251,415,205,260,237,292,90,234,227,201,224,222,268,197,170,190,346,382,224,210,224,377,136,223,184,206,224,243,262,277,264,402,194,174,222,210,147,226,144,194,147,198,163,172,403,129,228,190,285,194,208,382,149,185,342
"COG0352",313,147,194,152,220,292,131,177,195,133,196,89,233,163,182,476,127,217,176,138,107,173,189,183,122,147,137,139,240,108,220,136,130,138,152,177,212,174,140,214,155,91,171,177,180,115,144,124,179,202,119,206,168,169,156,184,413,98,111,151
"COG0353",189,137,198,136,202,191,187,189,170,173,172,96,176,162,178,226,169,175,159,170,140,169,183,178,173,151,144,191,174,142,217,168,128,160,152,202,204,186,139,187,160,117,191,142,150,122,160,207,149,177,130,192,165,230,172,165,234,160,135,158
"COG0354",4,24,1,0,0,3,5,1,1,0,4,35,1,2,0,3,3,0,0,5,0,0,1,1,3,6,3,11,0,3,0,4,13,1,5,0,3,2,1,0,7,4,0,10,3,5,4,1,1,1,2,8,6,3,3,17,0,12,21,9
"COG0355",78,75,82,57,65,67,28,62,75,66,75,71,107,72,39,74,85,82,68,65,56,63,86,81,57,82,33,69,99,41,104,73,61,55,69,52,43,97,60,44,55,68,61,81,128,57,71,63,82,41,36,124,78,83,78,81,127,52,59,41
"COG0356",240,224,348,226,211,304,287,208,230,245,274,149,331,247,244,286,263,298,207,206,227,302,316,314,222,294,274,238,351,190,306,175,213,281,206,247,234,268,188,273,203,263,183,249,263,185,177,242,242,252,153,287,276,278,216,261,297,152,230,293
"COG0357",232,172,162,132,220,270,128,215,140,233,248,145,153,177,166,294,152,222,180,177,154,182,191,222,144,137,115,144,181,150,176,170,166,181,161,252,191,226,145,157,186,146,128,144,197,112,169,198,144,143,114,270,205,220,134,182,220,181,144,123
"COG0358",552,412,797,547,622,595,642,730,764,820,802,436,646,728,603,515,634,524,686,586,804,656,914,542,669,913,1306,641,657,626,368,314,386,452,315,286,391,371,272,545,330,373,276,263,548,323,251,455,307,366,235,256,368,425,289,285,307,418,227,427
"COG0359",121,120,145,112,106,172,146,156,128,130,144,99,130,115,146,169,128,155,126,129,130,135,131,135,91,139,119,120,152,128,162,119,175,101,129,181,145,180,147,147,142,83,106,97,115,107,111,156,113,133,99,192,143,164,116,124,214,140,117,149
"COG0360",68,92,92,70,111,116,112,135,89,102,129,72,92,94,89,127,88,111,85,97,102,123,135,86,96,93,107,80,111,101,106,92,106,124,93,108,126,102,86,106,95,61,94,81,76,77,86,104,71,103,60,113,105,147,89,108,154,107,106,110
"COG0361",64,56,99,50,103,77,76,118,89,99,110,34,75,78,89,91,84,94,52,69,75,82,102,111,93,68,98,76,60,84,79,75,91,110,55,103,115,108,70,79,97,71,72,69,81,49,68,87,75,102,46,84,54,102,60,90,70,90,71,59
"COG0362",73,143,46,106,118,149,111,25,98,37,6,87,99,127,132,322,152,71,110,107,91,162,30,47,155,154,8,86,91,157,31,138,163,68,149,35,11,54,132,118,94,126,89,116,81,153,121,29,107,15,152,106,48,26,136,67,301,63,112,44
"COG0363",377,410,280,460,470,318,622,407,493,372,483,329,373,468,376,491,516,291,477,355,450,585,555,271,594,433,770,298,267,556,300,507,478,543,593,299,630,255,500,425,438,451,450,441,349,566,499,436,487,508,421,263,329,393,420,417,251,324,390,999
"COG0364",43,144,79,114,142,122,78,41,105,40,9,164,98,169,122,222,154,41,123,151,109,88,23,43,203,120,16,98,67,189,61,158,120,76,138,36,10,63,165,162,84,143,123,167,86,191,128,27,154,29,164,110,52,14,161,92,162,73,117,48
"COG0365",254,222,181,160,221,37,328,170,230,137,221,284,161,225,180,47,232,148,267,235,147,172,179,208,252,159,301,150,55,214,141,275,218,182,236,168,224,117,169,168,210,191,299,243,139,306,187,185,223,285,175,31,163,200,157,188,15,173,216,198
"COG0366",2514,1417,1804,1075,1235,2638,2776,1653,1099,1774,1807,1271,1244,1201,1614,3217,887,1516,1110,1096,1093,1208,1813,1786,963,819,2074,1313,1771,815,1263,952,1101,1613,1543,1178,1652,1736,1271,979,1087,1069,989,1118,1084,1036,1146,1625,1212,3598,612,1765,1252,1681,988,1254,2374,1210,868,2612
"COG0367",596,164,327,318,330,404,274,381,276,342,292,225,400,261,418,233,227,301,279,381,285,233,221,317,273,314,347,260,429,189,361,286,273,235,259,365,189,404,321,320,291,279,531,325,303,199,227,394,305,304,169,295,359,304,282,357,162,478,236,239
"COG0368",77,53,94,73,51,98,47,36,87,90,34,93,77,62,63,45,75,81,75,75,76,67,49,50,58,99,7,106,137,45,113,60,51,59,67,73,26,96,77,72,82,63,75,100,107,58,74,84,62,46,58,63,83,40,70,94,125,98,56,34
"COG0369",12,113,0,0,1,7,5,1,7,0,3,70,0,1,0,11,4,0,1,2,1,0,0,0,3,5,0,45,1,1,0,5,11,2,3,0,0,1,1,1,4,3,1,10,1,2,2,0,0,2,5,14,3,1,1,21,0,8,34,11
"COG0370",947,488,764,566,620,594,484,817,634,775,787,537,639,618,514,265,536,784,624,653,517,543,553,683,547,568,462,711,865,421,813,637,470,455,515,759,546,723,542,667,601,625,681,693,847,412,608,915,819,627,442,480,745,718,545,750,670,844,547,532
"COG0371",144,110,126,86,108,213,45,85,104,131,63,225,96,152,161,82,42,87,65,126,108,120,103,84,44,92,24,125,275,50,123,89,134,45,95,140,51,155,75,63,93,251,112,97,136,39,118,126,179,63,215,273,94,97,72,129,460,145,141,48
"COG0372",355,268,390,266,392,406,331,263,287,324,353,239,384,336,391,410,316,410,286,346,285,294,362,354,309,262,357,287,471,278,470,359,249,271,307,391,363,357,193,409,270,295,266,347,338,269,196,400,351,375,213,265,421,415,297,416,387,254,294,339
"COG0373",135,99,44,14,58,73,28,51,48,33,34,91,34,43,71,39,20,55,22,42,37,61,44,54,15,44,9,69,78,26,57,36,72,34,28,76,34,74,32,60,34,21,78,92,42,19,51,22,63,193,49,104,46,29,24,57,177,54,56,20
"COG0374",33,209,5,12,13,10,58,5,52,25,4,229,10,28,2,37,27,13,17,12,15,128,60,15,27,29,9,94,87,30,8,38,78,4,26,35,13,31,51,21,37,21,29,47,26,23,95,11,12,18,31,61,20,11,14,44,365,71,21,29
"COG0375",15,91,29,20,29,31,12,12,30,27,21,105,22,21,11,12,16,36,10,42,19,27,14,14,15,15,8,33,49,16,19,28,27,8,14,15,9,26,19,9,20,3,16,18,13,20,27,30,6,13,12,18,27,22,23,20,87,61,28,13
"COG0376",17,88,0,1,1,7,10,0,8,0,0,113,2,0,0,16,15,0,0,4,0,1,0,0,7,1,3,25,1,0,0,1,13,2,4,0,0,3,1,0,5,5,1,14,7,12,2,0,1,1,15,16,2,0,0,3,0,11,32,8
"COG0377",7,71,42,58,43,15,180,55,70,61,84,42,36,64,45,7,74,99,86,76,45,130,110,69,65,31,191,48,7,62,24,57,97,106,107,69,131,11,72,50,98,48,56,52,27,73,69,45,56,145,48,4,53,95,46,57,1,23,64,133
"COG0378",87,81,62,27,63,96,33,34,44,54,97,68,91,58,39,40,16,91,39,68,35,100,51,56,22,40,7,63,125,21,54,49,94,40,34,44,13,84,53,42,47,19,69,57,35,29,64,41,28,41,6,82,63,37,52,84,231,99,86,31
"COG0379",212,128,160,152,202,136,191,214,166,165,287,102,146,195,186,100,178,229,193,252,149,276,131,242,149,145,269,163,150,159,172,161,242,316,157,189,200,160,172,159,171,124,186,190,109,197,197,152,202,154,147,88,198,156,186,185,199,125,176,206
"COG0380",20,70,34,28,66,12,84,25,93,43,8,87,48,69,113,19,103,9,84,115,93,34,8,60,90,47,6,70,35,171,31,97,94,52,81,24,7,40,70,69,47,66,80,78,46,132,71,14,61,5,114,12,40,11,64,49,0,65,84,26
"COG0381",60,299,216,359,349,167,325,249,466,319,269,198,255,362,243,103,304,161,382,293,415,224,204,241,354,262,354,260,192,413,260,401,206,211,415,127,1000,190,367,253,316,267,335,358,227,427,242,252,383,268,329,249,194,237,335,203,72,357,217,245
"COG0382",9,54,33,8,32,3,134,78,45,63,111,95,3,12,20,9,8,42,17,18,12,151,127,86,32,15,285,27,64,6,35,15,66,160,56,30,111,16,64,17,13,3,9,14,10,14,78,18,14,133,10,13,25,115,11,29,121,31,24,92
"COG0383",285,432,213,390,527,289,92,128,305,444,129,327,127,250,233,280,246,306,374,504,374,37,70,156,334,101,88,480,296,183,294,696,208,126,465,246,71,253,339,224,247,603,473,277,192,555,172,453,281,131,316,226,333,189,367,331,53,514,118,58
"COG0384",6,64,4,4,4,1,6,12,19,9,11,71,0,3,3,5,4,9,4,2,5,1,6,8,8,13,1,65,1,8,3,17,13,7,8,12,3,3,10,2,21,12,24,10,8,7,12,5,3,11,46,45,4,14,12,1,7,43,65,6
"COG0385",157,124,50,44,95,190,205,63,133,91,410,66,52,85,70,278,81,127,75,60,73,168,211,72,107,96,295,103,146,41,93,112,91,39,145,107,250,112,63,59,145,63,69,76,80,57,83,67,88,222,54,169,50,114,106,148,309,28,66,278
"COG0386",15,23,6,42,36,17,35,75,33,12,96,20,53,46,63,17,60,56,27,44,58,129,33,101,60,47,89,28,25,80,19,14,28,113,25,9,22,21,32,31,32,34,33,22,23,77,73,11,23,10,63,37,16,64,34,26,7,11,39,18
"COG0387",11,63,0,0,1,16,9,2,6,0,0,68,2,0,0,8,12,1,0,0,3,1,0,0,1,2,3,19,4,1,0,1,13,1,2,0,1,1,0,1,3,1,0,8,2,11,0,0,1,0,10,4,0,1,0,6,1,11,31,1
"COG0388",551,473,648,587,653,373,919,667,782,674,730,393,610,656,667,535,751,790,827,646,576,829,900,617,689,654,719,578,649,634,593,752,735,839,812,685,987,596,654,647,705,531,744,756,631,713,708,606,764,825,663,326,739,760,684,648,511,506,596,895
"COG0389",629,559,531,357,389,630,320,463,418,515,410,433,506,347,372,777,302,475,372,373,399,486,463,364,216,264,466,490,451,231,450,365,351,379,399,476,416,477,301,423,419,424,477,399,480,343,342,562,451,491,306,639,365,517,365,461,389,499,377,335
"COG0390",15,101,28,64,48,79,23,73,31,23,15,85,25,75,39,180,43,19,63,77,48,17,5,34,71,24,7,38,13,88,54,54,47,25,52,13,25,22,40,46,50,45,41,61,19,72,96,17,63,5,66,59,23,31,62,21,67,30,64,17
"COG0391",21,50,20,13,26,72,25,52,73,21,24,37,5,16,5,35,14,50,18,32,5,41,29,15,11,20,17,24,29,7,68,28,29,26,26,84,11,53,21,32,46,10,46,39,26,12,37,68,5,29,65,136,24,56,20,17,129,135,34,5
"COG0392",203,147,93,85,141,315,26,125,69,57,36,112,115,47,116,481,29,112,34,17,63,56,74,60,28,57,86,88,59,26,69,64,58,51,39,170,49,166,49,56,62,27,41,81,35,22,61,76,63,64,110,400,77,91,41,78,359,115,36,35
"COG0393",47,46,42,52,68,59,84,69,62,68,77,27,52,106,78,42,89,19,43,79,92,61,76,48,93,47,64,48,39,77,104,123,77,75,50,64,79,40,57,98,90,69,64,50,81,112,61,43,48,75,69,54,164,67,99,54,9,43,35,47
"COG0394",175,183,224,162,207,366,157,175,206,149,135,168,253,202,280,493,275,274,187,168,178,222,242,154,285,239,196,179,258,259,155,203,257,284,217,233,297,216,146,240,234,182,209,208,194,155,183,166,250,178,215,197,158,204,204,231,379,156,200,182
"COG0395",3032,978,1435,654,954,2072,166,1006,438,1550,325,1311,1024,572,1045,2701,455,746,439,664,1046,334,569,648,590,686,224,1350,1808,222,982,574,313,481,662,1023,464,1451,1087,726,766,1797,631,635,1117,369,546,1732,753,763,679,1578,1307,782,568,1142,1426,1395,412,322
"COG0396",54,167,174,148,189,77,200,176,165,196,145,64,141,152,130,133,134,199,193,156,139,209,180,187,153,122,203,175,217,122,163,207,169,207,156,199,204,176,170,136,157,170,179,179,121,138,198,200,177,187,113,162,179,239,147,154,255,189,129,164
"COG0397",11,65,0,1,2,13,3,0,3,0,3,110,1,0,0,10,5,0,1,4,1,4,1,0,0,3,2,34,1,0,1,0,10,1,1,0,0,1,0,0,2,1,0,14,2,11,0,0,0,0,7,12,2,0,0,7,0,11,46,5
"COG0398",58,82,35,6,54,46,17,34,56,59,43,113,13,55,25,39,25,52,11,63,37,34,26,24,24,35,11,45,67,19,42,23,42,26,24,55,12,60,32,16,62,57,22,30,45,19,32,58,19,25,88,38,54,44,23,37,120,126,37,18
"COG0399",417,294,563,639,533,167,363,576,535,463,532,395,532,515,474,128,292,240,627,560,596,472,376,463,636,354,511,538,462,526,574,614,326,489,512,218,1005,397,606,514,344,799,478,491,499,624,467,424,608,268,457,282,320,363,610,386,294,400,350,375
"COG0400",13,73,8,1,3,32,4,2,4,5,2,58,1,2,0,87,5,12,1,1,3,0,1,4,8,8,5,19,3,15,2,4,8,1,4,1,2,0,1,2,13,1,0,2,4,6,2,0,0,0,8,9,4,0,9,3,79,7,19,5
"COG0401",2,9,0,0,0,0,0,0,1,0,0,13,0,0,0,3,0,0,1,0,1,1,0,0,0,0,1,6,0,0,0,1,0,0,0,0,0,0,0,0,1,0,0,0,0,0,0,0,0,0,0,1,0,0,0,0,0,1,5,1
"COG0402",293,545,191,80,209,342,125,85,347,194,112,784,144,144,123,526,100,302,201,197,164,82,112,169,134,213,46,296,419,143,150,223,179,97,171,196,49,154,273,101,281,144,271,205,202,99,273,271,129,106,346,391,165,170,241,174,495,484,222,117
"COG0403",37,277,155,200,211,23,144,193,240,113,71,181,142,238,174,34,308,191,337,255,202,165,56,130,268,233,21,229,123,295,139,279,272,142,248,160,62,91,287,260,229,197,239,241,140,246,305,153,283,41,291,18,115,79,271,171,246,172,167,138
"COG0404",28,146,98,122,158,15,101,102,171,76,40,144,78,159,144,20,215,127,177,127,153,149,49,75,223,130,12,150,74,197,89,186,192,102,115,131,69,91,172,144,209,137,174,126,97,176,148,93,132,34,154,20,114,75,157,140,209,136,175,73
"COG0405",26,36,16,11,10,17,6,9,32,25,86,185,11,9,3,9,13,41,12,2,14,4,17,6,14,25,7,53,5,16,6,23,25,23,14,11,12,7,6,10,18,44,79,24,15,20,38,21,13,17,150,29,28,14,12,18,8,32,79,72
"COG0406",288,212,246,247,292,720,188,315,274,240,211,192,348,195,322,1006,248,332,191,249,226,197,206,224,163,238,178,239,347,137,321,202,173,221,196,332,288,422,180,221,295,187,153,220,321,91,243,239,213,251,132,579,300,308,228,302,662,262,193,181
"COG0407",71,124,12,61,44,16,44,30,47,43,21,112,45,110,85,44,59,38,42,34,55,25,24,24,180,48,5,64,33,97,19,56,32,49,74,19,14,43,76,43,103,75,55,51,39,66,66,30,56,18,87,90,36,22,40,64,7,120,71,27
"COG0408",5,26,0,0,0,6,3,0,2,0,3,60,0,0,0,8,2,0,0,0,0,0,0,0,1,0,1,16,2,3,0,3,4,0,2,0,0,0,0,0,0,0,1,4,1,2,0,0,1,0,5,6,0,0,0,0,0,8,21,5
"COG0409",5,79,16,7,17,65,19,6,26,18,6,90,12,17,25,17,8,26,15,10,14,63,38,4,15,24,6,40,73,26,19,35,77,16,21,29,5,48,27,16,33,7,17,25,14,22,73,19,26,15,14,46,12,19,13,29,215,43,30,15
"COG0410",65,85,81,90,96,160,28,43,117,119,144,166,99,68,24,197,67,87,69,74,60,54,82,74,91,112,12,136,105,28,99,88,61,46,50,115,45,86,72,68,73,54,66,47,195,42,71,182,65,67,111,110,76,96,86,93,236,158,123,71
"COG0411",69,75,88,93,117,129,27,62,127,114,47,175,117,67,22,185,71,102,62,79,77,62,80,99,121,90,24,129,120,26,99,102,72,36,53,98,48,96,64,82,83,64,90,71,197,39,92,185,63,76,134,149,83,84,86,83,258,147,93,57
"COG0412",21,104,0,0,0,5,7,3,12,0,1,143,1,0,0,16,12,0,1,1,2,0,1,0,5,5,7,34,0,8,0,2,16,1,4,0,2,2,0,2,3,4,0,16,4,11,3,0,1,0,40,12,1,0,1,7,1,14,45,17
"COG0413",53,101,99,111,116,32,171,149,108,106,156,78,97,110,78,29,120,124,161,136,97,187,187,117,123,122,197,102,95,108,104,152,153,173,136,121,150,57,109,122,128,93,160,97,85,138,144,91,122,170,52,24,104,183,84,118,134,85,124,189
"COG0414",133,126,126,145,166,65,236,188,167,168,181,103,94,140,139,57,173,160,143,106,129,175,237,141,163,127,251,125,180,144,158,143,163,206,162,134,316,98,161,130,172,116,143,148,92,158,166,108,156,236,123,75,99,176,142,113,128,94,149,235
"COG0415",7,58,0,0,1,4,5,2,3,0,18,89,0,0,0,10,3,0,0,4,0,0,0,0,2,0,1,12,3,2,0,0,12,0,2,0,0,0,40,1,7,5,0,8,2,7,3,0,1,0,5,9,0,0,3,1,1,16,29,8
"COG0416",138,151,148,89,97,203,46,122,126,115,144,125,164,98,141,85,57,120,95,115,122,82,85,112,47,125,25,170,200,26,179,88,89,68,81,184,64,220,81,150,95,60,116,126,157,29,91,196,131,100,54,279,159,120,126,121,181,189,96,80
"COG0417",15,114,0,0,0,17,6,0,7,4,5,179,2,1,0,11,9,0,0,3,2,0,0,1,4,2,2,65,2,5,0,3,13,1,4,0,1,1,1,1,2,2,0,15,1,8,0,1,1,2,13,10,1,0,3,3,1,36,53,7
"COG0418",8,70,0,0,0,8,4,1,3,1,2,54,0,0,0,9,7,0,3,1,1,0,0,0,1,1,2,27,2,0,0,0,6,0,2,0,0,1,0,1,2,2,0,2,2,5,2,0,0,0,7,3,0,3,1,1,0,11,26,3
"COG0419",257,263,327,439,258,428,609,622,416,752,511,224,483,391,454,227,352,284,294,568,380,586,761,272,242,519,473,381,296,436,322,572,701,444,448,382,387,434,304,511,324,243,411,395,521,444,584,460,319,308,189,554,489,563,301,405,428,380,243,690
"COG0420",383,151,257,225,205,298,281,342,250,249,166,215,323,218,286,213,195,219,163,244,261,142,298,148,247,278,186,239,365,238,425,241,207,150,246,270,280,351,106,328,224,247,251,223,347,142,253,329,244,292,181,352,330,418,267,283,218,202,193,223
"COG0421",154,74,63,51,70,104,26,85,76,82,55,104,115,66,73,52,41,72,53,75,109,47,51,98,31,88,13,97,243,21,80,54,39,46,43,85,53,98,24,40,38,19,47,76,123,23,30,115,78,64,30,90,104,61,77,100,121,37,61,46
"COG0422",233,215,212,227,233,299,492,252,243,200,298,207,328,242,250,435,251,262,271,202,191,351,342,261,283,316,287,232,302,252,270,243,226,279,283,216,303,188,184,268,226,190,291,248,285,198,314,184,283,339,223,161,212,255,250,236,408,166,281,457
"COG0423",243,204,402,279,285,245,466,346,290,346,334,80,370,327,322,355,325,345,349,338,306,296,448,409,348,318,490,316,288,288,391,348,284,345,366,345,386,356,242,349,306,349,325,278,356,231,313,403,362,397,178,122,335,381,265,334,189,404,233,306
"COG0424",109,172,140,135,184,167,169,143,127,171,141,135,148,111,155,293,175,172,162,124,135,184,153,188,145,143,145,135,141,178,154,146,149,169,165,143,219,134,123,138,194,120,146,150,152,128,165,164,144,178,127,91,144,222,139,150,229,136,145,154
"COG0425",102,69,115,204,122,33,159,243,162,85,59,76,230,206,223,57,282,200,224,197,182,126,17,120,314,255,12,113,103,337,111,133,244,185,199,154,80,102,192,183,202,176,233,199,129,276,333,79,181,20,215,55,219,60,166,220,11,105,253,97
"COG0426",380,192,334,324,285,272,325,277,345,302,279,282,371,330,309,203,379,326,329,340,338,308,352,293,306,375,329,275,357,276,316,317,302,366,272,346,350,379,280,312,316,306,345,290,434,252,327,343,308,309,275,284,300,340,314,311,232,364,306,280
"COG0427",29,208,308,264,256,89,433,161,327,255,215,198,255,248,188,29,343,358,362,236,247,303,390,255,297,295,424,223,213,244,179,342,375,342,331,279,294,213,330,206,414,178,320,247,282,188,240,253,296,274,236,46,306,286,288,343,249,241,258,333
"COG0428",173,132,144,54,86,150,143,231,152,182,193,121,136,104,104,62,75,151,117,62,119,86,143,127,56,99,155,164,103,48,197,106,67,112,118,161,134,142,80,157,108,51,108,89,163,26,101,197,101,128,92,108,142,251,121,114,44,243,67,145
"COG0429",2,30,1,1,4,8,15,2,12,1,3,48,3,4,0,13,9,1,13,1,3,0,0,1,7,5,1,20,4,9,3,6,21,10,11,2,2,0,3,4,9,3,19,13,4,4,16,1,0,1,31,6,8,1,5,5,1,14,45,14
"COG0430",5,33,0,1,3,0,8,0,2,0,0,54,1,0,0,12,2,0,2,0,1,0,0,2,1,1,0,7,0,2,0,0,5,0,4,0,0,2,2,1,1,3,1,5,2,4,0,0,0,0,4,0,2,0,0,0,0,6,1,2
"COG0431",22,66,0,0,6,113,7,0,10,0,2,106,3,3,2,70,13,13,0,1,2,0,1,5,7,3,6,21,2,4,1,4,10,0,4,0,2,4,7,1,4,1,0,7,4,3,9,0,0,3,9,162,0,2,0,4,1,0,15,4
"COG0432",28,81,46,39,80,49,83,26,48,42,43,101,39,81,62,22,103,51,45,49,48,98,61,42,96,100,59,54,38,113,21,60,54,71,58,56,55,48,49,48,47,45,51,42,38,72,44,31,55,79,72,19,44,45,36,45,109,36,53,57
"COG0433",11,189,75,216,193,231,327,124,52,324,197,117,166,45,111,88,240,160,108,419,224,58,25,85,242,207,154,125,62,94,152,83,141,123,163,88,38,190,131,117,125,97,39,145,19,103,31,109,91,449,57,154,68,227,158,51,15,159,85,94
"COG0434",6,34,13,3,20,33,5,2,17,6,4,87,4,4,22,10,12,5,4,14,4,4,16,0,8,63,7,6,14,4,2,11,15,2,6,13,2,19,15,4,13,9,4,6,22,3,18,13,10,8,54,0,0,5,11,5,5,21,23,7
"COG0435",8,39,15,3,10,47,5,12,5,6,14,85,4,2,6,14,11,14,4,2,7,3,12,2,4,4,5,31,1,3,15,12,17,5,8,6,8,41,0,3,8,7,2,11,8,10,6,4,6,20,5,21,19,3,7,3,1,12,41,10
"COG0436",614,808,1109,1066,1337,1148,1312,1285,1078,1096,1025,443,1127,1409,1127,1845,1218,1348,1302,1315,1108,1223,1320,1094,1180,1176,1137,1002,1033,1303,1113,1311,1219,1276,1243,1097,1367,1010,1019,1172,1228,1058,1059,1265,1056,1205,1114,1047,1268,1287,984,1160,1051,1210,1119,1173,1682,843,1136,1147
"COG0437",82,473,18,28,28,51,58,21,58,44,34,423,36,37,17,68,76,20,39,29,39,12,22,20,45,109,15,176,17,95,19,46,53,20,52,30,22,41,18,23,44,28,49,74,80,47,89,21,27,22,44,41,69,41,58,109,42,106,123,57
"COG0438",1380,2589,3046,3932,3475,1834,2440,4137,3778,2570,2481,1701,2342,3868,3456,1944,3761,2421,4259,3477,4116,2831,2374,2987,3850,2494,3097,2679,1959,4766,2626,3055,3371,2982,3408,2404,5824,2678,3414,3601,3142,3975,3173,3073,2691,4627,2858,2194,3074,1718,4019,1600,2542,2599,3404,2709,1433,2430,2731,2840
"COG0439",578,245,186,306,214,302,188,175,320,157,233,258,398,309,444,180,277,244,248,296,251,215,145,208,333,338,54,187,321,436,251,301,317,181,328,314,371,299,324,283,293,367,337,306,170,252,296,229,254,88,333,406,269,90,348,283,365,246,329,188
"COG0440",138,147,155,87,136,177,39,124,123,121,138,137,112,125,109,220,83,116,98,118,136,60,65,96,129,104,29,153,164,65,142,150,72,56,103,112,46,196,91,131,80,116,100,137,149,99,77,125,143,73,52,137,123,114,124,134,149,104,77,57
"COG0441",536,424,706,545,638,533,714,793,628,665,763,301,607,658,551,531,585,767,701,758,632,874,907,749,556,536,748,672,764,570,802,641,638,730,694,781,885,722,563,740,564,531,648,630,592,577,673,793,602,750,454,522,681,766,615,663,672,763,518,649
"COG0442",343,314,381,252,334,406,261,390,311,328,382,233,293,302,274,448,310,387,329,285,242,298,318,325,260,311,310,291,343,267,398,308,247,289,313,407,293,379,262,307,354,275,355,328,332,208,333,400,343,340,191,420,343,371,259,339,427,471,254,292
"COG0443",413,601,688,436,472,567,450,856,455,1067,421,531,599,425,419,530,445,751,540,430,489,389,456,776,442,545,364,662,496,360,727,519,399,478,482,647,394,612,358,689,531,423,525,551,601,408,412,762,481,520,265,657,665,640,417,572,475,597,474,434
"COG0444",528,403,293,232,214,492,135,198,281,223,98,619,304,227,204,303,203,239,156,215,215,192,222,174,232,346,58,354,503,97,226,233,196,139,172,232,86,431,219,165,303,188,221,229,415,84,254,320,235,175,372,626,180,205,236,246,561,492,313,109
"COG0445",503,323,520,397,443,503,536,497,490,506,595,316,555,442,466,228,452,454,509,544,414,583,577,535,422,609,546,434,506,433,485,453,508,529,480,523,589,535,443,439,411,380,557,523,508,346,535,539,470,545,408,587,569,568,378,528,468,552,438,497
"COG0446",809,561,439,383,478,793,355,458,486,598,247,816,644,482,537,682,486,555,503,610,453,296,256,372,513,557,108,444,671,531,452,535,551,380,420,573,231,583,657,340,517,402,721,537,798,535,626,580,559,294,655,885,502,423,470,669,495,786,653,277
"COG0447",15,87,65,69,73,7,165,123,79,72,104,63,67,78,65,19,131,105,113,64,65,119,121,93,134,108,150,58,26,125,38,78,107,142,105,83,171,45,80,80,92,72,89,75,65,98,133,58,94,137,93,59,80,95,48,85,6,35,98,178
"COG0448",837,192,518,317,327,671,92,303,254,385,333,305,499,238,421,467,202,412,229,339,305,227,275,278,192,311,80,353,671,99,451,286,199,151,185,382,175,595,185,288,258,221,295,272,487,132,179,456,324,292,159,782,390,383,266,387,637,411,230,188
"COG0449",408,363,535,368,493,553,372,387,520,524,482,289,454,437,451,559,376,592,425,376,420,471,426,465,407,427,437,412,406,289,446,366,368,404,380,536,687,515,409,394,398,462,417,408,465,323,290,573,414,419,289,435,485,506,443,397,452,462,433,387
"COG0450",42,131,65,105,120,46,84,46,111,52,22,96,67,112,95,130,159,91,112,111,130,69,25,56,155,119,10,79,63,169,63,98,114,61,108,75,14,85,151,111,86,124,114,99,71,129,105,50,83,21,138,103,61,53,109,111,182,93,96,43
"COG0451",872,986,962,1405,1190,436,1173,979,1406,1224,1169,658,893,1284,1658,491,1368,875,1249,1265,1397,905,1270,1008,1574,985,1328,1118,969,1377,891,1138,937,1286,1442,770,1068,1050,1385,1286,1116,1480,1112,1085,1048,1736,1315,893,1149,1074,1489,487,921,1242,1377,1051,614,901,1243,957
"COG0452",235,201,257,228,266,292,114,291,189,199,231,167,264,283,250,405,248,256,257,228,188,241,154,238,220,265,225,216,282,207,301,255,191,301,206,274,141,281,222,250,239,171,308,233,355,204,273,266,289,132,178,297,238,289,260,276,303,230,208,156
"COG0454",685,840,695,753,811,775,413,878,727,683,643,950,678,708,968,782,745,656,608,649,726,446,332,559,624,547,203,736,828,696,641,713,774,515,541,698,317,821,710,778,833,704,579,586,617,695,551,591,616,381,1007,954,692,537,606,702,688,712,1054,434
"COG0455",2,0,66,13,21,12,0,32,14,30,62,1,71,21,38,0,1,33,23,20,32,5,16,45,2,11,1,39,72,3,93,8,2,10,17,22,25,32,5,56,10,36,10,36,3,4,8,34,16,20,0,2,91,19,23,46,1,13,11,20
"COG0456",171,125,132,76,91,159,33,119,74,101,87,155,97,75,124,169,38,95,61,65,103,32,68,95,24,48,22,107,149,51,124,72,56,52,51,126,37,130,70,69,88,83,96,91,57,53,53,148,77,60,180,238,134,52,77,112,113,196,90,59
"COG0457",344,883,1254,1651,1605,411,1722,2188,1732,1224,1571,713,1140,1653,1234,703,2083,1430,1837,1397,1599,1511,1301,1450,1957,1679,1514,1088,552,2042,1155,1390,1948,1670,1570,1180,1937,767,1565,1560,1531,1220,1647,1245,1135,2033,1829,980,1375,1227,1485,413,1515,967,1435,1331,432,838,1633,1690
"COG0458",937,688,1024,886,751,804,1352,733,831,881,1008,506,860,916,727,878,786,940,1089,1089,724,1020,1266,1023,891,866,1438,893,713,770,826,887,915,989,1004,939,1368,727,846,839,901,761,1012,968,928,808,876,1009,959,1297,661,855,955,965,812,999,803,673,864,1375
"COG0459",360,324,423,270,340,403,433,319,328,355,390,249,333,344,267,391,285,405,325,297,295,329,437,382,319,346,381,319,328,235,350,376,249,306,356,408,391,347,300,373,329,522,328,307,395,351,345,448,343,420,237,377,347,416,335,338,351,430,279,437
"COG0460",418,277,407,337,384,379,534,455,368,390,455,233,429,398,337,397,399,505,439,369,321,302,531,451,359,420,487,358,393,358,314,362,385,305,457,368,480,337,268,358,369,371,337,424,369,378,379,292,408,488,256,394,444,398,356,423,372,275,441,474
"COG0461",162,139,187,135,137,161,256,146,193,174,226,107,168,159,146,153,152,203,164,155,156,223,252,221,142,137,229,138,181,153,176,176,173,179,154,187,228,169,168,146,215,158,169,173,142,125,171,150,127,230,101,156,204,196,130,203,161,117,146,219
"COG0462",391,214,327,254,323,462,309,320,238,363,645,175,346,250,275,531,251,329,284,272,259,248,310,316,244,297,237,276,379,184,300,285,227,233,292,306,328,322,216,243,293,329,286,258,320,195,259,315,248,327,155,500,297,353,234,306,416,294,211,298
"COG0463",2592,2022,3709,3887,3211,2572,3338,4231,3383,3761,3377,1058,2943,3746,3789,2417,3721,3182,3593,3203,3816,3794,3447,4159,3855,2903,3978,3132,2554,3882,3075,3307,3584,4493,3948,3278,4483,3655,3013,3807,3426,3976,2816,2996,3015,4025,3207,3139,3436,3397,3381,2484,3452,3746,3215,3262,1687,2630,2570,3853
"COG0464",25,91,220,212,223,238,359,165,193,365,344,1,117,110,103,307,230,370,102,88,262,230,203,111,99,140,364,155,66,151,227,137,170,59,104,342,611,183,210,188,178,40,63,143,177,102,154,291,98,428,14,279,246,325,226,184,206,156,93,563
"COG0465",714,463,733,546,530,809,417,635,556,685,528,438,700,434,528,640,403,767,511,553,589,367,641,523,445,611,385,707,764,300,779,593,479,448,512,777,420,769,436,567,548,401,521,646,699,413,439,881,594,595,376,852,709,695,559,685,641,886,421,557
"COG0466",495,267,523,416,393,544,545,550,471,528,690,288,560,399,424,177,323,579,518,395,389,460,508,517,255,373,518,359,505,294,451,394,393,501,420,515,548,556,385,388,416,334,401,446,416,261,423,501,435,672,285,349,435,629,415,510,341,436,336,570
"COG0468",203,216,283,202,256,279,258,290,481,292,291,106,235,240,336,317,245,300,291,231,258,275,247,255,189,227,318,251,255,213,320,358,236,289,197,264,212,268,2357,299,243,341,285,205,267,337,249,299,266,219,186,297,320,283,272,256,283,341,261,244
"COG0469",291,324,356,314,333,362,208,435,273,331,320,225,350,281,339,298,393,421,376,340,267,354,270,370,406,337,283,301,352,298,446,376,288,323,285,390,226,376,296,328,394,276,401,346,444,268,316,415,400,240,271,371,368,366,284,352,279,352,324,247
"COG0470",43,148,31,26,47,137,24,23,45,50,97,81,57,14,17,249,45,47,37,26,43,16,14,22,28,92,7,59,22,26,14,23,11,9,15,14,12,46,22,12,38,7,19,29,57,9,20,14,18,9,18,73,8,27,16,23,65,47,18,25
"COG0471",293,602,490,613,573,408,749,657,820,627,562,596,601,697,404,401,656,498,544,619,588,628,647,592,644,620,500,533,371,521,491,628,422,619,619,312,577,535,434,583,410,493,525,709,992,681,728,272,551,626,711,340,474,560,598,517,475,381,385,613
"COG0472",299,423,502,471,402,469,455,418,500,361,409,310,401,372,283,527,515,414,460,380,398,380,543,352,467,403,500,330,323,290,376,433,346,445,517,394,418,387,448,404,438,438,428,407,454,411,406,426,395,421,338,412,355,457,465,296,507,524,433,509
"COG0473",213,204,256,222,280,246,256,170,222,267,197,177,295,276,255,270,252,356,234,341,261,250,242,272,280,318,233,263,310,281,249,290,276,165,231,231,187,254,208,245,245,225,243,285,310,283,227,253,237,244,179,162,228,228,257,269,553,189,269,250
"COG0474",1121,748,737,946,756,1350,1061,1330,740,679,725,781,668,893,882,1657,608,944,738,712,669,546,584,830,649,733,972,796,1007,635,869,781,689,1144,641,1302,622,1037,771,704,749,817,914,780,608,628,764,1133,861,635,809,1576,948,968,663,824,764,1244,901,678
"COG0475",159,431,470,575,590,351,981,533,650,505,454,293,486,656,640,335,808,504,663,667,590,699,752,678,839,660,790,445,245,921,369,713,614,673,785,396,724,305,805,513,706,758,598,743,507,927,807,476,545,674,830,256,504,472,639,460,118,440,606,869
"COG0476",380,130,143,129,161,111,148,145,177,107,262,119,86,205,123,217,109,139,120,162,114,445,136,131,161,69,106,177,157,160,115,144,101,154,110,119,131,128,128,107,199,99,149,166,111,158,104,92,171,197,84,85,137,107,119,172,166,81,250,226
"COG0477",1388,5295,980,1623,2013,2600,3320,1091,2022,1407,2305,6734,1239,1660,1371,5512,2088,2051,1815,1718,1670,3212,2657,1520,2074,1735,2669,2799,1494,1993,906,1781,2989,2470,2023,1543,1917,1103,2199,1332,2330,1446,1716,1928,1264,2580,2376,980,1373,2670,2525,2872,1230,1466,1507,1454,6316,1783,4498,2864
"COG0479",27,168,80,108,86,99,310,88,128,87,173,100,103,107,81,195,157,123,174,109,102,270,216,178,152,147,322,111,69,143,74,129,156,200,160,99,253,79,112,101,154,87,132,80,81,77,149,73,110,201,86,47,119,148,68,90,150,88,135,249
"COG0480",1523,940,1520,1699,1580,1605,1422,1499,1637,1650,1402,634,1487,1419,1383,1593,1416,1639,1905,1654,1314,1237,1392,1759,1517,1649,2119,1345,1380,1313,818,754,667,913,783,726,847,816,713,662,657,615,709,845,780,653,687,811,702,563,456,509,760,747,659,792,601,737,631,813
"COG0481",336,295,384,289,395,369,448,450,382,369,483,231,437,368,391,415,347,456,406,362,336,380,443,419,358,422,417,389,335,312,481,375,282,358,381,402,492,377,371,398,359,299,404,404,416,283,373,440,347,463,238,404,416,500,374,367,339,456,341,436
"COG0482",271,220,345,453,367,275,368,371,363,327,292,144,418,495,424,123,547,387,456,521,389,331,274,360,466,453,254,375,285,498,379,427,490,384,401,421,348,366,400,432,425,398,429,427,403,432,315,372,390,308,323,257,417,348,428,411,195,322,481,379
"COG0483",14,85,29,53,70,42,29,23,47,31,33,72,38,48,36,105,66,55,48,43,44,17,7,21,42,43,5,45,23,68,49,76,104,86,92,91,32,53,130,104,127,71,87,91,69,140,103,59,90,20,135,128,91,34,88,104,83,90,156,77
"COG0484",285,186,248,178,223,345,229,321,224,476,219,215,282,227,271,324,203,263,281,229,219,225,200,244,179,252,196,287,302,142,266,205,211,237,205,294,237,330,193,272,229,175,227,256,234,122,249,306,232,244,122,336,261,324,234,246,264,395,189,197
"COG0486",261,225,324,285,330,377,221,351,309,330,322,221,326,322,350,165,270,351,260,301,293,203,278,317,263,303,191,262,364,287,402,303,305,246,278,354,288,304,260,344,242,326,307,323,338,287,300,337,292,248,252,351,358,360,294,292,388,330,237,246
"COG0488",1341,1092,1576,1480,1692,1668,1830,1623,1496,1446,1562,945,1711,1518,1636,1711,1742,1605,1735,1578,1552,1509,1632,1782,1559,1630,1554,1459,1552,1546,1696,1675,1604,1804,1691,1439,1412,1528,1591,1714,1458,1423,1679,1823,1298,1695,1781,1452,1598,1622,1506,1888,1632,1493,1509,1687,1294,1248,1529,1701
"COG0489",402,656,848,900,529,533,821,686,700,519,720,499,514,652,752,653,822,661,1161,659,713,1019,798,619,963,528,947,551,516,870,470,771,728,923,760,532,675,635,560,732,754,762,1080,600,461,749,806,569,710,594,825,364,511,684,595,535,511,650,809,611
"COG0490",8,3,3,2,2,0,5,0,22,3,2,2,1,4,0,2,6,1,3,3,3,0,0,7,4,3,0,1,2,0,1,7,0,1,0,0,0,0,2,2,0,0,5,2,6,1,1,1,4,1,10,1,0,3,3,0,1,3,0,0
"COG0491",349,307,309,225,315,294,178,288,306,351,247,406,266,267,278,86,273,369,254,221,265,219,257,233,369,283,189,306,268,200,219,197,147,101,157,166,112,172,119,136,121,104,120,154,198,84,126,171,119,102,151,141,140,121,168,128,169,179,165,83
"COG0492",415,283,260,242,244,404,275,197,282,249,239,255,262,244,276,575,237,316,307,263,189,187,232,235,230,292,201,202,288,191,288,269,198,205,242,230,297,260,221,201,233,219,285,285,323,195,239,243,252,247,256,525,237,332,257,251,395,355,270,261
"COG0493",845,796,807,709,677,846,1404,698,809,910,761,1144,903,758,693,775,663,1145,748,886,704,916,1144,923,672,713,957,758,1092,515,833,848,689,821,838,796,963,797,516,724,756,639,897,901,776,601,732,1040,745,1198,643,639,992,896,710,843,961,758,702,1047
"COG0494",770,704,619,419,595,763,190,627,455,629,547,618,590,370,563,1185,301,549,300,391,469,236,287,680,297,372,198,632,589,353,553,325,302,306,369,673,287,732,314,465,432,581,307,457,451,311,280,674,402,339,368,847,537,539,430,610,741,529,440,350
"COG0495",429,486,616,483,591,526,729,593,484,584,616,320,583,575,525,579,552,605,625,582,503,612,835,674,620,657,722,485,518,511,617,585,526,589,618,653,732,538,459,585,530,431,580,598,571,473,643,721,646,697,406,514,608,675,467,617,635,706,456,605
"COG0496",21,77,68,90,121,16,212,91,130,97,144,41,76,103,94,30,122,111,120,108,130,164,179,123,143,120,224,86,77,137,89,131,133,167,146,87,235,83,126,121,147,105,155,124,81,162,150,90,111,184,92,27,127,132,124,105,60,80,150,158
"COG0497",270,283,330,241,340,362,308,363,304,382,388,148,317,289,301,390,264,394,351,261,320,293,365,366,285,285,347,259,296,232,392,342,312,340,347,378,419,400,284,341,323,273,314,346,328,303,288,376,350,408,211,329,286,343,319,338,257,337,239,348
"COG0498",239,258,331,241,321,288,328,246,342,369,271,224,298,305,290,327,308,350,268,303,297,308,355,278,273,316,316,281,321,268,299,273,323,256,342,323,312,312,272,283,299,177,287,305,309,238,267,283,304,362,189,332,334,346,281,329,440,317,259,319
"COG0499",5,201,44,102,69,84,47,20,153,75,22,2,48,52,59,129,51,68,84,36,79,50,30,79,62,62,13,95,40,80,50,104,88,32,76,117,11,26,98,57,108,139,98,71,54,89,77,58,55,19,143,28,55,53,131,35,159,190,66,45
"COG0500",954,904,782,768,786,825,435,702,751,775,609,1189,1048,647,901,461,570,684,562,847,806,500,416,818,490,663,309,931,879,547,890,677,667,513,542,760,525,969,583,693,649,1019,588,733,775,704,642,786,689,470,871,1299,840,587,776,850,660,996,677,540
"COG0501",178,184,147,207,174,118,178,104,174,237,216,159,113,201,88,230,203,136,227,186,156,178,178,150,171,156,175,121,47,255,71,147,186,192,206,172,117,98,239,116,210,149,193,196,197,184,187,87,134,142,189,145,138,147,154,146,190,181,216,177
"COG0502",242,162,260,321,276,164,158,212,270,169,147,139,271,363,286,121,301,259,350,359,298,188,121,193,318,270,25,282,345,380,277,409,304,222,263,235,58,208,323,339,270,283,405,355,245,319,269,201,364,123,290,187,267,159,366,315,277,199,296,178
"COG0503",271,200,248,239,281,378,373,322,258,314,414,223,258,259,303,403,352,292,263,271,240,305,372,278,250,301,392,264,207,296,256,212,254,319,293,306,420,312,212,273,276,223,248,282,289,230,313,258,261,400,249,448,292,398,195,302,207,254,217,266
"COG0504",339,291,391,296,357,354,404,429,320,333,379,225,308,335,318,387,330,432,404,312,278,344,425,388,317,323,361,385,376,289,397,338,298,354,326,417,348,363,308,332,363,199,349,291,367,268,365,432,384,366,215,412,355,378,335,361,413,423,278,438
"COG0505",255,184,273,162,244,315,272,253,214,225,219,136,244,222,241,326,189,279,280,281,180,235,280,248,209,276,240,226,241,172,226,231,189,215,260,192,255,229,208,230,228,174,260,219,240,189,206,253,226,314,188,329,205,220,202,236,315,157,210,279
"COG0506",35,203,28,217,75,20,132,42,122,17,20,172,132,106,143,20,157,7,75,92,165,89,6,64,178,167,6,192,52,233,39,67,76,63,114,10,22,60,44,121,49,112,75,96,58,116,61,14,92,23,98,21,47,12,115,65,7,96,158,94
"COG0507",1361,781,1357,1053,937,1299,1011,1179,1026,1424,1694,4490,1288,1241,1634,1329,980,1163,1140,1113,1225,998,1159,1222,1129,1414,1611,967,1171,1093,1542,1182,1369,1390,1004,1048,1369,1245,989,1227,1133,1172,1134,1171,1480,1106,1107,1193,1229,997,830,1372,1208,1275,1005,1160,1103,1168,983,1047
"COG0508",23,193,28,75,23,29,40,18,78,18,20,185,51,30,34,41,35,16,52,47,56,7,2,40,43,46,11,132,11,47,28,45,64,17,54,15,8,28,113,45,42,74,30,73,40,94,48,18,22,12,101,191,21,14,64,47,4,98,94,32
"COG0509",13,86,49,58,70,37,49,41,86,31,30,57,42,59,59,124,82,58,73,92,59,59,22,38,79,45,8,52,52,109,32,82,94,45,50,56,33,27,85,63,108,78,63,52,39,81,50,40,58,10,111,11,52,23,63,50,113,61,64,44
"COG0510",26,50,16,44,17,79,7,11,14,33,7,46,26,12,28,12,6,20,11,12,10,9,13,46,17,16,47,14,53,11,41,58,43,33,29,21,14,107,22,26,35,18,23,50,35,115,41,49,103,67,59,243,38,15,40,62,43,46,40,64
"COG0511",133,87,172,225,172,101,275,125,193,139,165,117,205,189,284,92,258,227,218,214,209,206,111,242,230,213,176,169,162,298,125,181,200,203,192,241,148,178,179,179,265,142,229,167,118,181,159,164,195,129,193,132,256,186,130,263,73,138,266,222
"COG0512",101,185,87,86,135,140,154,167,108,108,176,161,83,133,135,182,134,123,93,118,100,207,138,138,102,114,176,148,146,156,101,119,122,99,133,127,156,108,119,91,115,130,110,153,80,109,129,100,107,148,61,124,129,135,100,127,197,92,151,163
"COG0513",224,614,555,674,639,595,714,707,697,472,511,555,775,693,627,494,891,703,899,707,706,754,410,729,825,874,385,596,511,915,495,648,736,598,752,525,692,500,665,671,664,687,755,817,684,650,868,440,657,527,754,551,629,474,729,681,382,414,732,838
"COG0514",294,610,684,943,1021,420,1560,839,953,879,965,230,740,1075,1184,493,1217,1105,1119,986,940,1834,1404,1055,1140,1049,1342,694,525,1264,684,1022,1207,1761,1301,731,1449,585,903,1281,897,975,835,1028,829,1326,1252,605,954,1291,978,258,825,830,850,801,498,405,995,1577
"COG0515",1300,688,805,337,665,1102,120,1124,413,654,736,157,620,577,664,1879,222,802,378,587,492,461,499,680,352,355,521,840,730,273,1420,925,434,404,893,761,776,923,257,976,542,307,445,427,515,251,247,882,525,473,168,908,600,1416,490,548,1077,733,326,458
"COG0516",341,354,382,261,387,407,471,387,370,349,359,238,350,327,314,543,330,391,320,318,299,416,441,379,356,333,428,347,331,320,332,311,347,397,396,431,507,337,304,314,392,316,425,304,289,287,404,357,342,429,266,471,326,323,262,361,428,348,316,370
"COG0517",448,484,424,320,447,527,718,465,518,489,537,348,376,399,358,771,433,529,514,454,397,757,651,464,365,411,693,481,477,333,452,403,431,555,482,440,685,462,444,392,525,369,532,373,391,313,470,526,417,635,414,777,408,564,398,464,814,514,423,622
"COG0518",399,341,343,319,369,440,483,381,415,358,410,242,396,359,426,469,417,381,402,379,328,371,398,379,480,390,295,380,396,400,355,357,298,325,396,281,403,382,258,436,420,360,450,391,382,340,380,335,411,416,405,506,308,390,425,402,342,295,321,426
"COG0519",368,302,352,376,305,360,525,365,396,364,369,234,393,396,395,425,420,372,369,407,365,380,420,408,489,418,284,379,366,425,332,321,252,320,389,319,425,340,288,395,355,326,371,398,442,395,391,326,361,409,414,382,293,372,406,400,342,368,304,406
"COG0520",246,293,299,247,355,307,364,283,305,350,227,249,320,305,289,273,296,361,307,317,225,434,345,343,348,342,311,292,390,291,279,338,299,373,278,361,336,392,267,262,319,243,373,328,326,228,376,375,365,366,192,335,278,338,255,303,529,319,320,300
"COG0521",42,89,37,39,24,92,31,22,40,51,19,164,70,36,29,75,27,54,26,24,58,53,53,14,18,46,11,49,111,30,41,32,42,31,19,48,32,73,20,16,38,11,29,42,112,19,72,34,50,41,37,89,44,20,28,58,108,76,87,27
"COG0522",126,141,221,100,166,169,160,219,175,202,207,104,107,151,109,155,168,231,157,147,125,200,222,185,132,105,228,146,147,133,224,138,176,172,134,216,219,174,149,138,153,142,155,141,172,126,152,206,146,223,129,191,185,233,121,176,218,222,138,186
"COG0523",204,138,228,115,131,228,146,212,116,132,210,208,179,201,164,91,211,123,132,222,174,167,181,133,206,229,157,192,221,141,216,185,105,173,135,172,179,205,67,174,182,97,130,124,284,97,148,204,171,134,70,172,187,223,109,205,73,150,250,178
"COG0524",600,890,798,952,1145,1103,1450,989,1038,978,1035,1460,1030,1040,1003,1435,1259,1006,1025,1251,1080,1245,1245,874,1210,1264,1234,911,997,1150,842,1195,1153,1303,1060,874,1203,881,950,957,1080,989,918,1271,1209,1162,1005,1075,1062,1532,1049,838,948,950,1085,926,1215,846,1162,1192
"COG0525",462,499,582,449,468,607,632,571,545,508,557,359,609,480,475,755,463,633,553,601,396,436,560,565,527,546,535,505,513,421,637,417,454,459,566,598,575,574,433,419,522,413,491,490,577,380,531,632,466,567,321,512,594,699,424,526,680,700,455,630
"COG0526",466,873,862,1232,1000,449,1725,871,1369,1167,948,344,901,1146,1201,712,1358,1120,1248,884,1265,1103,1060,983,1133,934,1734,866,609,1664,691,957,1546,1224,1147,1000,1384,780,1584,1042,1522,1056,1050,963,701,1249,1097,692,931,997,1359,496,1109,930,1156,995,384,789,1226,990
"COG0527",439,521,535,565,640,464,877,764,585,573,680,427,531,687,541,518,784,652,699,576,535,473,695,709,651,675,831,458,406,681,473,627,642,580,779,544,777,412,667,553,661,579,580,639,593,666,642,500,646,698,473,436,560,615,527,546,314,458,636,768
"COG0528",154,168,178,173,177,194,257,201,165,183,222,128,187,198,190,208,179,190,191,176,156,228,249,217,162,228,240,216,163,187,200,191,173,181,177,178,232,213,181,192,203,190,193,140,188,152,204,214,193,202,160,187,205,242,163,184,167,216,182,205
"COG0529",10,49,41,82,96,26,34,56,62,36,19,71,47,68,72,19,112,48,89,78,50,16,19,30,79,69,9,44,43,103,52,59,81,49,54,41,27,39,62,84,78,68,59,81,62,90,48,42,71,8,79,5,38,17,56,78,1,30,89,29
"COG0530",162,155,246,272,179,239,62,158,145,158,97,95,260,194,152,43,185,168,188,225,204,99,91,170,198,220,25,193,238,120,238,240,142,104,144,161,61,290,135,260,144,224,176,205,174,195,118,233,218,111,109,82,280,173,187,206,56,162,151,66
"COG0531",446,1305,277,271,389,1290,431,164,451,265,128,1479,429,359,368,1450,493,339,491,344,342,405,239,232,367,516,109,593,381,508,224,418,428,250,387,273,81,396,399,361,536,309,423,528,352,391,436,255,433,177,570,1123,249,166,373,341,1137,463,609,262
"COG0532",405,293,429,299,356,412,639,573,345,418,377,262,407,347,299,445,324,443,495,431,317,663,494,408,386,297,422,354,337,242,364,437,376,545,392,422,423,416,437,357,390,287,446,334,439,256,497,513,401,492,229,447,409,453,309,472,329,519,347,508
"COG0533",305,205,267,200,255,260,211,320,278,256,264,123,269,259,241,255,237,286,252,277,241,254,248,242,195,206,256,243,244,201,304,219,187,203,258,296,236,297,197,243,207,182,279,249,309,217,214,309,252,255,186,265,251,335,226,278,234,341,187,228
"COG0534",4819,1637,4370,3758,3623,4410,2290,3560,2990,3649,2456,2200,4739,3707,3970,1968,3380,3933,3258,3714,3763,2713,2725,3575,3372,3899,1795,3731,4970,2674,4237,3673,2670,2943,2999,3809,2370,4925,2769,3546,3663,3389,3994,3874,4970,2909,2934,4311,3925,2913,3025,3216,4207,3380,3769,4192,2585,3062,2891,2402
"COG0535",611,285,491,642,292,247,283,467,543,493,372,101,465,456,703,141,323,434,305,692,425,687,448,544,234,420,430,460,633,560,432,291,468,585,449,509,915,613,348,358,310,286,248,271,408,417,418,367,591,304,185,333,360,557,405,506,635,457,216,694
"COG0536",238,179,271,207,245,282,345,290,190,220,295,92,260,266,246,387,228,314,269,302,246,304,284,320,190,277,322,255,208,236,342,282,246,259,239,232,291,300,217,269,239,127,277,204,255,196,329,316,247,272,123,264,285,307,218,249,333,310,240,300
"COG0537",133,113,194,165,219,207,157,216,197,207,151,90,189,244,224,214,251,228,195,177,237,171,155,203,213,197,147,149,210,221,100,92,108,109,74,117,88,105,119,96,132,92,95,106,78,96,78,95,93,83,84,67,136,107,89,110,75,81,104,92
"COG0538",206,172,220,192,228,176,292,243,208,173,329,150,215,219,260,244,234,232,215,212,194,298,301,311,219,184,351,222,227,224,244,228,166,285,239,220,345,210,160,228,226,232,240,201,248,218,183,176,246,311,144,172,222,264,200,237,147,173,204,274
"COG0539",329,371,437,300,398,370,540,449,437,462,468,251,385,368,376,376,349,413,425,394,430,354,411,507,335,367,596,424,379,321,470,404,381,423,404,412,456,377,362,435,428,306,432,373,333,299,389,548,382,494,269,390,403,403,416,357,359,421,302,505
"COG0540",186,159,259,179,202,219,252,224,248,269,296,161,226,255,220,262,182,225,224,215,227,237,276,297,239,237,314,207,226,128,224,254,183,222,244,245,366,235,189,232,238,186,230,203,265,163,212,244,231,307,164,214,237,273,200,209,267,215,175,283
"COG0541",230,246,321,250,315,302,365,363,308,280,336,202,351,270,238,385,344,333,328,293,254,336,339,322,265,330,313,250,260,262,378,286,294,314,312,373,251,302,280,334,331,196,350,288,305,274,350,313,298,305,223,312,290,341,322,276,338,388,290,325
"COG0542",1097,1016,1326,1027,1185,1516,1558,1430,1142,1192,1132,770,1514,1223,1219,1354,1388,1373,1131,1262,1251,1548,1409,1399,1145,1442,1300,1309,1197,1020,1559,1195,1215,1193,1165,1447,1243,1330,916,1440,1131,947,1132,1301,1525,876,1310,1625,1164,1263,856,1571,1242,1455,1199,1286,1243,1406,1175,1283
"COG0543",456,240,451,431,489,330,660,454,472,463,381,213,549,521,480,250,510,529,542,493,454,521,656,489,504,492,599,406,418,493,434,490,357,572,555,461,684,434,397,485,513,469,605,477,507,507,515,406,506,690,511,297,463,558,500,480,371,332,454,647
"COG0544",318,227,522,467,406,571,361,520,367,502,458,146,639,475,428,340,482,571,409,382,465,460,533,544,375,575,389,396,425,358,443,361,454,422,403,512,516,600,257,399,374,292,326,407,695,288,347,488,467,445,270,451,533,532,366,528,421,432,346,383
"COG0545",63,290,247,299,388,134,712,742,367,287,513,207,203,372,290,384,544,367,379,305,301,571,493,484,530,388,719,207,114,501,233,320,436,608,414,262,754,154,403,280,415,263,318,348,194,470,545,156,446,502,282,48,340,494,238,302,163,158,465,494
"COG0546",395,304,411,351,396,383,346,550,394,367,460,267,466,356,443,382,342,521,347,436,367,440,511,404,331,267,348,383,451,310,409,336,464,434,370,453,501,475,372,377,392,297,306,395,302,371,399,428,329,432,280,461,390,436,371,421,618,355,281,363
"COG0547",201,194,159,130,155,168,173,129,133,107,191,218,158,160,213,232,176,191,159,208,157,226,145,175,181,152,175,184,227,140,143,161,186,86,153,146,80,177,116,155,152,190,132,163,122,140,127,144,185,145,132,168,206,146,147,177,278,114,171,142
"COG0548",255,233,195,200,200,146,245,138,165,166,186,224,229,213,195,248,220,256,191,181,188,207,239,177,201,229,278,214,261,172,175,203,201,149,210,185,192,179,181,179,187,172,170,205,218,180,167,186,225,240,148,139,169,202,132,233,300,133,176,209
"COG0549",188,256,84,59,42,129,25,64,93,77,38,476,106,46,97,120,34,81,53,48,73,17,33,61,22,63,13,99,176,36,65,64,61,32,51,47,25,97,75,38,60,43,53,103,70,33,55,88,36,43,75,168,94,68,57,93,58,127,42,33
"COG0550",1186,915,1424,1134,1117,1321,1650,1312,1439,1519,1109,716,1945,1240,1540,1201,1513,1283,1541,1616,1346,1488,1424,1304,1807,1782,1396,1449,1390,1331,1415,1521,1366,1159,1468,1326,1506,1444,1092,1397,1169,1120,1385,1399,1738,1107,1257,1791,1938,1561,807,1033,1428,1149,1340,1429,1193,1564,1264,1525
"COG0551",538,242,235,179,198,460,84,252,161,219,252,447,291,154,237,237,131,211,137,240,177,149,187,161,152,267,43,286,358,69,244,161,170,82,117,282,109,409,98,193,209,130,213,198,301,76,144,373,196,148,160,499,214,255,179,238,359,384,201,145
"COG0552",152,182,188,156,186,250,87,212,164,184,248,124,186,178,185,288,204,227,197,165,181,187,117,215,129,179,132,179,202,142,227,154,196,195,137,260,126,209,140,202,173,135,175,197,180,153,196,218,181,153,126,237,198,217,182,176,257,278,146,172
"COG0553",703,603,628,758,863,718,359,617,700,627,723,344,783,410,1018,742,436,752,582,331,788,607,1292,676,599,805,1131,733,451,803,712,472,571,1086,1107,804,1487,1005,2153,507,526,894,768,518,926,531,764,519,436,262,858,549,711,847,639,688,525,790,904,842
"COG0554",189,173,177,170,161,330,114,151,188,189,167,301,304,169,174,143,127,237,162,215,201,82,91,155,171,209,48,222,304,95,228,264,94,137,144,164,67,288,124,193,124,146,141,190,282,136,135,277,152,95,127,301,191,180,142,185,145,198,194,145
"COG0555",127,33,45,13,19,42,6,27,22,12,20,42,50,14,75,17,12,58,21,21,12,15,14,22,5,24,3,44,104,9,70,14,9,16,24,33,17,53,13,47,10,8,25,35,19,7,21,15,41,25,19,59,47,21,16,64,22,18,83,13
"COG0556",333,302,393,330,329,451,366,434,367,384,412,156,366,323,319,535,301,465,419,366,295,384,443,409,283,356,338,410,370,302,453,300,368,383,406,426,363,424,325,354,324,298,325,357,436,260,406,468,360,408,260,376,374,498,342,372,457,494,318,355
"COG0557",270,277,425,380,309,334,534,448,397,408,580,263,438,347,277,181,395,402,413,340,370,484,651,515,355,395,559,345,363,339,472,365,453,410,514,496,621,419,383,420,343,323,418,337,405,300,448,377,454,572,324,423,382,631,355,433,304,394,348,546
"COG0558",182,173,161,103,174,187,98,217,116,178,131,158,114,118,131,351,104,181,105,102,123,42,142,178,123,117,70,165,148,100,193,123,80,68,99,199,161,209,78,153,159,183,118,130,136,140,121,173,127,108,143,221,171,215,144,130,176,246,96,113
"COG0559",95,102,108,101,119,147,35,59,130,152,198,226,144,79,34,187,77,108,81,84,80,58,100,83,131,114,32,131,151,44,118,97,77,48,56,124,67,117,88,69,110,50,78,66,197,54,90,177,72,88,151,191,71,116,85,80,268,196,165,102
"COG0560",166,169,171,161,235,139,237,136,156,150,188,107,111,152,191,226,209,170,204,154,165,92,116,177,191,109,141,193,117,191,151,194,168,177,163,125,115,138,158,179,187,164,212,170,130,180,198,160,164,110,109,120,161,231,174,143,88,144,187,168
"COG0561",1012,718,630,690,704,1296,461,640,606,641,500,801,840,667,767,1076,714,724,579,671,659,802,613,604,660,697,427,595,899,624,609,662,708,621,545,799,483,1101,660,588,694,607,722,667,916,612,608,702,717,664,791,1621,652,608,571,768,1493,530,714,424
"COG0562",278,117,214,256,187,266,172,187,164,228,151,105,232,213,224,266,208,243,218,175,225,128,373,181,315,291,264,189,236,184,228,177,247,158,297,337,851,297,220,306,261,282,211,232,222,155,202,201,284,100,237,234,295,325,165,265,283,133,230,231
"COG0563",134,165,212,137,203,227,193,216,179,199,196,112,182,188,163,235,233,187,181,199,161,166,190,241,208,213,181,173,176,202,203,177,170,200,162,213,196,185,177,205,195,157,188,200,182,150,178,260,197,205,132,266,229,257,135,195,223,264,154,180
"COG0564",671,537,704,656,689,717,979,835,713,818,885,468,739,712,703,662,671,797,798,762,657,975,1208,780,675,771,1096,645,654,636,726,708,701,796,873,826,1173,877,644,757,739,622,778,683,748,613,850,794,742,1059,560,755,759,1018,667,657,657,829,586,856
"COG0565",11,44,3,3,5,10,8,5,6,5,10,80,5,2,0,21,15,2,3,5,6,1,0,3,7,13,9,29,1,8,4,5,12,2,12,0,6,2,0,7,10,7,2,12,3,13,15,3,1,1,9,9,6,2,10,9,2,27,34,6
"COG0566",485,458,580,470,566,679,372,559,524,459,383,342,564,550,548,840,613,610,573,514,477,423,393,507,531,593,331,531,471,605,264,306,218,212,240,284,191,321,233,289,313,256,287,294,273,228,276,344,272,188,224,255,297,274,249,266,250,266,256,192
"COG0567",29,192,0,3,4,6,14,5,12,5,4,218,6,6,0,29,21,3,2,8,8,2,0,2,9,27,5,110,2,24,3,5,37,3,9,6,7,7,1,4,15,13,10,22,13,17,5,1,1,5,19,24,18,4,11,52,0,83,36,22
"COG0568",248,315,327,166,210,313,581,466,321,706,1063,457,246,195,234,242,199,314,245,265,186,497,717,473,178,272,769,338,274,170,330,235,318,464,407,371,723,371,251,239,287,223,254,213,219,120,349,380,211,586,214,345,292,607,235,328,251,388,253,520
"COG0569",581,312,650,450,482,600,308,452,463,516,435,333,610,537,574,399,486,471,509,549,498,462,328,483,528,600,304,447,508,461,525,560,443,400,448,488,298,566,420,532,459,469,545,552,548,432,402,572,510,303,392,659,571,469,495,581,326,486,413,323
"COG0571",121,165,165,178,196,183,277,206,237,199,222,74,182,191,230,242,184,245,173,199,198,185,301,254,201,200,271,183,169,189,216,186,217,190,222,209,294,225,197,224,221,159,183,214,179,171,173,210,221,268,134,143,211,258,219,211,218,216,142,242
"COG0572",84,108,212,179,147,116,215,230,209,206,230,46,168,226,129,62,187,226,215,219,198,262,254,197,156,150,326,191,192,168,402,375,353,480,377,385,572,301,400,384,374,308,326,365,338,353,404,427,374,499,299,232,336,540,344,365,215,370,282,413
"COG0573",170,123,199,177,159,262,97,125,172,136,125,165,222,213,188,275,151,191,164,209,158,112,95,133,137,179,27,188,187,156,139,189,131,100,145,191,49,209,128,187,193,154,185,202,233,153,148,191,193,200,141,179,186,146,215,140,320,209,165,117
"COG0574",424,413,927,727,547,350,895,972,689,818,887,298,753,734,599,201,709,949,971,753,589,948,999,904,700,640,1208,638,575,571,955,748,641,864,835,718,969,642,655,847,767,618,773,622,586,639,805,936,855,860,525,300,700,1040,723,707,199,766,548,844
"COG0575",150,121,216,167,244,194,218,200,168,237,235,42,164,226,169,223,172,195,189,191,198,229,212,209,186,154,267,192,153,155,212,175,186,164,214,255,236,225,181,200,187,184,185,163,128,184,210,214,200,236,142,180,232,293,163,196,197,182,154,207
"COG0576",128,160,148,139,150,139,152,208,170,200,161,88,119,112,126,126,134,141,163,177,150,121,145,204,121,109,193,138,119,152,158,122,140,141,136,171,224,182,133,163,133,104,152,134,157,105,143,134,136,128,138,127,140,176,125,126,86,175,126,171
"COG0577",2770,1309,1736,1661,1906,2412,1228,1766,1480,1548,1163,933,2012,1549,1648,3051,1403,1685,1487,1822,1510,1130,1260,1628,1712,1690,1008,1525,2042,1544,1847,1665,922,1287,1358,1938,1087,2370,1634,1777,1508,1556,1411,1876,1622,1359,1387,1788,1723,1428,984,2962,1550,1709,1736,1716,1619,1897,1110,1103
"COG0578",23,151,29,18,60,16,45,24,92,26,33,203,16,107,10,48,79,29,100,29,35,15,5,20,73,84,7,54,3,66,15,68,66,38,67,19,8,27,90,55,40,17,65,94,47,60,61,35,85,6,78,107,15,6,14,41,2,58,100,30
"COG0579",65,123,71,61,75,141,44,60,70,177,46,293,101,54,41,67,42,82,48,64,52,25,46,38,64,52,33,150,156,46,77,57,70,75,44,70,62,86,47,31,64,73,91,101,150,81,58,105,72,82,103,104,82,67,59,135,95,111,174,50
"COG0580",29,170,46,80,83,94,23,38,55,33,14,195,24,89,33,277,77,61,53,88,28,14,27,23,73,72,15,67,66,66,41,65,78,53,45,57,20,62,80,93,123,75,63,76,29,85,52,63,74,26,95,250,53,19,75,89,152,69,129,33
"COG0581",225,186,196,178,154,288,100,144,161,133,145,186,188,194,188,329,174,196,154,178,146,115,90,112,148,186,28,167,175,152,153,178,149,97,170,173,61,169,139,177,215,173,177,174,173,134,134,171,178,205,125,206,186,148,147,166,296,166,187,105
"COG0582",3469,3323,2579,2390,3482,2145,2584,3480,2851,2897,1852,3175,2824,2192,2212,1867,2603,2329,2260,2387,3021,1150,1095,2120,2119,2574,1941,2557,2439,1680,2606,2586,2563,1447,1865,2971,1000,2976,2454,2158,2330,2242,2407,2288,2948,1745,1595,3224,3236,2235,1719,2332,3271,2213,2659,2544,1759,3500,2111,1109
"COG0583",2360,2813,1032,786,1045,1937,856,1216,1389,1147,1123,4501,1544,997,949,1496,989,1294,751,940,1220,1012,1312,931,813,1394,640,1975,1785,987,1268,1086,1546,1096,1125,1233,1276,1654,927,875,993,856,933,1293,1496,879,1214,980,885,957,1628,2325,1231,1123,1206,1323,2283,1419,3029,1412
"COG0584",329,280,369,467,390,453,419,206,447,446,179,278,281,491,482,317,403,280,387,298,483,146,216,259,315,373,382,355,352,513,339,340,356,157,296,403,385,268,382,376,528,370,349,359,417,570,305,320,417,480,611,322,417,206,381,273,235,221,369,260
"COG0585",5,62,1,2,0,7,5,1,5,0,1,77,2,1,0,10,7,0,0,6,1,2,0,2,6,4,5,35,1,4,0,3,11,0,4,0,5,5,2,1,1,2,1,7,3,6,3,3,0,0,4,20,0,2,0,19,0,26,17,3
"COG0586",74,213,52,88,123,158,162,106,121,90,147,244,71,131,90,282,140,89,107,108,119,121,129,112,126,97,144,104,52,145,77,115,155,127,118,78,175,72,103,118,114,113,83,134,68,169,142,40,93,116,160,132,71,116,110,68,109,101,181,128
"COG0587",814,673,781,611,680,824,835,853,712,802,845,510,638,865,723,823,783,892,828,799,754,820,782,791,794,783,697,686,641,641,934,859,717,836,749,863,670,836,3650,696,720,919,707,780,731,806,749,817,788,897,509,869,790,912,648,806,683,1067,697,705
"COG0588",45,149,32,89,101,95,76,44,130,42,28,82,77,110,111,206,155,43,93,130,129,63,14,83,127,96,7,91,41,205,49,110,78,63,94,45,16,46,96,69,102,88,71,122,64,154,95,76,119,22,102,125,60,30,103,48,49,50,81,41
"COG0589",75,359,242,296,427,217,591,231,388,272,356,265,201,344,295,516,404,305,418,347,277,426,434,307,462,353,399,241,127,519,233,439,446,360,431,185,427,157,419,387,420,401,307,320,217,465,482,168,318,410,457,197,231,281,333,239,388,201,345,506
"COG0590",140,139,146,155,156,159,216,201,168,158,238,79,141,166,152,160,184,188,177,150,136,210,278,210,150,141,245,123,165,179,143,151,232,254,182,221,201,156,177,149,193,145,159,143,146,128,159,184,174,203,125,170,213,280,168,159,261,181,178,216
"COG0591",242,308,432,541,476,341,396,331,543,483,386,347,358,626,466,460,380,470,570,562,479,526,356,529,516,492,307,356,457,646,278,298,212,220,248,204,139,216,246,265,217,324,221,282,271,317,271,226,278,180,350,110,174,245,249,170,537,240,167,166
"COG0592",268,248,312,244,313,440,330,410,310,403,309,225,265,310,298,404,301,391,344,248,287,289,330,482,283,280,277,272,353,351,181,166,166,119,162,226,170,180,151,169,136,168,180,137,179,104,148,166,138,150,116,215,187,179,157,162,168,209,155,163
"COG0593",143,132,128,110,175,58,59,98,132,98,100,48,67,157,146,200,84,90,136,113,116,88,63,134,148,64,61,136,84,134,100,131,186,48,98,152,73,94,158,144,109,144,117,128,87,161,102,110,110,23,142,26,59,129,162,60,220,138,121,45
"COG0594",132,73,70,42,38,119,13,67,52,86,65,84,70,58,93,44,40,68,40,41,59,46,58,52,21,39,10,73,101,15,75,59,50,31,24,91,34,128,41,59,56,57,45,62,97,24,46,65,66,63,46,135,66,84,53,63,156,110,41,26
"COG0595",330,145,281,156,189,544,48,275,153,287,174,105,250,165,170,562,98,237,134,199,183,103,177,186,80,203,53,211,352,58,377,144,121,107,116,294,346,331,117,224,154,107,174,182,240,64,144,365,198,303,118,566,266,343,154,205,502,383,129,64
"COG0596",528,467,257,175,256,546,100,290,220,270,272,475,292,177,154,658,133,248,174,192,253,120,228,240,134,206,227,360,333,353,296,149,161,245,169,197,113,290,265,206,214,178,153,227,294,181,159,286,210,234,183,625,288,240,229,253,220,285,347,215
"COG0597",98,85,116,79,80,186,30,102,73,110,86,117,105,58,67,194,55,88,48,68,84,47,46,75,37,79,25,94,115,25,104,47,53,35,65,100,26,122,50,80,56,112,65,62,68,28,64,123,62,63,56,136,90,103,73,87,166,116,53,57
"COG0598",214,341,228,236,303,288,335,348,326,232,293,247,299,291,264,306,315,303,273,290,300,301,219,307,306,295,277,251,322,334,272,299,308,264,273,361,296,248,355,319,354,241,363,311,221,324,300,230,244,287,309,331,340,281,254,330,227,235,318,282
"COG0599",231,169,139,168,140,77,93,139,163,133,145,19,134,167,91,132,158,132,218,187,126,64,109,132,123,116,58,132,104,108,169,192,165,104,159,101,138,108,180,178,159,107,132,109,99,148,241,78,115,136,106,122,93,133,170,89,174,111,212,149
"COG0600",299,338,166,110,162,226,65,175,155,174,100,286,205,128,93,219,96,149,104,153,112,83,84,202,85,174,30,226,202,60,190,128,100,79,115,168,74,200,94,137,132,192,161,187,220,46,135,212,175,62,163,212,192,207,162,169,189,296,154,68
"COG0601",630,510,300,259,346,711,144,220,275,234,131,784,401,280,254,941,232,249,184,215,230,172,235,143,289,334,69,386,499,116,225,305,217,191,191,259,123,483,191,226,362,203,340,280,379,134,305,341,238,176,413,745,226,199,285,339,836,506,408,163
"COG0602",160,192,224,201,229,250,176,173,226,415,306,155,217,224,244,240,212,304,244,203,228,269,182,290,236,205,170,216,218,221,257,243,214,236,185,282,140,240,2276,239,212,132,228,281,180,174,136,249,217,173,146,247,239,267,218,225,272,198,234,213
"COG0603",20,93,95,101,126,52,173,142,126,138,155,65,108,111,71,28,136,135,123,99,97,154,149,132,135,118,155,73,68,158,93,110,131,121,138,92,179,70,158,107,93,128,114,141,78,102,139,55,103,136,83,59,121,174,123,99,78,67,129,169
"COG0604",32,190,8,2,38,92,13,5,12,5,21,170,5,3,0,213,20,17,0,13,4,1,3,1,1,4,9,65,8,7,2,16,25,6,17,1,1,7,31,1,15,23,1,19,8,43,14,16,4,3,69,255,2,6,7,8,75,31,231,34
"COG0605",67,122,67,82,78,18,44,52,116,57,23,90,28,91,51,28,106,51,113,71,50,25,22,43,98,51,23,95,20,79,65,96,88,36,88,54,27,44,125,73,100,125,67,89,52,95,61,66,66,15,39,95,58,28,82,67,7,50,80,32
"COG0606",331,284,317,266,312,265,333,314,329,274,301,216,335,312,301,420,281,404,328,296,310,329,330,309,316,363,285,284,300,346,302,323,308,341,299,346,317,301,253,323,332,215,356,351,310,283,274,336,342,303,223,204,362,288,313,266,406,325,302,264
"COG0607",329,305,187,345,282,177,267,424,341,265,272,412,353,335,297,169,488,320,361,321,320,219,139,237,460,447,90,290,195,482,263,328,374,325,318,283,286,250,323,288,349,296,389,337,299,426,518,278,301,150,379,183,373,221,327,347,98,210,431,259
"COG0608",315,284,400,270,326,324,405,436,361,374,426,248,282,391,329,149,323,382,410,414,297,446,455,395,334,277,416,362,315,320,493,345,340,414,365,436,412,364,380,389,312,267,429,372,303,384,396,417,348,399,291,354,408,387,325,376,308,471,291,405
"COG0609",432,396,285,357,287,393,382,331,377,307,191,360,422,317,284,178,347,320,338,312,283,427,315,261,289,387,170,350,391,282,411,421,376,384,311,283,276,329,309,340,289,326,492,427,389,347,420,333,343,299,463,446,340,256,417,413,597,323,458,331
"COG0610",283,729,726,522,583,525,221,1158,660,775,922,154,690,548,501,237,975,905,646,829,755,227,999,393,568,815,793,705,539,710,722,822,765,828,625,821,577,595,737,892,599,599,618,656,613,587,816,737,536,625,465,582,956,637,526,490,393,673,697,237
"COG0611",17,125,62,105,67,14,71,45,117,55,87,81,29,41,38,25,98,57,119,72,88,30,17,39,77,65,16,103,21,87,41,69,117,41,76,54,27,38,105,70,135,82,99,65,42,77,78,56,58,22,106,17,74,36,119,73,6,69,112,46
"COG0612",157,383,387,456,436,158,562,606,476,339,428,153,298,514,395,98,572,454,632,611,467,379,385,598,533,419,701,462,135,601,832,1165,943,899,1129,822,1434,560,1150,902,1075,890,1076,918,748,1170,1329,794,991,557,896,417,731,881,1165,784,90,943,815,764
"COG0613",92,159,136,85,107,187,43,97,135,153,108,201,139,98,69,230,61,138,95,134,126,48,50,99,79,180,17,145,170,44,215,76,61,52,93,217,48,134,104,114,90,103,139,150,171,44,84,177,105,59,161,87,124,164,79,118,262,196,107,72
"COG0614",460,447,321,387,438,338,355,379,570,411,256,313,515,411,371,188,461,365,389,414,421,444,348,348,409,494,194,366,528,407,437,563,402,463,392,294,319,373,377,500,319,396,487,490,484,465,460,372,382,311,586,497,379,306,462,443,543,391,520,348
"COG0615",222,169,145,112,124,151,253,48,107,156,314,4,113,228,102,50,45,109,90,160,143,184,190,247,163,43,95,112,74,35,93,145,76,70,186,142,428,142,131,178,53,82,56,134,71,118,61,95,78,231,116,105,82,111,232,79,75,87,65,43
"COG0616",52,448,173,224,202,23,335,170,323,160,349,329,106,203,179,61,242,169,287,145,175,270,282,193,242,167,356,129,59,284,120,184,256,260,278,187,294,87,294,248,297,172,272,212,125,252,286,98,199,254,238,53,158,206,196,174,7,142,231,297
"COG0617",289,305,318,237,260,353,286,349,264,268,419,321,266,233,262,414,264,347,314,275,230,296,266,369,198,275,246,294,295,249,304,286,335,279,276,313,253,274,270,265,276,201,307,256,246,218,341,300,277,208,196,354,339,317,252,357,344,344,227,292
"COG0618",65,62,182,113,133,93,152,172,127,157,135,29,154,132,117,57,117,161,116,117,118,138,180,179,91,133,136,143,133,102,353,229,219,264,249,308,345,313,201,291,194,293,209,289,251,231,265,296,254,376,160,184,312,376,209,271,179,263,187,259
"COG0619",459,263,304,165,313,485,46,217,194,294,174,147,277,171,275,866,116,316,133,243,192,173,174,172,138,231,55,239,377,73,274,178,218,87,130,256,86,331,165,186,354,177,159,241,366,98,146,365,209,209,110,665,218,290,162,267,735,375,137,107
"COG0620",251,261,161,89,211,397,266,279,132,264,281,259,180,142,155,597,154,212,90,170,113,430,182,262,139,210,380,192,245,91,178,139,109,127,172,155,181,240,147,208,129,134,118,233,107,106,190,77,189,243,68,527,161,118,116,208,336,150,171,215
"COG0621",654,530,874,757,881,598,770,1045,764,793,961,428,786,758,795,444,830,957,830,786,767,958,870,924,807,819,826,680,787,736,894,777,786,851,744,924,829,852,692,759,796,720,831,744,823,665,815,988,777,697,604,384,914,939,710,841,751,970,660,779
"COG0622",278,139,222,159,184,221,138,225,189,197,190,125,220,208,196,92,194,269,170,201,205,189,178,189,184,169,135,163,214,173,177,192,190,199,159,268,165,225,165,150,188,166,181,166,229,153,167,227,172,165,169,221,200,216,184,202,205,175,200,130
"COG0623",4,116,64,83,71,39,157,136,97,75,147,90,51,98,42,32,172,110,139,66,68,200,111,148,118,90,246,69,19,133,55,96,126,220,122,125,161,32,143,107,123,71,124,107,69,105,118,71,112,112,77,43,85,92,107,78,3,70,100,116
"COG0624",508,556,344,362,528,474,466,335,535,367,464,844,392,439,394,730,599,554,532,465,464,292,330,397,581,565,264,460,354,498,359,530,435,400,492,373,307,457,560,382,554,426,677,489,611,430,508,432,481,370,882,669,407,299,505,406,436,541,606,469
"COG0625",34,279,5,4,2,43,33,11,21,2,27,382,3,4,0,49,46,5,4,11,6,2,1,4,13,13,26,141,9,18,1,23,55,9,17,4,8,15,2,3,26,10,4,46,7,23,10,0,2,5,36,106,12,3,11,32,2,70,217,40
"COG0626",115,240,61,37,105,213,52,66,46,64,86,271,38,23,62,323,25,104,62,37,50,18,38,31,16,47,20,90,60,20,41,39,61,30,45,50,45,71,46,28,63,68,66,60,32,42,57,71,40,58,140,242,53,66,46,71,171,73,158,76
"COG0627",119,143,127,148,226,201,64,113,165,134,86,121,134,184,195,258,145,215,177,123,152,86,51,136,307,134,20,135,107,307,75,86,50,73,74,70,32,85,89,59,102,125,92,115,53,108,52,103,77,21,135,53,54,21,83,131,53,62,69,30
"COG0628",585,573,538,491,520,544,437,609,537,587,430,582,459,544,426,496,458,442,448,486,537,364,406,519,481,485,403,594,411,446,536,546,343,443,484,541,426,603,511,578,458,522,419,548,517,487,473,615,512,440,469,612,549,569,517,551,265,565,437,425
"COG0629",184,449,254,183,416,300,137,275,189,292,211,312,262,260,239,363,159,238,151,175,260,167,194,171,148,182,113,266,306,149,347,228,188,135,172,521,199,264,165,241,232,246,152,211,221,185,236,335,233,247,197,338,274,381,257,336,341,467,195,193
"COG0630",10,0,24,5,18,33,2,12,14,19,6,19,34,12,11,34,4,41,16,12,18,4,4,46,9,18,4,1,29,1,33,9,4,4,2,20,3,19,0,11,3,1,12,52,4,0,1,2,23,0,0,6,20,5,40,38,0,1,40,14
"COG0631",240,138,308,122,189,345,30,375,140,245,275,41,275,153,146,425,129,289,162,205,177,175,143,238,126,113,371,159,188,108,444,215,134,173,215,236,280,336,90,211,193,223,115,107,157,93,146,288,166,97,80,271,250,423,174,184,333,264,63,164
"COG0632",116,144,144,135,185,158,189,175,175,169,172,70,153,162,160,196,165,170,146,181,142,149,160,187,125,164,181,152,136,145,132,136,148,133,148,171,234,172,148,167,154,126,145,159,185,143,169,171,166,192,100,188,189,209,127,147,188,178,138,207
"COG0633",13,103,1,0,6,8,14,3,7,2,5,125,3,5,0,23,12,1,1,3,3,0,2,1,6,6,11,46,2,10,1,3,10,2,7,0,1,2,2,5,11,5,3,12,5,17,4,1,3,2,8,11,5,4,3,7,1,13,29,12
"COG0634",165,141,191,138,195,261,133,165,165,185,178,101,153,178,150,233,195,181,169,172,160,145,173,204,184,170,152,154,182,153,167,185,161,154,148,153,223,162,165,147,176,159,179,143,158,144,145,167,151,142,115,196,176,204,144,195,163,176,154,105
"COG0635",556,340,387,318,338,346,366,494,402,372,520,433,439,382,399,380,287,417,355,423,417,406,351,391,298,390,270,380,511,334,505,333,446,332,313,450,429,493,336,384,343,309,428,471,464,291,432,439,337,373,409,425,498,405,337,392,620,511,427,329
"COG0636",74,45,135,106,135,85,59,97,104,102,70,77,96,128,135,45,133,84,104,103,110,61,52,100,116,109,20,105,115,148,122,134,74,92,85,132,35,104,124,116,103,124,86,125,88,107,98,106,114,34,96,99,115,104,92,119,88,111,94,46
"COG0637",371,452,379,400,446,585,337,304,442,416,360,409,531,460,520,496,411,460,360,413,404,543,505,423,399,468,372,386,467,379,459,393,445,393,437,485,406,478,375,445,395,369,391,484,495,321,328,427,419,320,301,343,437,447,409,385,767,290,402,325
"COG0639",146,198,82,99,134,167,65,81,89,49,85,194,101,139,111,91,103,35,79,122,106,39,22,116,124,151,27,128,99,140,80,125,46,70,81,178,44,183,137,91,76,126,71,104,73,170,106,91,91,24,104,151,125,51,188,196,6,185,120,75
"COG0640",284,80,129,128,122,215,17,108,125,136,122,139,109,93,134,151,79,140,70,100,94,58,103,104,60,96,36,122,150,29,166,101,82,54,47,195,74,192,72,101,124,100,56,86,151,54,73,152,174,76,111,231,111,140,77,134,168,206,130,58
"COG0641",1214,480,581,607,553,423,365,739,910,578,1331,544,538,526,740,229,436,352,462,619,504,866,988,1077,457,535,1266,466,617,815,485,566,470,1131,556,526,252,602,673,486,558,512,411,527,459,630,507,451,503,453,489,646,455,596,596,511,406,401,426,875
"COG0642",7358,5334,7802,14631,8620,5886,6985,6763,8497,7257,5162,4945,7948,9249,9287,3954,8450,5577,9605,9344,10274,6098,5500,7612,9624,8464,6237,8029,7054,12657,8228,9037,9134,7551,8867,5974,4777,7093,9533,9593,7255,11510,7728,8927,7991,13427,8994,6739,8939,7270,13461,5262,8055,5931,12827,6971,3874,7260,7245,6588
"COG0643",13,61,58,23,19,17,3,45,18,17,73,97,83,32,30,12,7,25,17,35,36,8,13,49,6,18,4,53,78,13,137,21,26,49,57,57,36,54,43,90,24,155,82,102,24,32,81,34,73,31,66,26,137,36,52,97,14,47,16,88
"COG0644",40,197,2,1,2,6,30,1,13,1,13,318,1,4,0,38,22,11,4,4,6,5,2,2,8,3,5,39,3,9,4,4,30,5,18,0,1,24,4,2,24,11,5,23,12,21,22,7,2,1,33,24,2,3,1,10,7,74,5,21
"COG0645",0,0,0,0,0,0,0,0,5,1,0,0,0,0,0,0,0,1,0,0,0,0,0,1,0,0,0,2,0,0,6,0,0,0,0,4,4,0,0,16,0,0,0,1,0,0,0,6,0,0,0,3,4,0,0,0,0,2,0,0
"COG0646",365,427,507,471,482,411,541,526,462,380,367,391,686,518,477,120,576,503,519,515,496,643,566,532,520,592,395,518,533,373,520,480,441,466,526,407,464,511,377,537,419,361,473,582,637,453,436,440,513,503,254,177,549,509,427,494,500,279,519,450
"COG0647",37,104,49,26,54,134,13,31,75,102,19,103,31,60,23,194,24,50,46,31,43,6,17,31,18,26,12,93,23,23,47,38,28,28,27,59,14,57,36,36,65,41,25,37,64,25,12,77,48,18,82,136,47,31,28,59,160,93,64,19
"COG0648",126,124,191,139,184,166,56,107,159,144,69,112,197,181,230,114,145,138,122,183,172,88,85,135,155,149,37,168,169,169,170,169,129,108,126,153,66,169,156,189,112,177,141,203,179,193,94,162,162,76,128,87,157,117,145,151,97,165,117,64
"COG0649",12,166,136,138,166,28,250,178,156,124,121,63,119,170,136,17,224,174,224,152,155,192,144,173,242,173,273,121,52,192,103,221,206,185,177,149,194,60,200,189,243,201,220,152,91,173,215,128,197,176,131,14,164,133,185,150,6,52,229,224
"COG0650",15,123,2,7,2,16,19,13,20,2,2,123,4,3,2,19,16,8,6,8,2,4,7,6,9,9,5,40,2,6,16,19,14,8,19,2,7,10,7,7,10,6,17,20,9,16,11,10,8,5,21,16,10,7,9,6,6,38,29,17
"COG0651",30,250,73,48,24,27,69,37,188,103,17,415,28,51,3,37,83,28,72,49,28,13,2,67,79,43,28,188,27,15,53,135,42,40,72,40,10,32,84,117,103,33,105,119,137,74,95,54,58,24,158,31,50,20,114,35,14,108,87,70
"COG0652",313,191,270,171,194,179,280,257,259,259,256,190,235,215,213,154,223,211,221,221,228,244,324,267,227,264,266,209,235,192,281,226,196,267,228,254,379,274,290,228,223,141,203,225,261,179,206,250,258,288,211,359,245,281,200,224,214,281,188,283
"COG0653",657,569,734,498,595,720,523,759,547,649,786,367,702,534,637,648,488,712,645,542,523,852,767,658,580,631,750,533,684,440,749,621,456,692,606,689,515,713,541,555,592,575,616,574,676,483,675,805,643,597,371,871,612,745,548,724,573,782,453,587
"COG0654",34,223,0,9,4,21,38,14,52,28,93,345,4,3,0,35,24,0,2,6,4,0,1,114,13,8,3,115,2,19,2,10,55,6,11,0,2,6,2,49,9,11,7,30,10,62,9,2,0,4,31,32,0,0,4,3,2,41,159,133
"COG0655",314,161,281,195,234,207,183,215,238,245,95,177,225,304,242,91,223,272,189,204,216,201,181,207,188,197,37,256,327,171,277,212,226,150,200,254,98,302,234,252,244,284,248,227,227,120,233,271,246,117,240,221,157,165,296,235,388,268,193,132
"COG0656",205,240,175,306,203,546,166,103,217,165,268,314,136,245,168,379,185,150,307,292,286,240,160,174,131,200,65,290,145,232,118,151,175,177,206,145,75,262,163,172,188,145,124,151,206,251,237,101,169,198,298,437,90,167,143,133,207,168,336,253
"COG0657",352,534,404,596,554,629,591,345,429,496,339,258,533,375,537,545,433,367,373,413,537,376,393,464,441,441,404,533,480,414,454,407,395,300,402,352,300,467,296,424,448,620,348,459,637,574,419,421,436,588,500,317,527,436,496,405,403,384,283,299
"COG0658",498,250,293,258,327,285,80,323,263,234,171,171,275,263,291,360,282,314,337,320,243,233,154,223,268,207,144,292,324,261,318,334,298,180,276,327,171,373,315,325,249,195,291,347,294,261,264,361,341,112,227,342,321,290,323,270,412,256,275,155
"COG0659",217,195,375,321,275,255,490,290,323,263,365,172,416,309,298,99,311,350,371,267,301,424,453,396,326,363,377,337,345,373,323,316,344,390,358,316,417,247,264,403,279,291,310,285,167,272,355,226,303,367,221,182,414,318,345,420,250,157,355,407
"COG0661",45,162,30,11,48,207,19,30,37,29,17,156,47,11,46,474,15,73,9,9,17,69,42,21,4,14,14,69,73,12,48,37,98,24,26,75,10,48,50,56,58,17,21,44,57,7,24,41,17,71,60,156,13,24,24,43,366,84,87,10
"COG0662",63,88,165,71,94,121,204,116,130,165,115,182,187,84,85,34,39,131,137,138,109,107,226,171,53,72,124,120,216,33,120,72,61,60,152,127,233,151,30,152,49,264,131,154,228,21,83,126,103,260,118,89,156,123,101,141,62,93,203,154
"COG0663",79,168,116,102,110,65,95,66,103,93,80,184,81,116,95,59,178,105,113,101,120,128,116,65,132,117,88,180,89,98,66,103,114,104,114,104,77,78,115,80,123,114,120,101,139,137,69,88,108,85,99,62,89,88,77,107,94,74,175,121
"COG0664",434,378,576,597,748,455,554,559,638,617,546,395,500,645,658,338,803,569,704,586,696,593,513,495,789,537,475,394,284,842,428,740,781,625,600,561,669,530,763,518,653,830,665,690,579,795,456,511,616,653,865,496,485,441,640,508,282,537,648,387
"COG0665",75,364,38,20,47,72,47,64,83,61,128,355,48,22,25,60,30,80,21,31,26,17,12,51,100,32,18,188,21,39,42,79,85,31,48,145,13,110,33,35,77,12,64,64,52,42,47,85,29,21,71,141,85,93,63,135,4,131,195,66
"COG0666",57,318,54,57,159,22,64,60,82,118,111,328,81,74,13,66,123,79,96,49,100,45,21,44,89,210,54,217,16,104,65,165,174,40,129,143,18,68,161,259,140,43,180,158,173,183,90,97,237,22,218,27,150,67,285,147,7,35,215,51
"COG0667",644,607,395,481,493,498,350,250,428,407,268,529,426,362,435,882,442,475,357,472,504,301,368,307,484,352,316,572,370,378,396,468,501,331,380,398,120,350,433,370,446,472,337,383,444,483,383,383,336,330,575,329,470,314,344,397,575,332,567,386
"COG0668",230,494,376,658,526,215,787,620,619,466,372,283,313,548,450,349,605,360,636,534,520,326,658,508,608,401,734,491,258,760,443,568,568,539,679,428,631,321,622,511,553,579,562,622,453,746,579,426,497,643,718,309,431,590,654,443,222,448,510,579
"COG0669",101,121,148,121,170,128,139,164,138,162,186,109,137,140,163,149,138,158,147,166,133,150,192,139,157,165,132,145,123,155,169,158,148,155,136,129,179,141,141,166,147,133,155,146,161,126,134,153,132,172,110,131,141,173,163,141,116,130,149,127
"COG0670",27,158,59,25,42,61,131,133,54,80,132,228,38,20,8,93,86,101,58,19,41,111,137,106,52,32,223,69,21,10,66,28,101,85,77,93,184,59,28,28,91,14,50,37,54,18,95,53,19,139,55,109,77,141,33,58,44,49,114,81
"COG0671",258,225,204,166,211,310,274,327,243,283,280,255,199,201,251,253,201,256,173,198,172,217,303,279,207,161,310,215,214,180,229,181,134,253,236,196,488,220,148,182,181,171,168,223,212,145,226,227,191,358,196,324,164,322,167,217,50,219,215,259
"COG0672",27,76,0,0,36,36,4,2,3,0,5,76,9,0,0,148,4,12,0,9,2,1,6,2,1,5,1,14,5,5,1,2,9,2,10,2,1,8,5,4,27,11,0,8,13,15,9,0,0,9,33,90,0,1,3,11,91,13,20,4
"COG0673",1151,1027,705,1147,981,833,833,559,1076,740,688,757,845,837,1033,703,947,830,895,1108,947,984,653,799,1083,1247,537,954,917,976,751,1012,749,693,936,736,894,844,1085,834,899,1142,876,987,846,1018,788,781,811,571,1203,1046,651,549,1167,812,749,1329,1127,559
"COG0674",612,595,872,697,842,462,1395,1013,899,839,838,378,667,1060,675,184,981,1118,1107,1039,770,1004,1023,941,1113,1021,1101,716,969,849,837,1089,845,978,1041,873,1077,678,930,888,1170,657,1193,865,820,925,1059,896,1108,1027,813,254,866,958,881,1004,815,893,842,1120
"COG0675",1448,249,119,168,221,936,340,190,125,1022,126,257,341,246,307,401,111,604,147,76,193,1302,375,167,56,220,106,158,699,212,194,309,959,233,129,443,619,445,289,108,295,97,544,225,213,185,518,167,206,222,82,952,197,137,343,575,3085,124,250,108
"COG0676",13,80,0,0,24,58,7,1,4,8,4,68,3,0,1,191,2,8,1,5,0,0,1,1,0,1,3,29,4,2,0,0,4,2,3,0,2,4,1,0,9,0,0,7,0,5,0,2,0,6,11,20,2,4,0,4,68,10,21,3
"COG0677",13,150,146,188,156,19,179,206,314,167,81,224,79,204,70,42,176,51,344,110,303,59,168,85,258,110,276,124,67,89,85,243,141,82,236,29,228,70,265,224,120,416,280,229,128,175,220,84,154,208,315,20,47,260,156,65,2,190,137,150
"COG0678",0,0,0,0,0,0,1,2,0,0,0,0,0,0,0,0,0,0,0,0,0,0,0,0,0,1,0,0,0,0,0,0,0,0,0,0,0,1,3,0,0,0,0,0,0,0,0,0,0,0,0,13,2,0,2,3,0,0,0,0
"COG0679",455,193,293,170,320,518,226,278,277,294,297,182,314,220,272,645,151,476,185,164,228,197,338,266,144,272,206,203,480,129,304,234,249,131,183,303,287,410,132,137,286,212,222,272,391,87,198,272,212,346,219,470,285,275,237,328,825,221,227,230
"COG0680",15,57,3,2,4,5,17,2,17,6,3,92,2,8,1,9,14,6,5,12,6,36,9,1,7,15,0,33,15,15,3,13,40,7,11,5,2,14,10,3,13,8,15,19,8,10,26,5,3,7,17,16,6,5,7,21,89,26,22,12
"COG0681",412,274,508,487,513,492,433,495,464,376,361,201,435,579,674,371,544,469,547,625,547,423,314,400,574,521,295,369,398,594,428,445,366,495,463,536,363,462,412,506,531,587,478,513,424,438,475,452,500,322,361,381,477,439,490,522,256,592,441,521
"COG0682",292,189,214,179,185,249,301,207,234,250,301,123,236,232,215,249,215,269,229,289,235,303,301,263,211,297,324,211,222,228,245,149,225,279,238,228,265,240,204,215,223,184,199,218,207,174,222,221,243,274,158,291,237,265,187,239,289,229,185,264
"COG0683",121,212,119,116,177,200,38,89,196,159,219,319,221,109,32,231,150,128,174,89,95,92,74,118,150,92,28,184,160,107,64,52,66,58,39,78,23,56,69,51,94,90,85,61,103,40,64,87,95,32,86,131,36,76,101,66,169,115,154,76
"COG0684",12,59,23,14,21,9,14,13,40,73,12,202,10,24,13,21,29,20,36,51,30,3,11,14,53,29,12,87,16,11,17,16,12,14,8,7,1,13,15,2,29,21,8,15,54,10,31,48,4,2,56,18,12,8,36,20,5,30,20,6
"COG0685",131,106,126,130,125,100,119,115,116,128,151,70,165,155,142,92,150,125,117,114,152,147,122,138,88,142,129,126,129,114,302,219,195,267,225,243,248,285,191,280,205,262,262,254,285,200,196,282,273,208,202,187,308,303,232,266,203,140,217,245
"COG0686",42,66,99,105,88,11,239,35,162,118,120,14,98,121,92,25,116,96,155,110,95,266,237,46,160,129,348,70,63,166,69,154,97,170,173,40,160,63,150,111,100,129,142,113,69,165,101,70,140,196,143,118,34,90,128,43,216,105,65,197
"COG0687",331,258,270,203,195,274,229,179,197,301,284,314,266,249,279,157,271,247,226,233,228,206,250,140,247,263,233,275,236,193,254,295,189,246,214,229,91,278,173,249,237,283,273,289,295,210,152,312,261,312,181,333,307,260,207,317,96,239,258,275
"COG0688",81,127,108,116,167,116,226,149,134,114,223,148,116,173,118,61,183,132,157,88,123,204,178,199,160,165,261,103,51,179,73,153,156,182,132,144,192,107,204,130,172,97,142,106,128,165,167,100,112,189,152,57,134,178,134,155,73,83,169,177
"COG0689",33,101,17,1,18,51,26,5,12,8,7,90,10,4,1,118,10,22,17,7,6,38,5,3,3,11,4,68,18,13,2,24,29,12,13,11,4,14,5,23,30,4,37,23,11,11,27,11,4,4,21,29,11,8,19,17,104,37,40,9
"COG0690",1,4,1,2,5,5,8,2,4,1,36,10,1,1,2,6,3,1,8,1,4,5,3,1,3,7,2,7,0,4,1,4,8,3,6,6,1,1,4,2,4,0,11,4,3,1,9,1,1,2,3,18,9,6,4,12,1,11,22,16
"COG0691",109,98,142,77,152,128,94,160,105,127,114,59,100,146,117,188,127,123,125,92,116,120,81,128,119,95,135,109,116,127,127,112,103,146,112,167,132,144,120,129,99,89,93,127,133,98,128,149,102,108,79,146,119,148,97,149,135,133,110,79
"COG0692",81,114,128,101,152,138,165,138,104,120,163,77,98,182,81,199,148,165,175,92,107,157,112,135,105,143,142,85,125,152,286,97,165,178,95,166,148,93,176,126,108,65,207,145,81,156,157,144,120,135,104,126,123,139,85,142,233,104,116,174
"COG0693",210,163,231,239,218,143,199,153,202,158,221,213,196,176,185,180,195,172,210,186,173,163,185,168,186,236,198,178,147,252,152,190,189,239,207,173,190,165,206,213,168,198,161,207,170,216,177,192,161,164,261,187,200,187,212,155,57,165,161,172
"COG0694",7,21,1,4,0,11,6,7,8,8,72,72,2,3,0,8,5,4,1,4,3,1,1,1,1,4,3,10,3,2,3,5,9,3,5,8,1,2,2,1,10,3,1,6,6,6,3,0,2,4,9,9,4,11,15,7,3,26,17,24
"COG0695",16,45,0,0,9,37,5,4,4,0,1,48,3,1,0,116,7,10,0,3,1,1,1,1,3,6,4,14,1,2,1,1,5,2,2,1,0,7,4,0,11,3,1,8,2,6,0,0,0,3,8,67,0,1,0,16,50,9,21,4
"COG0696",260,248,425,279,342,228,511,423,347,380,445,266,312,317,297,116,379,334,397,352,274,454,450,366,395,395,592,321,320,312,401,407,268,459,391,388,526,355,295,341,319,315,438,318,391,286,340,448,395,470,233,157,383,472,329,344,231,388,319,467
"COG0697",533,1238,691,706,908,719,1195,687,1014,908,994,1024,678,802,654,759,955,1043,846,767,816,1222,1155,853,842,1054,1192,865,697,987,668,910,1057,1011,877,859,936,626,920,733,1064,701,981,833,809,799,964,702,823,965,940,910,939,878,812,752,1327,824,1527,1238
"COG0698",103,198,172,143,123,124,114,205,160,185,141,126,179,128,106,76,97,184,123,129,124,145,157,169,103,135,170,160,223,74,177,121,154,143,141,191,170,207,118,131,138,116,125,139,146,77,120,206,138,164,129,156,173,224,153,175,186,121,149,132
"COG0699",17,237,38,54,69,85,9,26,15,74,7,192,10,79,6,31,56,62,14,6,40,2,2,61,37,20,235,58,5,12,17,33,43,3,155,47,4,6,11,12,16,139,29,20,21,82,31,116,40,1,39,1,55,107,44,16,3,41,15,10
"COG0700",28,54,85,85,76,38,156,94,94,88,111,51,78,97,76,28,76,82,108,94,70,114,153,69,100,105,170,59,55,83,129,178,163,243,177,140,318,107,164,117,137,155,179,157,99,174,213,131,177,293,126,70,185,193,158,189,79,135,150,243
"COG0701",48,91,129,86,68,20,31,24,44,42,20,160,18,62,24,65,61,98,139,65,46,36,179,52,58,35,9,79,43,17,16,42,100,140,69,84,125,28,102,42,60,29,68,44,42,54,62,56,70,16,118,114,52,89,34,30,104,50,85,25
"COG0702",74,95,1,4,0,43,15,0,9,5,3,103,2,6,1,58,17,4,1,2,4,2,5,3,4,13,3,44,5,7,2,13,42,8,31,10,8,54,18,7,11,13,3,25,16,27,16,3,4,4,29,157,10,8,6,29,5,68,88,17
"COG0703",294,165,191,155,220,290,201,229,216,242,211,178,207,192,212,391,218,243,161,219,196,182,224,220,157,170,219,202,241,190,225,190,185,225,186,220,255,240,113,194,208,167,172,191,289,138,195,172,158,242,113,273,201,235,164,221,259,159,194,191
"COG0704",129,149,164,135,186,198,72,125,142,145,99,161,165,200,199,215,160,118,143,117,153,98,95,134,127,183,20,167,198,144,166,148,128,93,122,118,61,162,153,152,162,166,157,170,200,163,119,150,166,62,138,177,131,111,147,149,205,165,90,90
"COG0705",90,181,170,311,197,175,164,227,171,169,243,110,150,197,197,256,193,156,230,132,214,264,161,190,244,149,206,177,144,274,198,259,266,292,224,182,234,156,252,226,290,236,161,216,126,290,225,147,163,175,236,214,292,210,203,195,120,130,283,182
"COG0706",318,338,443,323,426,457,473,415,339,463,439,269,401,376,346,458,380,432,394,389,367,397,459,452,356,364,476,368,389,313,349,380,302,389,434,410,461,394,354,366,393,464,374,367,364,321,320,439,394,408,254,510,379,413,311,406,374,393,343,480
"COG0707",375,269,371,279,293,430,288,457,317,359,404,196,345,294,408,341,250,415,305,343,309,389,421,328,275,369,357,348,414,278,391,295,381,309,300,417,380,412,274,319,257,291,285,351,324,212,332,383,300,416,212,347,382,435,265,364,462,467,262,318
"COG0708",136,129,117,97,178,221,190,164,143,176,171,100,140,156,139,224,126,171,136,139,161,172,183,183,143,139,197,126,135,121,131,180,126,153,152,200,193,180,150,113,157,119,124,128,174,145,172,145,119,248,114,205,125,210,140,134,248,170,128,129
"COG0709",104,60,34,26,26,122,25,30,44,25,22,78,70,33,46,51,36,45,36,37,39,62,44,23,26,67,10,49,144,12,47,43,58,33,30,50,34,115,26,24,47,16,62,33,123,22,59,32,58,52,40,96,44,20,33,83,132,66,52,34
"COG0710",61,50,52,53,27,97,15,52,26,33,30,90,76,35,51,37,30,47,26,25,36,26,43,30,23,60,6,86,118,24,90,34,16,50,31,48,32,91,21,65,44,13,32,39,79,27,52,46,54,39,22,159,62,63,22,80,53,23,40,24
"COG0711",91,90,109,107,150,143,77,131,98,80,140,101,163,150,82,192,163,138,142,138,102,117,105,140,123,138,86,122,149,119,74,69,62,59,50,58,64,64,46,69,49,39,66,57,76,40,51,69,63,49,39,71,73,58,48,73,120,42,56,68
"COG0712",79,87,127,97,110,165,41,81,85,74,89,111,109,85,53,246,86,97,99,51,93,74,75,94,84,121,21,108,157,58,129,77,103,54,71,86,40,121,82,120,73,89,73,135,131,101,78,96,105,60,58,162,105,53,111,107,242,46,73,53
"COG0713",3,30,29,21,33,2,9,9,17,13,12,20,16,36,13,7,37,10,28,15,23,6,1,18,36,25,12,24,5,43,14,45,33,13,20,31,11,11,29,31,39,38,36,37,18,51,20,19,25,2,41,4,35,9,22,8,0,21,40,13
"COG0714",632,401,477,481,467,441,374,365,443,462,436,499,466,478,485,554,415,485,392,406,429,389,509,451,415,438,508,455,441,340,266,290,157,198,194,260,221,245,163,246,260,243,219,234,287,216,182,243,208,211,198,206,216,288,261,195,144,236,219,202
"COG0715",175,195,102,107,85,144,100,120,128,101,95,114,132,81,64,166,61,97,77,102,80,107,133,138,68,102,103,158,139,75,260,207,155,219,217,174,258,195,150,179,159,209,185,226,292,119,262,206,168,226,238,192,216,270,214,242,323,338,311,218
"COG0716",630,319,425,316,396,272,227,235,271,309,323,298,303,474,289,145,291,313,393,384,425,247,247,287,206,313,209,441,331,299,326,438,481,251,339,318,224,375,357,334,426,302,276,343,317,439,320,315,290,248,289,376,271,306,276,243,361,300,494,191
"COG0717",5,30,2,0,12,20,3,7,3,1,40,26,4,0,0,157,7,13,0,1,3,0,5,1,1,5,7,3,1,1,10,41,7,0,7,4,9,30,12,5,33,1,0,5,3,3,6,4,3,9,26,17,2,10,11,16,209,25,19,3
"COG0718",103,34,71,43,49,120,14,77,46,72,71,52,79,49,57,63,32,73,30,48,49,35,45,57,43,47,21,56,78,19,84,57,35,30,32,89,25,90,33,59,33,47,48,65,53,23,36,83,48,34,27,116,82,81,51,60,73,108,43,29
"COG0719",122,417,442,436,471,274,728,406,433,443,394,219,458,490,480,499,458,571,636,473,448,554,552,623,512,520,600,447,463,550,406,456,532,490,516,475,617,479,470,516,553,522,429,442,258,421,486,518,553,539,339,431,522,589,405,408,661,401,450,543
"COG0720",20,63,86,86,110,60,34,36,87,89,108,39,88,85,61,19,78,121,89,70,103,114,37,132,63,77,36,80,59,113,78,74,83,115,66,103,13,63,1538,94,69,53,76,91,30,76,71,57,74,28,69,56,86,87,96,80,37,45,79,53
"COG0721",67,36,60,33,52,82,4,56,16,50,21,6,48,29,43,125,13,51,23,16,34,12,24,38,12,10,6,24,63,7,69,25,15,28,13,43,25,50,24,44,34,46,36,34,24,15,21,56,41,26,22,70,45,69,20,50,74,53,15,11
"COG0722",231,329,108,94,122,241,19,83,64,85,114,306,114,66,98,566,43,121,42,101,83,22,72,104,100,84,34,171,232,48,118,61,62,51,50,84,56,120,47,66,103,86,65,102,61,70,48,99,81,84,73,327,145,112,71,152,254,117,167,85
"COG0723",33,17,0,3,8,4,2,8,17,18,1,15,12,2,10,10,0,4,3,3,2,4,8,5,2,1,9,11,9,0,9,6,2,22,5,42,10,40,13,22,7,2,7,5,10,6,10,13,5,2,7,9,26,18,7,11,7,52,4,6
"COG0724",12,58,42,91,95,8,45,42,106,43,5,1,79,120,133,17,131,14,86,108,128,56,4,40,123,101,8,53,47,212,44,116,81,69,68,15,17,46,132,118,39,100,70,101,55,167,52,19,85,8,96,0,26,14,128,56,7,35,53,33
"COG0725",80,54,39,25,31,102,22,27,31,38,51,116,55,40,46,48,34,60,22,31,58,73,41,23,41,53,11,38,106,20,37,30,76,45,31,34,23,82,34,16,40,23,47,41,131,19,49,41,39,42,45,100,63,34,31,67,155,55,83,44
"COG0726",603,553,582,551,566,470,301,564,474,527,341,505,487,571,586,234,455,507,502,626,617,384,309,508,455,470,270,634,704,489,709,503,384,430,483,576,383,610,437,634,403,568,446,517,468,670,439,611,489,341,509,574,624,531,520,506,424,578,443,361
"COG0727",91,16,27,10,43,33,1,20,9,5,7,33,35,2,19,2,10,8,12,20,9,2,13,22,5,30,1,20,14,4,12,12,6,10,13,18,2,14,17,8,17,41,9,2,67,6,5,19,17,8,7,46,16,12,7,6,15,33,18,13
"COG0728",54,194,21,11,92,185,35,20,26,18,100,113,35,11,6,412,24,50,26,9,13,18,21,14,11,19,3,73,11,28,33,24,36,26,17,23,18,16,13,5,67,31,39,29,31,23,40,32,4,13,43,34,34,18,36,43,168,24,51,50
"COG0729",22,69,0,3,1,8,27,3,11,1,41,117,6,1,1,23,17,1,23,8,2,3,0,2,2,15,7,34,2,5,1,16,18,45,14,12,5,8,17,2,7,6,102,16,4,13,75,5,0,4,56,35,5,8,1,50,5,13,84,25
"COG0730",81,40,35,32,49,91,39,32,71,80,217,58,64,49,31,48,50,65,53,57,55,119,88,49,45,109,31,34,81,34,32,50,142,39,42,52,16,90,43,47,41,30,103,61,114,50,95,52,41,40,124,115,43,87,54,77,308,63,110,106
"COG0731",6,45,77,94,149,16,175,105,119,111,135,0,63,121,99,12,159,125,134,112,125,132,147,101,162,125,180,62,44,169,86,125,136,167,130,90,156,54,134,110,132,93,149,86,68,164,125,66,107,121,119,14,111,114,119,93,8,56,116,124
"COG0732",220,415,404,391,437,468,190,787,595,535,815,186,297,467,365,161,549,619,347,344,501,436,759,598,288,488,577,391,363,533,482,414,543,879,266,684,1794,376,582,521,439,205,485,535,442,402,450,412,576,656,323,310,511,591,245,339,224,375,446,170
"COG0733",913,257,630,409,578,650,620,584,495,727,892,297,664,459,702,221,405,655,415,462,519,655,862,580,470,451,747,496,653,353,365,265,168,319,258,277,442,403,186,271,213,214,194,285,263,136,261,305,244,408,154,259,303,376,216,329,180,278,195,363
"COG0735",210,144,245,250,229,202,183,324,256,250,281,147,178,279,249,152,277,247,266,250,270,284,241,277,231,173,288,195,234,287,260,277,242,286,240,238,309,212,257,191,262,245,196,252,219,235,216,167,206,193,188,236,211,313,254,243,158,195,225,208
"COG0736",21,70,24,29,45,91,4,18,16,27,18,33,39,29,12,94,28,46,12,32,21,24,23,10,18,48,11,35,29,11,32,14,16,11,21,46,14,48,19,29,27,11,17,20,38,16,17,42,15,16,24,68,23,34,23,17,82,46,34,6
"COG0737",287,371,376,516,429,492,604,404,504,362,485,352,537,469,378,305,695,514,557,535,435,684,635,458,655,641,640,384,302,626,288,535,559,726,594,379,757,361,564,460,481,379,435,445,457,464,505,277,597,558,410,298,409,507,431,520,231,338,612,590
"COG0738",92,328,487,773,700,121,1164,700,646,617,840,65,456,835,743,112,1004,741,836,673,731,1321,997,777,1087,632,1210,454,308,1131,246,372,404,501,479,298,462,144,364,399,424,551,358,281,239,504,394,203,364,464,434,16,320,360,418,380,227,154,397,383
"COG0739",508,589,923,979,1090,520,672,1326,1133,904,1114,355,895,1154,876,364,1036,964,1062,1421,1149,1044,443,978,1116,1398,920,875,686,1311,1245,1321,900,1039,1075,1344,470,828,1085,1382,1242,960,1239,1080,1106,1150,1022,1453,1147,600,871,308,1180,921,1223,993,470,1243,1207,811
"COG0740",351,228,381,289,359,287,152,348,276,308,402,171,277,289,260,414,296,315,243,248,391,282,283,285,320,274,464,284,305,235,348,268,267,372,289,370,245,309,278,440,317,278,231,278,310,173,223,383,378,179,180,224,349,441,299,242,304,391,186,337
"COG0741",586,582,248,309,291,576,289,346,262,256,435,758,269,290,369,205,322,343,310,315,236,241,220,329,248,404,283,338,388,273,296,337,408,229,276,273,233,279,311,289,329,207,309,372,243,335,380,304,279,211,233,326,242,229,330,334,160,299,370,366
"COG0742",109,88,165,149,155,130,160,153,170,154,164,70,160,153,130,166,198,172,149,159,148,134,184,140,150,192,157,126,110,156,183,168,153,176,147,194,215,202,117,164,163,109,180,158,159,135,140,141,171,143,106,152,171,170,124,164,154,141,153,167
"COG0743",212,200,238,215,262,258,276,261,265,236,271,193,303,273,223,227,284,268,299,263,238,262,270,253,282,281,331,237,243,248,287,326,200,304,284,218,304,257,223,248,252,261,281,264,256,232,276,254,280,266,189,125,255,261,229,283,238,218,179,283
"COG0744",327,572,357,310,307,449,199,463,325,320,387,421,379,312,250,625,292,457,294,302,294,224,284,344,208,296,246,421,398,201,566,260,224,177,223,564,259,549,294,459,366,178,310,457,387,234,270,454,306,299,275,990,428,518,387,467,519,552,283,288
"COG0745",3375,2061,3586,5105,3810,2851,2635,2603,3452,3387,3408,2136,3086,4102,4121,2225,3751,3173,3595,3684,4305,4284,2808,3495,3488,3682,4346,3557,3397,4509,3224,3669,4505,3635,3282,3334,2485,3538,3733,4216,3392,4468,3121,3351,3262,4375,2989,3232,3687,4046,4483,2703,3859,3424,4350,3064,1769,3130,3069,3079
"COG0746",11,37,23,7,12,10,8,21,11,23,5,98,17,10,9,21,9,21,8,15,16,8,8,10,3,19,14,26,51,18,9,13,8,26,10,1,12,36,5,10,21,4,22,17,9,18,28,27,3,2,36,68,13,10,10,46,18,13,26,8
"COG0747",408,396,178,115,188,475,146,144,190,146,64,531,149,176,104,699,101,165,164,122,125,84,98,90,111,145,49,270,281,83,256,376,300,293,279,321,96,440,277,307,518,213,683,311,327,161,395,467,207,198,1063,774,264,231,352,315,1151,776,760,164
"COG0749",594,460,671,419,490,721,628,660,800,589,2011,378,455,563,456,687,411,604,525,506,439,478,705,581,464,520,797,515,376,367,1107,559,707,652,538,621,735,547,460,596,518,331,654,487,506,454,555,516,506,673,393,480,623,711,490,538,476,682,459,560
"COG0750",429,284,435,281,272,315,278,488,332,343,370,261,369,332,252,159,301,355,314,321,282,358,360,348,297,326,401,297,343,203,476,320,291,395,339,429,389,425,297,353,272,275,335,344,400,190,292,459,359,311,183,367,372,479,294,378,261,457,248,309
"COG0751",24,97,12,11,21,127,59,13,59,26,137,139,11,11,1,67,21,62,33,19,11,84,48,21,22,41,8,33,37,23,22,33,66,25,20,19,12,35,46,18,30,18,90,42,31,26,84,7,8,28,83,275,27,22,27,45,197,23,78,88
"COG0752",14,62,5,7,9,43,30,12,28,6,80,75,7,11,1,24,11,17,22,10,11,32,19,8,13,32,5,21,29,12,7,22,30,11,9,6,10,21,26,7,25,11,32,20,16,11,31,2,0,12,41,113,18,7,19,24,107,7,46,34
"COG0753",19,186,88,54,42,16,28,32,72,21,25,113,26,61,9,29,64,83,115,6,49,4,6,22,75,19,4,125,10,63,41,60,104,24,27,71,4,18,115,59,143,51,78,41,20,79,65,50,58,7,53,38,93,20,80,78,4,83,131,40
"COG0754",26,169,5,4,26,28,17,20,20,9,11,303,8,7,9,48,51,29,14,13,14,6,7,5,23,24,20,75,17,24,2,7,59,10,16,87,6,24,14,9,47,11,11,24,10,30,24,23,12,6,36,45,5,7,8,61,2,36,96,39
"COG0755",7,202,222,294,192,9,375,199,222,165,211,74,82,220,174,32,263,219,341,267,233,46,190,217,301,52,305,208,36,260,156,244,247,183,295,250,225,58,351,246,261,249,325,213,121,328,264,152,237,215,333,11,302,151,177,184,9,132,370,266
"COG0756",154,306,216,112,163,171,121,152,228,213,616,87,123,212,313,174,134,162,150,111,139,126,142,185,160,141,163,94,167,101,288,189,163,141,118,175,264,175,192,147,131,244,260,127,129,275,146,166,116,145,116,145,196,255,156,127,121,183,140,147
"COG0757",49,43,112,67,123,66,169,129,108,154,164,1,83,127,60,97,122,108,113,117,107,193,169,92,73,101,218,69,40,103,78,103,146,178,113,106,227,55,94,90,138,110,78,103,89,82,78,98,82,140,80,19,107,129,65,87,78,73,104,137
"COG0758",178,210,216,208,247,163,297,455,260,188,228,131,217,267,229,230,256,257,266,278,246,299,271,271,292,226,163,228,252,246,249,200,271,231,237,277,387,274,208,263,214,166,263,252,251,191,229,268,289,302,191,188,288,335,226,251,279,272,232,356
"COG0759",54,25,50,45,81,76,44,74,56,52,70,4,64,77,71,85,72,54,56,91,48,104,32,37,67,88,39,50,57,94,71,66,50,83,54,65,25,90,50,78,66,39,63,75,88,64,68,38,55,30,21,66,45,49,49,71,86,63,47,31
"COG0760",67,339,322,245,314,145,454,356,389,446,612,315,190,410,128,127,342,330,492,356,319,587,417,380,353,325,664,328,114,415,240,416,478,538,399,298,513,170,520,313,385,255,381,374,207,415,364,311,281,323,214,226,320,332,344,351,22,366,403,485
"COG0761",218,188,273,223,281,230,289,289,291,294,331,139,254,245,229,244,268,286,217,289,278,247,292,261,227,250,270,242,213,205,323,244,223,278,278,285,288,271,179,312,238,174,240,239,271,179,199,268,263,322,212,92,257,361,218,253,248,268,169,263
"COG0762",5,48,2,0,12,21,11,5,6,3,48,55,0,3,0,45,4,7,5,0,2,1,3,0,3,1,5,17,0,5,2,2,9,7,6,0,3,5,2,2,12,1,7,8,1,5,16,1,0,1,6,44,4,3,12,15,1,9,29,28
"COG0763",17,118,112,116,144,21,339,149,188,137,259,65,66,150,94,27,166,142,165,178,126,271,296,147,166,106,249,111,59,239,117,169,255,169,215,145,321,67,152,140,188,133,168,128,89,161,183,69,141,302,160,35,134,156,186,123,165,71,173,284
"COG0764",117,169,230,213,223,133,313,261,199,184,283,126,152,211,230,85,232,242,220,210,187,184,243,234,211,169,314,205,136,212,249,275,217,215,214,220,255,192,223,216,254,204,232,209,158,218,264,186,228,183,135,177,202,201,220,163,103,123,203,217
"COG0765",618,580,513,295,445,988,326,364,334,509,490,491,534,350,313,1325,189,562,229,295,311,376,527,381,174,422,307,531,493,156,516,322,204,257,346,393,408,535,186,358,362,400,294,347,476,122,327,580,342,501,196,1266,501,480,275,501,864,398,415,394
"COG0766",502,264,433,291,379,405,402,493,344,408,386,249,329,337,347,376,295,400,335,441,328,395,422,378,311,338,387,374,381,240,396,363,289,367,367,459,376,466,264,382,348,323,405,385,443,222,366,502,343,401,165,565,428,463,334,398,485,463,303,336
"COG0767",23,134,107,77,93,17,205,110,132,128,221,87,71,124,61,33,139,118,145,117,107,227,121,164,117,114,224,89,49,168,67,123,155,196,106,91,211,49,158,100,132,86,110,81,56,112,134,65,106,153,108,25,125,107,154,100,104,66,114,171
"COG0768",1182,773,1222,1111,1044,1507,1208,1483,1068,1161,1326,681,1331,1105,1133,1112,1098,1252,1007,1188,1023,1072,1416,1120,1021,1201,1256,1058,1410,931,1501,1054,959,968,1030,1484,1572,1507,860,1225,1102,947,1083,1146,1348,834,1118,1301,1152,1404,760,1245,1463,1413,1009,1212,1293,1407,1015,1408
"COG0769",568,346,473,360,396,541,503,510,352,394,498,206,337,356,393,689,329,519,365,463,304,421,517,435,318,394,474,411,452,272,558,405,331,425,341,646,434,555,330,480,440,316,387,415,404,268,372,564,400,437,239,614,451,570,393,396,407,736,342,406
"COG0770",324,330,505,462,625,366,839,635,583,499,664,172,435,583,477,474,627,614,603,569,505,651,780,560,618,567,856,396,379,660,511,615,561,711,639,550,790,477,573,559,623,490,588,580,478,573,562,517,558,661,348,374,487,671,546,552,396,472,517,732
"COG0771",274,232,329,255,301,343,327,356,297,294,390,198,327,286,253,367,301,322,299,306,256,366,329,353,260,301,368,247,338,260,391,284,330,368,259,362,333,343,268,286,301,213,313,339,307,236,330,378,305,268,242,323,366,352,246,333,341,363,278,299
"COG0772",827,495,732,608,598,786,693,817,661,850,823,455,657,543,745,546,526,815,555,637,533,703,775,666,507,622,816,626,749,446,833,664,660,654,635,810,801,906,543,650,679,533,625,644,707,440,648,841,586,781,378,742,736,908,597,683,700,807,528,719
"COG0773",346,381,334,280,273,352,391,410,336,386,517,326,348,282,310,423,298,393,339,378,289,441,499,329,290,384,404,373,353,272,376,297,297,336,331,357,500,380,321,294,318,255,297,375,326,281,382,382,281,471,243,384,346,469,292,359,358,405,336,424
"COG0774",15,121,111,141,176,19,328,192,176,150,236,66,66,175,128,23,193,184,248,162,145,189,214,190,183,120,355,153,56,183,109,214,230,199,196,146,204,75,185,146,201,174,194,160,78,198,260,97,174,166,173,24,132,170,196,156,138,74,185,199
"COG0775",120,105,95,123,167,133,126,136,96,96,84,132,117,143,135,132,160,100,125,151,118,97,92,112,169,152,109,112,109,146,241,334,243,230,251,236,234,231,217,286,351,282,276,323,268,285,265,204,257,220,250,224,259,255,215,273,129,174,266,275
"COG0776",124,215,199,261,369,140,226,348,269,306,308,159,206,362,210,156,254,223,243,222,335,311,214,270,250,238,277,187,167,384,241,281,281,320,316,248,405,178,297,300,246,394,249,258,195,329,311,165,216,225,331,122,203,280,230,177,159,276,313,264
"COG0777",216,78,114,67,97,195,22,146,93,131,92,179,177,118,148,123,55,121,72,82,114,37,45,112,37,91,9,107,279,41,138,102,55,63,66,163,53,220,52,95,45,93,107,121,136,46,75,140,88,88,79,247,161,109,97,147,86,80,103,80
"COG0778",524,559,515,536,692,494,615,542,684,536,675,359,415,612,500,390,654,655,762,570,594,659,702,586,628,556,720,510,446,734,440,627,663,793,725,470,782,449,729,548,738,553,609,695,460,612,665,416,627,677,556,426,564,660,637,529,357,433,573,701
"COG0779",83,70,99,52,67,113,22,87,53,69,72,92,84,60,91,52,30,72,27,66,60,42,59,60,33,41,15,59,84,11,106,39,52,29,41,115,43,104,36,71,48,73,59,61,72,21,38,92,57,56,37,121,63,75,43,83,84,109,43,33
"COG0780",24,93,85,82,118,62,141,93,114,70,141,79,71,125,80,28,140,115,101,93,92,97,146,135,79,97,145,94,70,116,106,97,119,123,91,102,146,69,95,111,97,80,92,106,69,109,106,58,85,122,92,42,82,101,89,104,114,47,102,147
"COG0781",80,177,178,128,186,131,155,192,180,180,159,77,113,179,119,170,190,200,190,100,142,115,146,133,139,129,204,116,93,140,159,149,228,165,158,177,165,130,184,138,200,101,114,154,155,153,154,167,141,119,124,128,113,197,154,119,120,166,110,137
"COG0782",217,242,239,165,233,283,241,231,197,245,275,237,196,221,196,233,177,231,161,177,202,194,224,262,149,179,219,267,223,139,219,182,247,203,190,226,271,234,166,160,201,204,148,197,187,155,173,218,167,285,126,265,212,267,178,213,136,203,201,229
"COG0783",33,72,43,72,63,29,22,29,69,34,32,69,25,83,24,71,54,26,46,72,110,11,19,55,64,45,10,59,11,53,43,85,63,40,55,32,13,37,120,77,41,136,57,70,28,132,48,19,43,27,69,104,21,18,53,36,6,39,38,13
"COG0784",2463,1053,1339,2234,1257,1595,789,1235,1323,1132,796,1599,1740,1111,1279,592,1038,909,1169,1300,1554,876,879,1350,1266,1375,456,1292,2153,1323,1805,1118,840,999,1148,1116,513,1497,1417,1646,862,1033,1008,1501,2163,1236,1342,1310,1454,872,1859,1353,1246,1079,1764,1398,862,1229,1006,663
"COG0785",36,16,2,2,5,5,5,5,14,0,2,49,9,8,18,14,5,2,4,4,1,0,1,2,6,9,0,5,10,4,1,5,12,11,6,9,0,2,27,3,8,8,20,4,21,2,12,16,1,0,56,61,0,2,10,3,4,34,19,6
"COG0786",75,78,130,121,91,73,88,77,96,88,56,386,129,90,106,26,77,114,106,96,126,26,60,139,82,138,30,145,116,72,139,123,60,77,62,77,45,124,52,89,51,77,206,152,107,85,100,89,115,70,278,50,106,65,106,136,65,54,86,61
"COG0787",119,181,217,153,205,132,261,209,197,194,283,145,169,200,174,157,225,228,263,184,146,298,278,207,163,187,328,171,167,238,434,467,399,511,418,407,602,409,415,446,503,295,371,424,379,320,412,417,391,571,290,257,397,495,398,380,329,435,429,506
"COG0788",8,35,23,63,77,15,17,35,26,21,51,57,21,89,48,10,80,8,59,48,54,23,2,31,79,68,4,41,17,90,30,74,51,27,50,12,4,45,74,64,27,59,62,79,46,134,37,16,77,3,78,6,25,5,60,31,1,26,51,49
"COG0789",621,449,281,228,348,561,147,233,374,331,204,568,317,283,312,653,233,274,199,281,234,239,222,334,241,260,157,268,464,229,282,284,284,237,253,358,280,459,360,248,292,277,300,354,274,181,250,234,253,274,577,748,293,253,298,295,474,374,357,165
"COG0790",203,396,113,204,203,118,100,185,253,271,522,303,90,201,133,42,164,90,99,119,138,53,134,345,117,180,91,268,147,125,209,88,139,90,135,284,145,156,103,162,187,128,126,122,73,166,102,145,112,142,204,48,197,270,128,127,15,279,153,119
"COG0791",283,284,375,215,147,442,46,197,197,284,105,373,345,203,221,173,167,230,190,163,215,109,170,173,191,264,45,275,460,124,465,455,313,237,399,426,154,792,279,476,448,559,356,489,790,217,306,689,585,494,345,703,441,370,443,540,682,582,327,220
"COG0792",40,89,105,80,108,88,85,151,121,106,99,60,96,101,114,114,147,92,122,131,122,103,86,122,107,108,96,104,83,144,116,97,107,127,94,114,108,106,81,117,124,79,82,105,80,119,70,101,107,94,93,41,67,124,87,111,124,87,84,67
"COG0793",406,518,1095,1384,1234,348,1904,1181,1176,897,1209,145,1193,1404,1282,203,1704,1039,1650,1444,1268,2005,1752,1111,1513,1586,1921,910,653,2003,788,1308,1370,1901,1748,1065,1560,773,1368,1315,1464,1103,1268,1251,918,1506,1498,954,1535,1276,1094,153,1078,1205,1360,1288,210,681,1221,1507
"COG0794",67,186,96,105,108,49,255,54,154,110,161,268,64,123,110,49,174,160,155,113,110,404,197,113,134,115,233,124,96,170,28,59,111,102,104,54,104,43,83,55,64,53,65,55,50,65,66,47,58,97,95,23,61,76,65,65,81,48,97,128
"COG0795",48,395,214,168,221,23,636,454,337,316,614,202,143,278,128,61,282,230,338,189,230,529,658,390,357,215,709,216,69,285,212,258,312,474,450,111,693,90,375,264,169,228,273,256,160,334,421,110,245,590,224,54,94,359,272,180,169,182,175,496
"COG0796",167,159,189,161,216,266,286,271,208,213,283,138,204,221,223,228,202,217,178,223,176,259,264,192,204,204,243,213,174,208,249,199,168,214,206,190,321,230,185,218,237,186,207,219,234,196,212,197,186,294,198,237,221,292,191,221,209,191,183,278
"COG0797",15,85,3,1,1,5,127,5,41,62,57,55,3,3,0,10,4,19,22,3,5,12,127,70,13,16,110,48,1,9,2,15,18,61,54,12,201,4,9,5,9,2,22,15,4,12,13,2,0,111,19,5,2,53,7,22,2,22,47,85
"COG0798",1,7,18,52,23,41,5,9,9,18,7,0,11,10,29,43,18,47,16,29,21,5,155,6,28,13,1,8,8,15,13,7,7,147,52,13,218,6,16,23,30,73,24,6,23,62,18,12,7,12,152,2,13,35,25,10,5,32,12,5
"COG0799",66,63,139,102,148,96,111,153,109,126,164,22,99,167,123,119,136,122,114,102,125,148,142,127,124,101,137,104,91,138,120,91,105,115,113,96,175,117,121,127,113,133,89,88,82,73,114,101,93,104,89,87,108,144,106,98,115,90,97,110
"COG0800",64,97,134,118,139,122,166,97,134,161,125,183,178,132,144,88,162,187,119,180,143,196,151,97,164,210,160,120,158,117,91,111,161,188,180,125,82,121,114,130,145,145,159,161,174,129,105,173,175,178,146,126,155,127,162,185,289,142,184,151
"COG0801",86,122,111,74,118,70,115,125,89,110,155,68,72,89,61,192,94,149,96,116,86,118,110,98,100,87,103,76,61,101,93,120,112,117,88,100,117,70,107,125,113,125,106,114,54,74,102,108,88,98,78,125,128,145,50,103,115,55,96,111
"COG0802",155,112,122,91,106,137,124,141,119,140,174,110,119,90,136,196,107,157,115,97,103,145,133,98,92,103,185,105,130,100,134,113,138,160,116,128,160,125,103,102,151,116,109,116,101,70,93,133,123,162,67,147,144,190,122,135,184,129,113,120
"COG0803",99,263,172,144,195,311,137,118,191,147,146,303,235,183,143,435,172,183,194,252,130,112,218,145,150,272,135,158,139,137,175,168,197,120,193,192,106,191,185,158,246,90,135,169,104,147,132,125,171,122,134,388,169,167,159,182,358,193,167,190
"COG0804",158,4,67,5,30,45,3,12,13,8,96,0,15,44,23,24,7,18,16,5,2,6,15,13,3,12,0,24,36,3,12,25,7,16,18,19,3,30,93,9,23,7,42,19,35,3,8,30,31,8,0,105,5,12,12,22,12,16,52,13
"COG0805",24,151,107,109,198,64,82,193,98,77,196,65,116,141,99,124,124,148,107,76,115,99,159,71,141,122,43,115,53,99,62,125,184,145,123,107,12,77,105,109,132,91,113,91,89,133,87,77,91,34,106,67,93,95,84,85,122,60,139,81
"COG0806",38,32,55,31,28,70,59,75,51,68,76,38,36,35,49,85,33,61,25,31,51,79,115,86,30,34,99,40,65,25,143,68,78,117,102,128,179,107,70,93,89,74,76,75,104,37,106,129,76,104,110,117,84,187,94,93,155,148,63,113
"COG0807",99,120,188,164,206,112,331,223,198,191,234,88,166,190,144,68,186,252,250,185,201,217,358,234,224,178,347,153,262,183,244,251,205,226,242,159,345,113,200,219,228,174,244,221,150,194,224,160,219,316,178,65,208,288,204,205,164,110,212,270
"COG0809",214,205,407,317,374,130,563,438,423,358,449,86,356,377,378,81,541,406,478,438,366,590,505,450,479,441,574,344,279,436,399,410,423,541,469,428,607,333,365,431,415,287,442,367,291,390,449,353,426,488,293,196,391,461,383,413,200,327,401,518
"COG0810",9,91,1,1,0,1,6,1,16,8,38,33,4,2,0,9,7,1,2,1,0,2,2,7,5,6,4,12,0,5,3,5,12,2,5,2,1,8,6,5,4,5,11,10,6,7,9,0,2,2,19,32,9,4,5,12,3,22,21,18
"COG0811",39,232,136,185,285,38,401,213,303,208,297,110,157,302,170,48,434,211,266,240,257,394,270,225,368,322,338,226,116,369,136,330,301,359,277,177,277,145,318,214,296,182,307,247,198,327,271,136,214,261,190,68,173,185,230,221,218,128,305,328
"COG0812",201,254,214,207,225,256,143,277,210,261,222,144,210,199,175,330,162,222,209,225,200,214,215,222,155,192,240,207,196,156,243,198,148,231,203,235,228,202,189,221,224,188,197,219,177,159,212,225,228,215,142,229,232,243,212,230,233,210,201,205
"COG0813",94,79,74,42,33,53,24,62,68,51,33,120,97,37,26,20,43,59,46,47,62,28,49,54,44,70,11,58,76,16,79,31,42,17,42,103,18,80,46,56,53,16,53,69,84,11,24,68,60,41,50,101,44,95,53,61,83,98,62,25
"COG0814",82,540,36,15,13,120,67,22,79,40,29,737,42,22,8,73,74,102,38,34,31,16,8,53,35,52,45,200,51,18,47,63,88,16,58,21,19,51,16,25,60,73,30,117,22,65,18,34,29,30,117,78,26,8,43,96,10,99,318,89
"COG0815",19,137,14,3,20,7,17,14,48,21,95,108,6,21,3,9,11,8,24,14,26,4,3,6,9,21,2,76,1,13,10,20,23,3,28,27,7,8,14,7,28,6,19,32,18,10,17,12,22,4,15,19,19,10,40,27,1,24,42,52
"COG0816",115,99,139,95,137,129,95,157,132,137,142,49,114,153,130,160,95,153,131,86,114,87,133,145,83,87,137,120,101,78,149,131,114,127,101,149,184,146,121,124,139,108,109,140,116,123,107,120,107,116,77,126,128,178,119,108,121,113,102,106
"COG0817",36,79,103,62,116,62,141,91,112,102,127,38,68,115,103,109,98,120,99,123,98,124,98,99,116,89,130,74,30,96,70,135,99,136,122,77,113,69,96,99,138,63,120,86,105,94,110,105,101,124,67,17,75,104,106,72,103,96,95,106
"COG0818",14,54,27,31,82,36,44,51,49,15,31,50,46,71,53,18,93,48,68,52,54,31,4,44,89,47,12,45,20,88,43,64,55,32,35,65,11,59,41,46,70,36,61,64,38,58,36,45,63,20,43,91,79,52,39,56,4,75,80,44
"COG0819",49,28,37,7,38,69,5,43,32,13,14,0,43,21,11,197,17,23,25,7,29,7,14,14,7,7,3,39,21,4,38,14,11,10,17,18,6,20,28,58,36,2,17,19,21,3,13,24,19,12,3,17,14,14,32,21,157,27,51,15
"COG0820",290,258,385,195,315,229,294,400,273,430,357,216,261,286,315,233,201,343,288,243,223,234,311,387,246,232,252,272,239,184,296,303,240,248,256,326,445,267,275,297,212,248,259,244,234,218,264,274,315,321,187,236,237,327,245,345,179,369,168,279
"COG0821",93,119,160,154,143,96,175,167,149,140,149,76,137,173,127,130,210,170,165,216,143,231,181,176,187,196,214,170,113,150,321,351,272,380,319,264,222,239,284,330,269,299,360,327,268,298,298,324,365,456,198,116,306,302,299,296,269,234,224,332
"COG0822",211,88,203,161,252,173,176,284,174,265,243,81,199,192,193,195,168,217,149,195,190,152,214,228,182,187,184,200,311,132,297,197,141,181,150,270,200,311,143,218,202,240,193,206,194,150,187,297,183,233,93,194,290,255,199,228,261,262,160,211
"COG0823",158,252,139,331,94,142,34,53,123,123,81,245,80,163,346,128,196,57,147,222,237,103,48,180,214,48,13,191,131,109,80,206,139,42,118,92,29,268,146,85,65,184,224,82,161,363,106,107,70,57,290,80,105,46,135,89,34,235,163,63
"COG0824",140,154,100,83,151,33,78,80,118,63,95,94,106,138,203,46,161,80,150,105,136,63,37,107,112,108,77,142,98,194,90,130,157,88,109,126,61,122,91,137,133,107,118,134,96,144,103,73,126,42,130,51,105,83,146,127,82,84,147,83
"COG0825",177,68,140,79,80,233,36,130,73,130,112,177,192,93,144,111,70,121,92,78,129,43,78,135,38,138,10,102,254,47,165,103,54,52,72,155,51,222,57,100,60,99,107,145,171,38,78,174,102,113,79,241,147,131,112,165,87,77,84,68
"COG0826",536,606,658,577,586,648,722,744,742,874,732,505,688,560,781,560,609,786,640,676,583,714,779,688,644,681,688,647,724,559,863,762,658,712,659,803,757,778,509,714,636,596,761,708,671,495,663,765,687,725,493,555,680,735,607,685,811,812,637,663
"COG0827",543,268,1251,893,756,817,258,1304,600,1018,735,315,1584,661,1079,820,703,727,761,1731,759,844,743,570,446,1326,315,964,941,635,1050,678,482,451,1017,787,683,814,626,528,1069,608,1243,570,1733,621,807,1185,929,875,507,637,873,724,895,918,664,1063,872,382
"COG0828",29,19,27,16,25,35,3,36,24,38,32,15,19,35,22,8,10,23,8,20,28,11,12,10,17,19,11,16,26,5,34,13,12,18,7,29,14,34,14,24,20,10,11,16,31,16,15,23,21,13,7,26,24,30,23,19,41,34,30,10
"COG0829",102,2,34,6,6,18,0,7,7,1,45,0,9,12,9,16,3,5,11,2,4,2,4,4,2,10,2,7,22,1,10,2,9,8,10,14,0,12,38,6,9,4,6,3,17,0,1,11,12,0,0,35,4,4,12,11,6,6,20,6
"COG0830",75,2,23,0,11,20,0,11,6,6,38,0,9,15,9,5,2,4,7,3,2,3,5,2,1,7,1,6,14,0,4,5,8,4,8,17,0,12,39,2,7,3,8,4,8,0,5,11,7,1,0,60,4,2,7,8,4,4,11,5
"COG0831",42,1,16,2,5,8,0,0,4,0,24,0,3,6,4,3,2,1,8,1,1,2,1,1,0,8,1,4,9,1,3,4,3,4,4,4,0,8,6,0,2,2,3,1,1,0,0,6,1,1,0,14,0,2,1,3,1,0,9,2
"COG0832",59,1,25,0,6,11,2,2,4,3,28,0,3,8,8,13,1,3,3,4,1,4,3,1,0,6,2,7,11,3,0,5,1,4,7,4,0,8,26,1,3,4,4,4,9,0,2,6,4,0,0,32,4,1,5,4,4,3,9,6
"COG0833",38,82,0,0,40,47,28,1,23,0,11,129,2,0,1,136,14,39,1,4,5,79,35,4,4,4,9,29,33,1,0,5,60,14,10,18,2,20,9,4,40,2,10,33,1,10,80,2,1,11,12,235,7,5,1,6,259,18,83,28
"COG0834",810,863,657,398,586,1192,393,474,501,583,720,906,680,495,419,1271,434,651,410,486,472,421,617,482,364,574,355,652,694,293,717,511,377,365,450,486,438,653,366,537,626,480,459,570,558,301,449,605,461,584,556,1652,518,548,461,691,986,545,723,564
"COG0835",14,43,162,85,69,59,6,117,37,94,148,58,138,69,52,3,15,103,44,54,97,38,31,128,10,42,19,98,183,11,192,30,13,34,43,82,40,71,10,134,34,141,54,85,30,24,42,68,76,63,24,11,156,51,65,148,13,32,23,75
"COG0836",51,182,304,298,235,116,601,438,323,351,449,124,367,220,251,43,283,332,385,256,270,419,645,539,210,255,753,218,296,312,299,206,364,424,389,309,718,180,260,306,326,394,263,297,322,239,304,212,268,585,314,38,372,408,240,333,9,123,370,783
"COG0837",16,65,0,1,0,4,2,1,4,1,46,63,3,0,0,13,10,1,1,1,2,1,1,0,3,1,5,21,0,1,0,2,15,2,4,0,0,2,2,0,6,3,1,5,7,7,0,2,0,1,10,12,0,0,0,1,2,14,24,36
"COG0838",13,56,32,46,48,12,109,55,43,50,54,16,52,100,48,12,100,49,72,50,59,88,52,57,78,56,73,47,18,90,26,70,78,76,72,43,93,35,58,65,78,38,60,52,34,63,83,34,53,45,31,3,37,62,66,47,4,19,64,68
"COG0839",12,69,52,81,79,11,182,86,88,80,69,32,87,125,85,16,140,84,130,88,88,141,82,96,175,99,172,75,32,147,55,109,93,102,100,44,115,42,95,89,93,105,106,78,64,107,118,59,104,115,71,5,57,78,82,80,4,24,81,127
"COG0840",91,401,1523,1017,635,314,62,1240,491,945,1038,921,1816,725,834,77,114,1082,705,976,950,303,510,1294,135,533,100,1079,3667,165,1629,268,173,698,601,562,496,960,292,839,291,1564,711,771,124,431,590,963,901,663,357,37,1873,457,706,2210,95,306,374,635
"COG0841",454,2317,2074,3349,2500,474,3709,2024,2755,1772,1043,1473,2161,2658,2189,627,3405,2096,4801,3165,2662,2860,1115,1869,4117,3455,1808,2522,1228,3747,1866,3718,2665,2810,3169,1714,982,1342,3626,2405,3221,2688,3859,3648,2564,3744,3642,1627,3360,828,3004,334,1832,1139,3193,2577,1206,1923,3303,2065
"COG0842",342,558,596,606,690,175,797,638,702,474,631,515,471,683,597,152,798,480,782,665,603,794,547,558,896,685,609,555,371,1006,681,839,592,636,793,480,671,373,695,878,691,707,755,657,480,949,764,354,778,546,717,561,518,643,808,456,181,536,806,609
"COG0843",12,81,0,0,0,20,6,3,3,29,4,118,3,7,0,16,4,0,0,4,2,1,0,0,2,1,4,35,3,1,1,5,5,1,2,0,0,0,1,1,1,1,0,6,0,4,2,0,1,0,4,8,0,0,1,0,0,5,29,3
"COG0845",759,1463,1477,2425,2223,408,2728,1652,2085,1472,1506,796,1831,2150,1947,481,2663,1651,2966,2233,2222,2309,1515,1863,3011,2616,1808,1628,1079,3168,1499,2645,2329,2370,2484,1496,1326,903,2693,2004,2320,2156,2594,2400,1724,3026,2470,1316,2186,1260,2148,481,1498,1458,2301,1807,828,1387,2486,1901
"COG0846",216,155,273,234,297,517,202,312,251,328,342,176,408,283,215,312,223,373,235,217,225,220,241,270,276,356,359,223,285,187,278,200,159,222,169,271,273,299,205,275,295,119,208,261,494,147,153,216,243,310,136,314,320,264,217,369,220,203,194,353
"COG0847",61,214,172,135,198,135,288,189,198,428,355,215,154,220,163,115,246,197,254,184,175,218,333,259,240,188,550,237,82,232,146,212,232,253,240,117,479,116,236,222,206,194,227,194,124,261,283,148,191,227,159,313,136,194,199,183,93,118,170,288
"COG0848",6,37,5,6,3,5,22,9,13,5,30,32,2,4,0,11,11,12,10,3,5,31,10,11,8,8,5,15,10,23,11,22,62,20,17,22,11,31,29,6,20,12,38,25,19,16,37,3,2,9,85,33,8,10,29,22,143,21,46,37
"COG0849",41,182,215,153,119,68,273,214,192,202,366,135,169,107,115,62,138,195,236,139,138,288,350,272,155,131,406,182,104,129,207,143,189,338,234,224,386,103,171,220,174,134,196,178,80,150,179,188,134,335,109,213,294,306,136,191,13,220,202,335
"COG0850",10,55,52,23,27,54,10,62,16,42,69,68,75,31,31,23,8,35,23,28,34,28,25,50,7,21,12,45,104,12,73,11,28,31,25,91,13,61,17,42,14,21,46,56,23,18,25,51,30,36,29,50,66,55,26,56,54,49,24,35
"COG0851",29,24,30,16,8,16,8,24,5,20,23,32,20,13,18,11,4,21,8,4,19,14,11,14,5,9,0,33,37,4,40,7,16,12,8,31,12,30,6,11,4,27,12,21,13,11,11,48,10,18,14,17,37,25,8,23,38,35,10,12
"COG0852",27,159,150,135,164,29,241,154,151,104,134,101,119,173,142,25,200,183,239,159,153,170,157,169,260,153,297,120,50,192,105,232,200,197,188,140,215,65,206,180,236,156,223,130,114,183,206,136,199,199,152,11,171,162,181,156,3,53,219,204
"COG0853",79,79,68,77,61,57,106,64,71,69,82,49,59,76,90,26,91,60,71,55,77,68,90,66,80,63,102,67,75,92,61,64,76,85,100,54,104,41,67,85,91,55,68,55,34,63,57,62,70,106,64,37,45,108,60,67,42,32,76,126
"COG0854",16,86,65,69,105,9,70,41,77,40,70,53,91,101,105,17,140,79,107,89,93,56,10,62,164,132,23,73,37,140,31,109,121,70,69,55,28,42,76,102,121,100,80,101,68,145,67,49,106,8,79,4,86,22,103,86,5,49,117,52
"COG0855",587,332,383,465,361,448,206,318,370,286,276,232,434,457,517,564,512,564,377,345,398,480,365,276,413,405,91,413,440,448,407,398,450,393,307,519,244,478,304,410,458,327,410,394,432,427,337,357,395,222,307,321,506,327,341,488,637,299,442,336
"COG0857",39,117,0,0,25,77,17,2,10,1,84,152,3,2,0,241,7,25,1,4,2,0,2,1,6,2,5,53,10,4,0,4,12,2,14,1,3,6,1,1,31,5,4,9,4,12,5,1,3,2,22,18,2,0,0,1,103,18,26,64
"COG0858",115,85,119,101,119,120,93,161,134,141,177,75,123,119,111,146,154,138,105,117,106,116,133,147,100,116,136,102,79,136,112,115,128,159,129,142,180,147,105,133,124,140,87,96,133,103,119,106,116,135,93,115,106,168,98,142,111,138,101,126
"COG0859",51,308,133,129,83,41,369,185,252,187,382,329,81,131,138,61,180,103,198,166,165,331,308,225,131,182,335,176,95,262,121,165,273,347,216,110,315,103,179,106,181,194,245,156,102,167,293,58,122,235,412,116,122,183,138,128,204,123,355,265
"COG0860",569,376,443,334,295,540,201,455,341,433,368,388,365,332,326,226,273,392,285,360,357,305,225,415,226,355,248,410,632,247,374,276,338,345,315,413,233,481,280,352,277,418,266,418,313,245,377,450,342,245,223,546,467,361,315,370,371,417,346,228
"COG0861",56,218,6,4,34,111,162,63,45,71,288,297,5,12,3,236,28,50,3,14,15,213,213,81,14,16,224,77,55,19,12,20,99,107,54,10,196,25,25,6,60,11,18,31,14,20,101,8,5,187,36,90,11,89,16,26,316,58,168,207
"COG0863",423,453,354,189,366,95,144,521,345,498,164,341,208,411,260,81,185,201,190,254,350,153,114,431,227,198,248,223,200,186,284,408,324,203,167,390,127,245,309,336,241,261,354,229,286,388,132,304,296,252,407,84,336,314,501,328,99,518,346,98
"COG0864",4,24,1,2,1,12,10,1,10,2,5,37,2,11,1,8,3,5,3,0,5,1,2,1,4,13,1,12,3,8,1,6,12,3,8,2,1,2,5,2,9,3,1,9,8,2,3,4,2,0,3,9,4,2,5,1,2,17,11,3
"COG1001",294,127,112,93,101,168,43,77,107,92,48,248,124,114,134,122,65,96,101,71,76,29,69,45,103,147,13,113,178,79,105,101,67,66,78,129,57,114,149,82,117,65,122,103,138,29,94,112,83,52,176,206,56,78,76,81,97,146,108,40
"COG1002",347,171,349,314,605,514,889,548,556,731,210,297,253,254,196,328,293,746,340,344,530,413,774,423,383,338,1018,459,66,285,205,143,439,748,512,323,867,209,252,223,379,345,171,370,524,352,234,263,182,461,289,314,211,405,340,418,309,244,461,103
"COG1003",25,326,169,199,193,29,146,227,229,101,57,255,100,204,184,38,246,177,370,198,213,152,56,108,281,237,26,256,86,291,60,159,97,66,125,55,29,41,150,123,100,98,148,115,71,117,152,87,143,17,148,5,42,34,146,76,116,98,86,62
"COG1004",87,288,331,417,494,261,207,421,426,281,484,97,164,290,378,251,400,248,487,324,404,583,317,417,366,291,466,317,208,518,343,395,324,264,307,339,698,257,414,322,436,485,423,327,338,668,308,204,473,210,318,252,290,379,477,277,268,291,317,318
"COG1005",10,92,110,130,103,15,231,102,134,102,117,18,82,123,83,14,152,111,182,126,93,154,126,105,173,82,222,98,38,127,65,145,139,150,144,104,207,45,112,119,138,155,141,100,57,111,132,95,110,179,84,6,85,129,115,92,2,49,143,185
"COG1006",0,0,2,2,1,0,2,1,4,4,0,7,0,3,0,0,3,0,2,0,2,0,1,2,2,1,1,3,1,0,2,9,4,2,5,6,0,0,7,13,4,4,3,6,8,2,6,4,10,0,13,0,5,6,11,3,1,13,4,6
"COG1007",32,111,160,144,167,29,309,205,131,123,178,49,108,173,160,23,254,154,210,200,149,340,234,197,261,165,275,118,60,238,83,182,187,247,223,154,216,77,164,179,200,157,168,123,93,195,234,105,188,196,148,11,111,160,163,147,8,56,200,203
"COG1008",14,137,166,152,136,21,286,184,116,132,139,92,61,156,84,22,222,173,235,194,129,184,179,205,272,123,333,141,27,185,125,250,159,191,212,127,293,59,156,163,206,165,227,130,87,207,230,148,204,195,121,3,130,159,161,136,4,77,181,234
"COG1009",27,272,203,160,147,16,434,182,191,169,253,190,88,223,121,36,259,187,285,196,146,330,342,164,264,210,451,166,49,218,112,271,176,362,330,120,363,69,180,180,172,132,244,194,101,191,241,130,253,372,115,19,114,253,157,159,5,79,167,353
"COG1010",39,17,67,117,86,70,29,63,97,77,39,10,84,80,71,26,75,42,61,66,87,48,43,44,97,79,10,89,112,26,96,136,55,79,81,61,20,82,56,84,58,113,104,151,118,70,61,76,86,48,78,56,83,46,116,75,103,77,43,40
"COG1011",343,329,327,382,464,472,463,414,431,394,497,308,372,417,491,524,452,384,407,495,454,521,588,353,374,397,602,281,361,512,245,410,461,627,532,388,563,474,430,387,444,353,322,407,382,462,290,377,387,401,385,363,381,416,365,372,262,349,375,543
"COG1012",896,876,289,330,371,781,353,288,454,287,169,1498,483,336,465,987,357,312,267,423,338,214,146,329,334,478,99,776,449,387,324,302,313,241,360,308,142,437,345,318,327,414,460,473,326,274,305,320,294,183,466,1076,288,212,370,405,348,618,984,279
"COG1013",662,560,813,615,719,495,1186,866,786,731,790,321,650,890,581,160,764,976,961,908,708,915,929,793,876,884,1085,624,941,719,806,857,719,896,923,805,1021,563,777,822,1012,633,1026,800,688,791,877,804,912,1015,668,238,716,808,745,870,712,763,735,1047
"COG1014",619,634,974,761,952,452,1255,944,907,926,842,361,772,1077,784,192,1135,1140,1170,1148,866,1020,928,974,1183,1063,1056,769,933,1006,912,1150,859,1058,1012,986,976,723,975,976,1205,761,1252,1017,874,1025,1049,880,1130,998,749,230,988,858,901,1056,696,857,908,1042
"COG1015",214,148,121,77,45,184,42,115,59,85,52,241,132,54,98,90,82,85,55,107,115,82,74,49,51,128,27,142,185,31,203,66,90,57,53,98,36,169,63,132,76,64,101,100,158,36,80,154,72,88,79,249,107,72,98,85,223,138,90,38
"COG1017",6,77,0,0,3,15,13,5,5,3,7,135,3,3,0,13,7,0,4,3,5,3,1,1,3,8,10,33,1,13,1,2,18,4,4,1,2,2,2,1,1,5,9,10,3,10,1,1,0,0,14,7,6,1,4,4,0,19,40,6
"COG1018",38,180,0,4,3,13,35,3,24,13,14,308,8,21,1,52,17,2,3,5,13,1,1,1,17,13,14,87,3,21,3,8,33,11,16,5,1,4,4,3,21,5,11,53,13,32,32,1,0,2,34,87,7,6,8,5,4,45,127,19
"COG1020",1019,169,271,141,184,306,39,178,224,235,172,537,295,189,404,472,117,152,117,144,218,331,87,93,209,204,100,215,373,142,114,99,121,24,50,103,38,174,109,123,91,85,78,156,102,111,63,110,159,174,164,581,71,84,134,67,72,165,172,55
"COG1021",8,85,7,2,17,4,6,1,12,0,4,134,6,10,0,34,6,0,0,1,2,35,2,0,14,3,3,29,2,9,2,2,22,1,7,0,1,3,1,0,33,5,6,19,3,24,2,10,45,63,16,21,1,1,1,3,0,14,79,17
"COG1022",221,458,571,679,873,509,924,711,777,629,723,52,649,831,691,1086,962,810,917,634,809,998,749,683,1003,873,1148,409,329,974,520,777,843,952,936,747,966,538,877,846,901,645,855,843,643,854,713,614,835,591,669,88,748,691,753,592,614,656,659,788
"COG1023",4,3,0,0,0,12,0,1,0,0,0,2,4,0,0,20,0,3,0,0,0,0,0,0,0,0,0,0,3,0,0,0,0,0,0,14,0,0,0,0,10,0,0,0,0,0,0,0,4,0,0,17,0,1,0,1,26,0,0,0
"COG1024",89,347,98,88,57,82,69,81,108,81,56,620,116,59,41,66,81,73,69,50,89,50,75,57,68,102,38,202,128,53,117,79,114,52,103,88,60,91,75,76,98,84,75,98,150,66,65,103,81,85,94,155,87,101,74,113,192,98,155,70
"COG1025",16,122,0,1,0,17,14,0,9,0,8,178,2,0,0,38,20,0,0,3,2,0,0,0,6,1,10,70,2,4,0,4,9,3,8,0,1,2,1,0,4,2,0,11,4,10,2,0,1,1,14,15,0,1,0,3,1,12,34,12
"COG1026",144,68,254,186,153,396,33,186,141,213,105,178,370,150,219,88,133,277,132,159,232,141,184,196,116,286,24,242,443,78,295,178,122,115,147,240,125,370,90,236,111,177,149,190,378,68,154,220,207,153,107,265,252,215,184,243,410,134,127,98
"COG1027",112,90,64,110,162,102,347,184,82,170,214,355,80,120,78,154,178,191,175,95,107,318,85,173,122,129,356,53,87,281,62,144,194,285,115,73,60,67,198,86,163,113,162,127,107,157,158,66,120,56,169,95,86,101,92,146,141,59,159,82
"COG1028",1092,1558,1064,1243,1107,961,1131,899,1167,1025,793,1507,1201,1165,937,1065,1262,1101,1179,1239,1191,907,1059,1015,1169,1258,964,1242,956,1072,1108,1311,1163,843,1094,1073,1111,1101,1072,1146,1269,1475,1123,1289,1251,1304,1055,1092,1269,880,1217,1026,1162,1063,1254,1054,1062,983,1723,1034
"COG1030",0,46,25,7,10,2,22,13,51,14,9,0,2,21,2,3,20,30,10,7,9,22,6,10,13,22,3,36,15,6,5,24,25,8,12,18,6,8,76,17,32,2,15,21,11,17,17,8,15,11,5,9,4,8,20,14,63,54,7,8
"COG1032",731,398,740,723,633,567,488,720,705,607,385,492,758,776,682,343,636,682,770,753,691,494,516,737,494,674,410,708,876,786,727,691,615,620,561,725,330,797,664,659,530,584,797,609,835,692,620,731,763,419,757,646,700,550,625,688,803,662,542,537
"COG1033",217,81,360,266,219,390,29,259,260,295,145,74,442,256,278,114,130,322,177,174,249,114,172,304,184,286,33,258,435,100,369,196,96,127,193,349,170,427,167,215,216,327,125,209,407,91,94,368,234,243,40,182,317,342,236,358,148,384,101,118
"COG1034",140,233,130,114,124,152,66,48,158,141,53,259,95,124,133,137,74,101,123,120,110,42,66,117,56,101,28,171,208,105,71,126,57,67,143,117,9,85,159,71,145,159,152,148,105,99,100,173,111,67,191,182,166,71,172,118,89,262,136,66
"COG1035",266,83,107,233,218,185,166,336,249,174,319,18,194,256,248,167,246,169,172,144,235,316,98,145,228,111,333,96,108,130,80,72,54,69,54,69,66,139,74,99,93,104,98,62,65,171,46,74,39,29,203,12,57,140,93,74,19,106,36,138
"COG1038",49,67,75,93,97,72,49,41,153,84,34,14,102,89,78,63,117,107,87,101,92,38,45,56,150,122,19,68,79,78,95,159,85,53,117,92,20,84,110,71,162,126,131,115,132,87,118,91,105,67,109,217,97,55,121,70,55,112,112,73
"COG1039",23,39,4,8,0,2,1,13,19,13,8,2,5,0,4,6,6,2,1,6,1,1,3,12,7,2,1,18,1,1,19,4,2,4,6,19,1,28,15,10,2,1,4,8,7,2,2,5,3,6,15,88,2,34,9,1,3,17,10,4
"COG1040",152,146,180,145,190,209,241,213,182,207,195,116,200,162,184,213,165,203,151,142,177,169,240,180,167,201,248,147,148,165,206,177,178,179,174,214,299,226,170,174,176,110,181,186,181,178,174,150,178,258,131,219,167,238,170,189,214,164,159,218
"COG1041",18,1,14,17,14,3,0,10,14,7,9,0,31,13,48,1,0,6,5,10,16,8,12,14,0,0,4,7,82,1,21,1,2,20,10,21,23,62,5,7,4,0,15,10,7,14,19,8,13,53,3,1,29,9,13,58,1,35,4,8
"COG1042",18,180,74,155,131,58,73,50,141,56,32,145,76,157,97,27,139,93,115,87,130,31,12,62,192,138,14,99,32,231,89,188,76,56,141,36,10,55,204,179,129,147,127,216,123,233,132,55,145,21,179,9,85,31,222,69,8,120,138,66
"COG1043",30,148,155,194,169,11,280,244,192,157,205,70,104,201,136,30,292,216,246,185,178,221,122,274,268,200,301,112,96,276,131,213,239,265,207,151,242,69,245,171,272,196,247,191,118,254,297,117,229,191,196,17,180,169,208,169,135,84,224,229
"COG1044",29,122,123,111,157,19,307,157,175,127,180,68,104,161,99,31,205,147,221,126,131,201,213,172,201,166,228,116,67,180,90,162,167,179,201,134,237,53,197,126,218,174,186,124,76,182,244,79,141,186,171,41,116,164,153,149,112,60,175,260
"COG1045",220,292,214,275,239,137,266,291,253,211,289,112,216,236,307,87,337,234,209,232,289,243,255,293,250,283,348,201,174,255,186,295,244,245,196,238,241,216,240,282,285,183,185,258,235,237,216,239,226,224,238,212,213,288,237,250,181,233,190,263
"COG1047",74,64,84,62,65,52,95,68,70,65,57,55,83,60,56,24,64,85,122,70,62,56,99,84,78,53,69,50,68,78,94,80,56,89,83,59,65,77,77,72,91,76,79,79,55,63,64,40,69,65,59,57,66,73,65,76,20,42,67,96
"COG1048",484,468,425,345,433,478,348,425,318,377,369,527,518,402,396,499,349,467,370,384,357,462,399,484,325,392,518,438,559,330,424,381,348,386,316,421,399,403,277,458,416,338,317,500,466,354,446,448,450,468,272,469,493,421,328,472,639,358,300,377
"COG1049",26,112,0,1,0,6,14,2,8,0,132,210,2,1,0,24,21,0,1,1,2,1,0,0,7,2,9,41,1,5,0,8,21,7,8,0,0,2,1,3,8,3,2,22,4,22,1,0,1,0,13,21,3,1,2,3,1,32,73,69
"COG1051",33,83,132,190,204,202,183,197,171,346,228,42,182,225,181,251,274,282,220,182,173,160,128,167,215,152,215,94,86,267,115,229,267,224,220,224,125,103,245,192,204,227,192,235,105,225,115,170,184,152,144,260,259,203,188,182,146,135,218,195
"COG1052",281,294,347,347,353,268,224,377,327,301,278,280,455,412,342,185,394,307,429,389,401,183,238,249,381,379,164,342,314,403,366,381,254,241,329,315,233,352,295,376,275,377,365,399,331,339,305,337,453,198,363,314,336,352,405,329,95,261,312,324
"COG1053",394,722,491,418,542,699,920,447,536,576,584,314,620,618,386,659,683,531,613,374,747,667,720,546,807,885,754,579,596,1011,579,533,538,571,722,472,784,499,377,565,606,312,776,651,861,373,1088,398,486,699,603,566,929,462,655,769,584,329,688,749
"COG1054",14,25,0,0,0,8,0,3,6,1,4,57,0,2,3,12,3,0,0,5,0,2,2,0,2,3,2,14,2,1,1,2,8,4,7,5,3,4,7,2,8,1,0,6,2,9,8,0,2,6,23,76,1,7,3,6,3,16,37,9
"COG1055",116,117,230,77,104,103,350,305,169,288,334,112,145,104,78,44,75,217,158,103,158,354,441,340,72,160,456,170,245,70,234,108,171,280,212,151,495,126,181,121,128,128,127,181,79,61,326,122,135,302,85,84,174,330,163,129,455,129,91,298
"COG1056",5,46,1,1,0,10,5,5,3,0,3,74,2,3,4,10,9,4,3,3,10,3,1,5,10,2,4,18,1,3,0,6,15,2,8,12,4,7,16,0,14,2,1,3,1,7,13,6,0,43,15,100,9,4,6,7,0,21,29,5
"COG1057",111,118,190,121,184,180,188,161,149,155,157,52,138,165,183,166,146,144,135,140,181,184,163,161,134,150,179,163,128,147,138,127,144,192,122,155,174,157,141,149,145,131,122,160,148,110,154,189,144,168,106,137,134,165,148,130,150,169,109,127
"COG1058",28,125,85,85,64,66,31,23,115,97,54,83,76,55,64,32,83,63,88,43,84,72,66,53,42,107,11,150,67,56,43,73,103,24,86,85,35,108,105,90,99,99,84,77,185,61,67,113,99,42,150,209,51,48,76,26,171,95,67,54
"COG1059",0,0,0,0,0,0,1,0,0,0,0,0,2,0,0,0,1,0,5,0,0,0,0,0,0,0,0,0,0,0,0,0,2,4,0,0,0,0,6,0,0,4,17,0,0,0,0,0,0,0,21,4,0,0,0,0,0,0,4,0
"COG1060",498,180,275,311,275,140,385,203,363,231,214,149,326,309,441,122,384,320,461,329,308,414,322,256,409,304,226,283,452,404,254,413,438,347,327,333,203,255,330,308,351,311,495,321,273,291,337,234,383,305,376,222,307,157,366,348,682,253,341,339
"COG1061",631,241,387,541,396,523,389,590,607,468,1652,204,468,538,654,656,451,453,398,371,440,448,1192,962,432,447,709,465,496,336,883,549,537,341,486,525,1053,722,352,401,435,438,679,424,472,503,579,523,361,200,246,788,629,863,259,350,477,361,346,878
"COG1062",9,57,0,1,2,38,8,1,5,0,1,102,2,0,0,7,9,0,0,3,0,0,0,2,4,5,4,27,3,1,0,1,14,3,4,0,2,3,2,1,5,6,0,13,2,3,5,0,0,1,23,18,0,1,0,4,0,12,46,12
"COG1063",967,625,331,305,477,672,414,296,320,441,345,1026,404,320,474,569,311,335,321,424,332,618,514,214,375,326,699,406,388,438,330,426,487,494,452,433,305,423,374,357,419,508,352,296,438,398,415,339,326,361,505,749,365,381,448,289,801,642,461,292
"COG1064",18,116,1,68,6,12,11,5,11,1,6,202,4,2,1,30,25,2,13,4,1,2,2,7,4,4,5,43,5,35,0,3,36,4,7,2,2,5,7,1,12,2,4,12,5,30,8,1,11,3,38,83,4,2,0,2,1,31,124,23
"COG1066",224,189,285,236,275,321,241,378,238,251,262,171,299,282,246,388,270,274,249,302,256,280,387,244,284,267,199,245,307,211,320,283,249,319,273,316,265,282,240,298,311,232,306,235,251,234,310,328,284,263,189,305,324,332,250,294,282,318,269,240
"COG1067",25,108,18,5,17,81,27,45,22,29,95,133,7,9,1,19,19,44,13,37,14,116,77,5,8,23,14,69,96,7,52,12,100,11,11,119,9,59,9,45,29,6,11,50,25,17,46,77,8,38,15,19,47,61,30,27,341,206,66,68
"COG1069",185,164,51,20,65,24,14,28,77,89,23,419,15,34,47,18,29,64,36,52,90,9,23,24,101,6,10,61,17,30,46,115,20,7,49,27,0,27,23,48,20,163,87,65,40,49,25,21,35,13,18,31,15,30,111,22,7,39,90,28
"COG1070",918,804,573,676,708,967,825,426,594,721,709,1152,704,622,665,1087,665,715,570,912,655,1250,1029,645,691,841,1003,715,890,592,447,627,903,761,768,691,602,527,515,668,706,808,652,637,535,813,671,628,631,797,908,716,685,612,597,611,1227,498,873,948
"COG1071",5,53,34,120,20,4,18,9,64,27,17,21,57,107,20,25,25,15,71,89,90,5,7,53,35,34,5,98,13,101,30,50,56,14,48,20,7,16,134,68,43,88,39,71,34,168,60,25,63,8,102,139,14,7,104,9,2,78,22,16
"COG1072",29,62,1,2,1,58,7,4,3,1,57,73,7,4,4,34,7,4,0,3,2,0,5,1,3,4,3,25,9,2,0,3,12,3,5,7,2,17,3,1,4,0,1,5,2,10,4,0,3,1,7,126,0,1,6,10,6,10,42,29
"COG1073",570,631,475,614,586,434,419,548,518,498,335,441,565,656,553,533,798,463,598,636,684,450,297,636,772,688,451,545,401,794,384,612,631,660,511,504,409,386,539,536,640,476,590,531,581,724,588,469,572,481,569,401,419,375,634,541,513,394,633,584
"COG1074",558,412,555,408,431,599,443,647,489,596,593,300,493,451,419,272,344,661,427,434,346,561,639,571,263,482,416,511,457,298,586,389,530,503,482,699,551,606,408,537,349,137,426,574,547,247,538,627,499,639,226,731,521,688,415,480,619,665,313,461
"COG1075",88,10,40,3,54,18,0,37,12,56,35,24,7,56,17,2,6,24,11,10,11,1,10,30,8,1,5,11,1,0,56,19,5,0,13,59,2,33,25,38,17,2,19,28,68,3,5,23,26,4,50,0,38,17,21,5,2,53,5,3
"COG1076",23,74,30,46,117,23,195,92,60,60,96,123,45,73,69,21,116,97,43,80,66,100,136,90,166,101,97,76,26,95,65,133,114,90,93,59,102,44,83,71,99,56,107,65,71,99,102,36,73,133,36,23,58,85,72,90,4,45,129,135
"COG1077",222,182,436,281,260,393,411,380,317,377,337,169,443,303,374,157,323,396,334,364,317,364,423,358,356,376,362,324,448,282,435,346,286,311,309,408,372,460,240,392,289,360,352,361,344,237,350,438,390,418,213,291,389,444,282,346,409,449,252,330
"COG1078",47,24,49,111,70,74,88,41,60,40,5,4,74,105,92,49,153,59,111,108,98,64,5,38,92,125,7,42,36,142,32,89,62,82,101,77,7,48,81,101,43,86,59,83,51,153,88,43,118,4,141,87,40,35,109,55,2,50,123,36
"COG1079",131,80,150,89,110,124,32,76,139,133,64,174,105,90,53,90,65,62,53,154,109,29,57,80,80,136,36,122,122,37,74,101,40,35,69,122,36,124,65,91,107,98,83,97,208,45,86,221,95,71,104,257,122,91,125,68,95,227,24,43
"COG1080",462,442,336,234,266,628,104,279,166,257,277,609,475,207,272,467,191,317,167,291,253,190,232,267,118,347,68,372,362,93,340,179,186,124,165,285,109,475,122,195,184,223,247,268,443,94,145,352,278,203,188,472,302,248,181,305,536,231,241,180
"COG1082",397,310,316,228,286,445,140,190,373,281,134,592,335,236,180,179,240,272,195,318,244,111,166,254,326,527,62,347,491,275,237,371,244,142,250,222,81,298,457,260,232,272,307,302,313,239,310,270,232,117,506,437,224,139,257,251,556,563,301,148
"COG1083",22,38,128,69,79,28,26,69,109,45,105,32,110,148,122,19,49,13,107,85,79,70,15,82,130,89,83,46,88,102,122,119,98,42,78,30,408,43,145,126,87,88,111,87,120,147,39,67,72,22,91,11,45,88,62,105,22,58,82,121
"COG1085",19,77,7,5,21,142,9,3,12,4,63,86,11,4,1,244,7,35,0,6,1,39,18,1,6,21,2,20,26,7,0,2,28,5,7,8,6,19,13,3,27,1,2,13,22,6,20,4,1,14,6,69,3,7,3,24,199,11,19,28
"COG1086",470,307,397,584,464,234,186,375,517,394,299,212,423,460,429,160,370,242,473,473,558,457,477,330,733,385,272,380,379,511,441,553,302,691,461,341,820,399,479,451,402,661,537,517,419,614,351,504,601,115,543,256,266,250,565,338,108,500,232,175
"COG1087",304,221,272,209,280,318,242,350,265,307,300,210,243,237,211,302,257,328,258,236,205,278,304,304,230,230,289,204,264,201,255,234,281,249,260,356,367,289,216,213,256,188,263,197,238,172,236,301,270,322,172,298,231,308,223,276,277,292,199,225
"COG1088",175,210,280,375,256,241,382,261,391,318,314,160,308,247,237,241,326,314,383,343,320,272,327,365,429,268,554,257,291,350,355,299,286,398,301,309,297,229,330,352,337,366,395,296,272,414,453,259,323,206,328,227,309,370,323,292,233,160,432,313
"COG1089",21,110,204,231,143,18,309,114,223,167,189,15,144,142,107,23,293,183,258,144,210,241,234,148,274,156,207,151,123,216,44,65,91,101,107,64,86,30,112,127,60,131,106,59,80,129,69,63,105,100,129,2,77,73,125,76,2,42,120,125
"COG1090",9,74,13,46,23,6,17,6,56,14,44,49,14,15,36,25,31,3,18,30,18,2,1,11,33,27,6,35,6,45,11,29,29,7,27,6,7,4,50,13,30,50,22,46,10,69,17,14,9,7,74,7,14,4,28,16,0,37,33,29
"COG1091",173,135,239,249,213,267,230,229,267,266,240,108,316,249,213,163,240,289,286,236,303,174,192,251,380,245,198,267,296,182,309,236,164,344,309,243,264,296,200,292,238,309,387,254,313,298,339,260,323,154,283,194,276,235,260,297,147,185,210,182
"COG1092",252,336,315,252,252,227,318,362,317,309,383,292,367,271,234,106,281,337,300,251,301,280,327,261,221,306,305,386,304,262,375,285,215,260,277,306,263,342,246,311,297,265,300,320,339,221,261,358,270,256,214,218,343,356,299,315,263,338,270,337
"COG1098",40,6,24,12,21,30,4,32,32,22,14,1,16,27,34,22,18,34,9,6,14,21,15,8,12,28,7,16,10,3,22,8,29,3,8,38,18,37,18,17,16,2,16,16,48,4,18,47,14,18,9,90,19,45,23,14,81,23,9,3
"COG1099",0,29,0,0,0,0,0,0,0,0,1,0,0,0,0,0,0,1,0,0,0,0,0,0,0,0,0,17,0,0,0,0,0,0,0,0,0,0,0,0,0,0,0,0,0,0,0,0,0,0,0,0,1,4,0,0,0,10,0,0
"COG1101",204,39,162,105,92,189,31,143,103,153,93,68,224,105,118,83,97,88,69,164,129,41,103,56,74,143,26,132,196,31,174,107,47,72,67,108,59,175,76,123,83,118,122,90,248,47,84,230,134,103,78,273,145,105,85,149,94,87,59,55
"COG1102",0,0,1,0,0,0,1,13,1,0,15,0,8,3,1,0,1,1,0,0,14,0,0,2,0,1,1,1,3,0,9,1,0,0,0,9,0,0,0,2,0,0,0,2,0,0,0,10,0,0,0,1,9,16,1,0,1,16,1,20
"COG1104",434,167,446,323,261,458,70,342,236,358,261,186,502,246,382,263,186,296,191,332,289,115,230,243,159,294,65,383,508,86,541,233,118,175,191,347,141,508,116,307,181,161,240,271,432,149,210,512,372,195,103,462,341,342,248,424,226,513,188,191
"COG1105",168,195,135,76,70,217,35,115,46,114,72,237,143,87,160,130,49,141,63,110,107,98,93,102,64,106,31,145,207,30,175,54,123,53,59,138,46,203,51,111,70,97,83,104,222,49,69,121,99,103,94,306,134,102,78,136,244,97,113,41
"COG1106",266,44,272,231,408,122,194,413,243,330,472,113,235,379,401,221,503,260,265,59,324,726,391,280,331,540,275,154,270,518,319,475,310,709,418,436,235,298,232,408,247,468,284,269,279,198,217,332,267,520,194,230,389,714,283,292,140,162,363,461
"COG1108",70,305,195,150,174,244,275,81,194,161,225,490,216,148,177,240,165,151,169,201,153,203,209,207,180,224,261,153,135,162,173,209,171,153,186,179,252,193,154,174,205,114,166,197,103,166,166,147,151,262,180,320,144,140,140,170,213,214,198,254
"COG1109",733,552,936,713,779,895,831,948,765,877,850,472,790,770,884,489,703,856,797,759,741,845,968,792,790,704,812,760,1080,605,888,810,722,713,739,850,807,909,706,810,756,577,878,714,993,598,820,1081,840,958,558,851,916,1000,712,806,903,975,595,725
"COG1112",458,569,499,794,843,380,872,1054,650,543,581,554,568,820,737,763,1058,929,885,782,789,798,933,1263,950,590,1310,484,557,754,406,721,895,815,939,564,656,429,691,630,629,594,554,784,334,1029,738,445,543,641,801,78,523,537,648,634,338,362,513,750
"COG1113",117,449,0,3,65,442,63,6,35,1,22,649,10,4,1,703,52,80,1,16,7,129,58,6,21,11,37,217,73,27,2,22,173,24,32,40,5,49,21,4,84,28,7,52,14,61,84,3,3,29,76,456,2,9,8,13,608,80,339,66
"COG1114",55,110,49,44,53,195,72,22,101,87,39,172,93,42,31,150,54,94,42,53,49,157,70,29,29,130,10,82,108,18,57,75,128,38,40,70,31,76,79,53,69,37,110,72,138,31,117,62,43,52,152,232,46,41,56,51,422,98,90,28
"COG1115",546,235,504,439,415,757,511,344,552,563,751,394,622,386,458,199,384,548,400,469,448,631,676,424,352,586,716,444,675,321,492,466,391,445,506,531,528,571,321,373,422,403,603,449,600,227,375,614,473,701,551,540,572,618,445,608,631,397,552,631
"COG1116",258,266,129,77,132,160,61,136,114,137,75,220,160,111,85,82,74,123,82,132,119,77,72,128,77,130,22,168,210,82,88,79,47,45,44,83,19,78,35,48,41,87,51,73,92,17,72,95,56,42,83,84,94,53,61,58,92,126,77,47
"COG1117",165,200,182,154,174,281,92,119,156,143,101,161,196,192,216,263,183,207,155,200,149,120,110,110,142,179,21,205,192,156,176,193,160,121,178,162,61,190,170,183,190,158,206,176,203,141,152,193,181,235,116,286,205,135,134,173,273,174,181,109
"COG1118",360,39,102,60,76,165,13,86,68,68,47,93,184,93,140,60,54,107,38,57,69,84,80,71,21,96,6,87,223,31,104,41,98,58,56,83,56,143,28,42,62,24,53,91,127,32,57,54,86,103,19,153,81,49,56,114,211,75,69,39
"COG1119",24,126,57,115,137,56,214,49,104,63,187,60,52,94,53,129,147,89,135,102,80,198,157,127,154,102,221,81,17,144,53,90,149,178,151,72,172,40,127,90,125,78,123,111,61,151,105,70,107,154,104,74,74,95,84,104,50,65,135,175
"COG1120",387,391,230,342,222,260,314,268,356,283,213,262,350,308,296,139,305,264,336,306,321,248,278,251,221,306,178,283,387,264,282,332,298,282,333,233,274,249,299,313,309,278,389,375,311,293,349,246,337,286,446,363,364,219,356,333,219,255,405,300
"COG1121",73,233,178,139,194,247,199,105,177,153,171,292,184,178,192,214,160,152,190,217,121,165,178,164,234,218,199,147,151,183,158,189,154,160,218,147,165,190,178,165,147,154,184,195,126,134,138,158,180,221,160,258,142,118,126,165,220,167,208,163
"COG1122",890,403,503,295,569,883,110,455,328,493,302,317,484,352,549,1330,185,524,243,549,400,352,369,349,186,390,96,403,754,98,492,314,327,179,247,523,174,645,262,327,738,291,329,409,609,154,320,592,320,416,211,1469,404,505,306,471,1421,779,235,195
"COG1123",84,198,28,49,155,289,19,34,63,45,19,172,125,39,58,830,33,85,22,35,48,34,35,33,49,115,16,79,61,27,23,69,67,32,62,42,30,62,42,51,123,21,50,72,50,33,83,35,31,49,36,136,61,23,37,64,507,135,94,42
"COG1124",27,94,9,13,11,18,33,8,15,6,7,155,20,13,9,28,18,4,15,11,13,3,6,8,19,32,4,55,55,21,3,12,20,15,23,3,4,10,18,7,9,9,18,28,24,13,21,8,8,3,46,46,6,15,19,15,43,29,77,19
"COG1125",51,61,8,22,10,20,27,14,54,17,3,87,13,7,19,54,16,6,23,11,6,4,17,14,17,7,1,38,13,2,10,40,55,20,17,20,0,10,59,7,18,15,51,27,34,8,35,8,12,9,65,235,2,12,27,3,98,25,22,11
"COG1126",475,398,359,251,333,679,177,346,297,380,332,411,390,269,245,780,192,385,195,272,321,170,325,252,157,320,155,415,397,125,419,259,178,196,249,309,263,496,171,239,275,269,267,251,420,143,234,465,281,375,181,902,313,366,220,333,531,407,308,262
"COG1127",15,99,87,89,110,19,202,115,159,153,205,110,82,120,119,26,165,110,171,96,122,205,223,160,162,141,233,98,65,202,56,168,164,172,165,88,246,68,176,105,157,121,153,128,100,165,123,63,129,146,128,22,119,123,160,84,149,63,123,197
"COG1129",1635,808,452,257,248,758,160,270,385,548,522,2116,408,197,430,759,259,229,189,312,302,175,259,267,296,428,116,660,817,141,441,303,313,237,303,262,116,472,270,281,216,445,350,298,521,213,435,805,280,256,851,1002,350,330,321,440,576,482,632,359
"COG1131",2710,1206,1379,1135,1292,1612,488,1214,1168,1152,832,1279,1436,1117,1837,1103,692,1024,931,1059,1203,658,907,1426,833,917,535,1220,1553,788,1713,1061,846,950,935,1514,675,1928,1111,1417,973,1107,890,1234,1128,997,785,1247,1332,993,760,2370,1313,1363,1267,1222,921,1627,906,525
"COG1132",4497,1845,3443,2647,2689,4633,1134,3089,2315,2570,1650,2106,4063,2448,3009,3890,1510,2841,1759,2838,2788,1484,2201,3135,1576,2452,1211,3211,4310,996,3682,2189,1373,1705,1829,3469,1906,4173,1926,2591,3133,2142,2308,2699,3515,1411,1750,3583,2837,2305,1782,4930,3249,2721,2485,3664,3044,3633,1838,1844
"COG1133",12,63,0,0,0,5,6,0,6,0,3,91,2,1,0,13,9,0,0,0,1,0,0,0,2,1,9,26,0,2,0,2,16,1,3,0,1,0,1,0,3,4,1,10,1,11,1,0,0,0,15,6,0,0,2,1,0,12,49,9
"COG1134",316,131,221,186,154,240,43,207,130,129,92,156,224,177,199,423,106,150,104,231,213,90,103,141,110,180,28,223,286,145,259,135,66,142,77,194,90,295,78,176,110,78,111,171,159,128,95,219,192,74,160,289,184,142,108,200,235,218,128,69
"COG1135",154,81,106,75,99,215,46,73,83,129,307,97,122,76,64,296,53,111,78,91,102,77,93,98,53,93,17,141,123,38,113,89,74,63,69,106,57,141,62,83,107,110,120,68,178,46,85,142,87,67,87,322,101,95,66,90,286,114,197,143
"COG1136",1793,1027,1509,1181,1494,1673,1120,1358,1168,1405,1169,533,1552,1278,1440,1845,1135,1339,1144,1218,1247,1193,1171,1429,1212,1278,1123,1224,1367,1079,1658,1164,877,1249,1034,1489,971,1666,1013,1546,1230,1158,1026,1322,1352,1020,1078,1364,1316,1116,826,1516,1359,1578,1136,1333,1008,1346,879,1009
"COG1137",21,127,84,87,119,24,178,94,134,113,221,93,70,127,87,39,149,107,154,77,105,187,141,137,139,120,169,86,40,171,27,58,66,88,61,41,105,27,67,55,65,51,66,54,38,85,67,28,50,63,64,9,57,57,55,46,30,29,70,76
"COG1138",30,204,2,1,8,10,33,13,14,16,6,294,6,6,1,33,16,5,21,6,16,8,6,11,30,38,3,50,1,40,6,19,22,4,20,8,7,19,4,7,14,9,33,25,23,23,46,6,3,3,23,45,24,8,19,55,4,26,41,26
"COG1139",24,82,46,83,85,8,296,168,101,83,106,61,76,93,133,23,175,161,124,107,111,232,153,166,133,116,238,72,61,198,56,97,228,140,127,109,146,62,100,83,162,87,107,95,72,113,247,70,81,139,120,78,116,110,75,112,281,93,147,154
"COG1140",21,109,0,1,3,12,13,7,10,4,5,166,5,3,0,26,11,13,0,9,8,1,3,4,8,18,7,66,2,28,4,9,24,8,5,1,5,13,2,2,5,9,3,25,13,9,21,4,2,3,14,49,8,2,12,3,3,16,61,31
"COG1141",3,4,7,11,5,9,0,4,2,9,6,0,5,4,5,1,16,3,5,3,4,2,3,5,4,10,0,8,2,0,4,3,1,4,2,9,4,6,3,3,12,2,3,2,26,1,1,7,1,0,0,15,5,12,4,4,2,3,3,3
"COG1142",65,343,22,11,7,35,52,12,58,3,7,560,15,9,6,74,54,24,27,35,13,3,1,21,26,29,21,140,14,23,4,19,19,6,21,9,2,5,55,6,25,8,13,26,11,27,13,8,4,4,31,21,8,3,11,14,9,50,43,14
"COG1143",17,111,61,70,43,10,82,45,52,46,56,102,22,55,49,22,66,73,85,61,49,63,36,95,63,16,113,54,13,66,50,72,104,55,69,72,46,21,83,48,80,111,57,53,21,66,60,39,43,46,84,11,49,58,84,48,2,34,94,77
"COG1144",16,4,20,18,7,6,15,19,3,22,90,1,4,13,13,1,3,8,6,8,4,2,7,7,5,10,1,6,36,8,39,17,6,10,11,33,9,12,2,21,5,2,13,9,2,2,23,40,3,4,37,5,32,31,16,25,7,28,8,44
"COG1145",771,388,541,574,505,538,260,354,526,539,360,399,665,514,501,235,379,578,563,742,480,375,232,435,415,423,231,450,706,406,420,579,419,420,429,521,173,441,580,400,487,480,606,493,490,540,465,582,435,184,703,459,457,378,591,547,400,888,450,238
"COG1146",61,97,57,29,82,51,62,57,51,30,62,73,63,60,63,92,66,67,61,60,53,86,40,95,53,58,70,44,71,71,41,36,15,33,29,33,29,29,27,19,32,22,25,28,23,27,21,22,35,23,17,15,30,25,35,36,24,39,19,20
"COG1148",72,36,32,25,26,55,22,15,65,26,19,0,31,25,45,23,11,18,52,15,46,7,18,20,8,24,19,31,26,6,29,45,17,29,23,46,8,38,58,20,38,14,68,35,28,25,32,56,46,10,76,71,36,17,58,9,9,76,39,39
"COG1149",0,0,1,1,0,0,17,0,6,0,0,0,2,3,0,0,15,0,16,0,0,1,1,3,2,3,0,0,5,1,0,4,3,9,1,0,0,0,12,3,13,2,50,16,2,1,3,0,0,0,0,2,1,0,0,0,2,1,11,6
"COG1150",28,21,12,11,9,14,3,3,26,7,6,0,10,5,6,3,2,3,18,5,13,1,3,6,1,2,0,5,10,8,6,9,3,5,11,7,1,19,42,6,9,5,14,2,9,8,12,18,10,6,23,12,4,4,18,0,2,36,7,9
"COG1151",460,155,312,268,235,455,468,183,224,292,258,208,420,251,397,180,200,252,228,239,322,466,130,238,250,320,405,260,451,217,283,281,241,162,195,301,261,331,176,253,272,238,272,276,265,223,248,406,257,450,340,297,315,223,275,307,296,262,275,142
"COG1152",158,4,9,3,20,61,0,7,21,40,9,0,20,14,24,18,4,12,4,19,6,9,15,10,4,20,3,18,14,1,11,9,3,5,7,15,1,39,6,7,12,10,6,9,16,2,0,111,11,9,0,55,6,18,27,12,9,40,11,3
"COG1154",427,333,504,404,586,467,662,542,439,512,628,177,545,544,514,425,509,560,523,618,464,621,672,606,590,485,616,438,425,474,601,543,398,582,548,531,687,502,431,641,422,462,570,615,454,453,590,501,546,708,406,318,507,611,451,512,447,384,406,622
"COG1155",458,147,213,240,276,247,97,140,232,205,67,146,227,308,353,172,271,233,239,246,195,99,75,155,328,211,20,192,256,305,158,341,223,149,274,274,53,234,274,264,276,166,274,234,244,279,193,278,271,86,183,267,248,189,234,217,93,310,233,115
"COG1156",354,107,190,173,240,189,95,127,207,170,54,146,161,205,310,140,180,146,211,193,176,79,71,127,236,143,25,165,206,236,154,283,139,91,194,199,53,223,234,214,192,191,251,190,207,192,174,256,205,81,213,190,126,158,281,184,103,285,148,96
"COG1157",21,89,92,27,35,66,9,68,37,48,89,247,89,25,46,30,19,50,32,34,42,22,21,72,16,36,10,72,148,16,115,22,17,10,33,45,13,58,20,73,23,90,49,41,20,40,53,33,61,30,57,10,86,36,64,82,9,28,15,46
"COG1158",194,274,252,192,205,271,201,234,128,161,236,168,176,171,167,307,174,245,259,176,141,270,333,241,131,167,300,253,166,125,199,148,249,286,281,240,180,171,177,211,175,188,158,254,154,142,234,212,160,259,115,212,260,262,200,236,144,234,174,172
"COG1159",144,158,210,156,182,203,196,207,217,265,301,118,203,191,156,266,164,245,188,218,182,224,296,264,151,176,261,186,177,134,238,189,205,243,196,241,328,240,204,192,203,172,209,205,200,175,175,204,181,252,152,210,236,294,163,201,214,270,178,217
"COG1160",454,337,410,439,428,431,448,401,427,409,411,204,447,477,473,469,475,470,431,419,437,482,524,467,402,401,398,417,456,447,411,430,481,437,421,535,482,481,392,422,421,404,499,390,418,415,405,404,439,465,447,390,458,450,411,460,586,467,407,419
"COG1161",115,36,134,84,68,207,42,134,67,150,86,33,120,57,118,85,59,94,84,88,98,55,51,72,31,87,20,102,148,22,180,65,69,47,55,162,43,169,51,127,58,90,96,87,141,37,48,156,82,88,74,311,136,165,67,117,94,181,53,33
"COG1162",156,177,232,229,184,193,255,254,273,248,217,154,226,200,221,111,209,219,221,200,219,201,242,230,187,205,267,219,177,193,281,185,216,195,246,259,269,268,205,242,237,179,213,179,192,245,238,250,211,245,254,213,243,262,227,210,62,302,211,231
"COG1164",147,95,212,189,165,375,38,193,154,191,82,90,247,165,127,110,78,167,125,163,184,55,76,172,97,184,24,233,213,54,230,147,63,113,87,232,76,374,144,180,172,99,140,144,257,55,68,408,151,144,128,445,248,185,178,202,78,287,76,70
"COG1165",56,128,111,179,199,73,374,227,213,329,190,106,92,178,151,322,153,287,183,68,152,298,299,180,212,99,640,96,121,241,52,141,108,123,110,90,165,71,61,37,88,129,86,79,32,124,107,33,102,157,109,25,124,133,105,112,114,48,93,215
"COG1166",22,228,179,232,177,17,380,255,181,161,303,164,109,215,126,35,241,196,317,279,166,278,293,268,295,142,450,194,39,261,137,253,290,330,253,147,351,67,206,175,284,172,212,160,82,255,285,127,210,327,141,20,190,188,183,164,11,77,219,339
"COG1167",636,371,435,258,385,617,78,375,295,445,292,353,384,281,401,414,157,396,198,349,345,189,221,363,169,312,99,422,482,235,438,261,239,148,226,380,162,452,227,258,329,284,248,352,455,185,222,419,330,279,539,427,380,308,261,311,441,395,527,177
"COG1168",176,357,371,373,398,405,574,379,303,315,330,363,399,406,334,535,469,360,330,375,397,422,351,360,419,398,375,322,436,488,322,375,382,453,406,289,454,365,323,329,444,375,381,361,305,396,431,239,334,437,570,465,337,334,367,394,610,266,515,402
"COG1169",28,121,72,79,76,15,190,66,70,105,154,151,55,126,78,27,142,93,130,123,65,143,164,86,103,88,202,86,28,163,29,68,108,202,184,96,154,61,91,83,103,69,76,77,54,135,143,53,129,165,94,28,70,108,55,91,4,65,126,164
"COG1171",327,278,242,162,172,244,230,157,154,223,283,385,237,163,216,288,162,233,141,141,162,304,209,199,173,263,188,272,250,176,202,165,210,259,196,196,146,247,142,155,179,156,236,169,250,110,184,227,201,215,259,296,256,246,138,201,349,218,256,271
"COG1172",1106,431,253,144,140,436,114,113,194,340,288,1263,216,108,235,465,125,132,120,143,165,76,166,191,134,212,79,355,659,91,208,158,175,152,173,141,71,325,145,121,93,190,259,170,213,156,267,483,144,115,611,687,186,217,187,187,254,354,443,225
"COG1173",581,474,324,236,355,670,156,216,255,280,89,621,376,245,223,807,269,271,201,231,282,195,257,174,278,359,66,415,475,96,139,147,98,97,100,138,73,247,107,116,197,93,155,127,238,44,166,167,119,89,185,317,143,103,141,161,407,225,200,83
"COG1174",68,102,9,19,8,25,36,9,55,10,16,144,10,8,7,44,15,8,25,10,16,2,21,12,23,11,2,47,15,3,17,35,43,12,23,16,1,31,50,17,10,17,50,38,39,20,37,14,17,7,125,154,1,4,32,7,152,60,55,9
"COG1175",3194,1071,1118,585,913,1737,116,862,476,1274,420,1411,972,525,1015,2988,396,696,445,580,906,298,535,606,524,617,191,1147,1670,230,826,481,297,456,505,886,400,1281,733,663,721,1419,531,608,892,346,555,1723,666,681,664,1656,1076,676,461,963,1676,986,484,332
"COG1176",195,148,205,167,126,175,203,156,154,251,189,248,206,151,165,93,185,155,153,175,163,174,191,112,199,180,191,217,199,150,179,167,104,180,167,173,54,171,133,172,135,232,149,180,177,152,99,235,191,220,180,232,187,217,141,220,80,189,254,209
"COG1177",325,194,201,157,190,248,162,155,150,201,179,289,185,147,214,167,151,207,167,148,162,172,194,97,202,163,177,189,182,131,159,255,155,133,189,164,54,201,124,156,217,165,217,216,217,131,107,228,185,218,160,256,201,198,159,220,89,227,264,213
"COG1178",48,170,109,89,47,98,63,90,146,167,48,363,144,68,37,20,81,58,83,93,116,77,71,82,112,208,22,153,85,54,90,103,100,48,101,71,58,45,104,87,42,124,145,49,72,37,166,264,54,63,482,75,119,105,114,137,235,175,167,64
"COG1179",143,111,180,155,143,149,189,191,164,166,178,71,160,160,188,63,155,200,187,160,135,194,155,158,157,187,200,141,221,140,196,149,179,144,154,199,167,171,102,166,163,122,177,172,191,100,167,198,163,186,110,130,171,220,119,180,150,226,150,159
"COG1180",401,366,205,225,188,289,186,294,235,252,274,444,267,210,198,432,174,291,164,201,225,220,288,428,206,231,524,230,270,233,263,232,239,155,306,274,361,240,260,204,200,205,207,260,198,196,261,242,195,186,293,446,236,304,228,225,404,348,240,279
"COG1181",315,340,298,198,211,359,283,292,279,267,304,307,228,237,290,360,215,344,215,186,209,242,333,297,186,223,301,259,284,161,309,254,276,309,255,310,317,263,248,222,317,214,239,252,250,263,267,312,216,296,200,415,296,384,220,292,288,322,220,280
"COG1182",6,23,3,3,6,14,7,6,18,4,8,15,0,2,6,17,5,6,4,6,8,5,3,6,6,3,0,27,16,3,2,7,3,4,8,4,4,5,3,2,1,5,3,14,7,5,5,4,2,1,2,41,3,4,9,14,2,12,29,4
"COG1183",69,64,100,124,156,68,171,143,115,107,142,17,114,166,149,38,193,126,131,124,125,154,200,169,161,136,184,83,68,211,111,122,166,181,166,125,184,88,138,119,145,116,118,123,91,162,158,96,124,188,109,60,109,214,117,138,112,74,154,145
"COG1184",4,6,0,1,1,0,1,0,3,1,4,0,1,0,4,0,0,0,0,1,0,0,10,0,0,1,0,0,0,0,1,0,3,1,1,1,0,8,2,0,2,1,0,0,0,1,8,1,6,1,0,0,0,4,0,1,0,5,0,0
"COG1185",390,402,556,378,480,402,584,487,418,473,492,276,461,434,407,425,429,472,529,486,427,481,594,493,454,497,449,509,490,400,500,450,504,450,567,489,575,526,411,437,456,458,511,393,484,376,502,594,441,548,344,449,561,606,413,465,665,562,458,569
"COG1186",277,265,286,234,268,283,297,272,255,265,328,224,260,241,226,292,288,304,263,306,221,286,304,276,265,310,350,251,262,260,291,280,230,336,245,278,315,287,226,261,271,212,248,249,268,232,317,373,263,301,195,221,291,301,269,306,297,348,223,261
"COG1187",285,278,281,217,249,344,228,262,210,274,262,283,260,227,229,267,174,352,208,209,191,225,192,247,176,237,156,300,235,113,307,257,246,230,208,320,178,351,221,225,281,208,217,273,272,126,255,371,212,201,139,424,369,420,228,313,178,332,266,237
"COG1188",63,54,106,74,77,82,101,80,88,99,77,83,102,73,74,45,79,81,71,82,79,37,71,105,75,89,62,63,55,89,60,76,102,64,102,98,96,82,94,73,75,59,81,79,64,66,75,74,71,84,58,102,89,86,52,84,31,70,103,88
"COG1189",160,71,129,66,111,207,27,77,66,123,68,34,121,72,88,153,35,124,55,92,99,50,72,61,56,74,26,113,137,33,164,81,36,40,44,104,58,145,53,89,92,83,70,86,135,29,52,156,84,88,49,172,105,78,76,99,158,103,46,36
"COG1190",316,460,382,332,389,335,527,399,365,334,402,383,366,367,371,394,415,418,449,437,346,367,416,382,366,466,425,376,315,375,393,430,374,307,385,430,372,390,331,371,447,340,397,400,426,359,410,434,394,417,282,387,423,426,360,390,407,435,391,421
"COG1191",497,176,507,316,308,530,33,473,264,406,294,270,529,312,436,146,208,390,186,345,284,108,241,354,163,294,94,393,554,90,602,241,130,124,184,581,194,645,151,397,207,189,211,347,526,128,169,520,326,219,116,225,467,472,266,408,207,631,158,120
"COG1192",618,844,672,579,630,926,526,593,751,732,1008,627,862,580,657,853,605,706,518,757,687,576,728,699,567,647,994,613,785,612,596,740,490,549,650,768,607,693,387,852,675,442,545,693,921,320,533,735,689,832,340,814,637,755,589,656,533,712,552,781
"COG1193",419,229,497,384,336,449,464,482,452,490,463,215,442,386,418,246,360,567,497,384,348,413,625,500,337,281,574,359,461,264,548,342,391,484,453,497,628,517,433,477,380,290,391,363,455,306,401,534,414,582,337,528,462,527,375,492,233,611,256,415
"COG1194",139,161,121,152,152,199,177,102,191,142,124,121,154,145,123,241,156,173,129,153,200,202,167,116,120,176,164,170,146,175,139,144,176,185,193,155,162,181,160,162,164,152,164,181,186,132,116,163,191,167,119,263,163,130,168,165,106,115,141,176
"COG1195",385,220,294,235,350,405,260,444,318,345,388,198,287,304,326,414,315,328,328,293,273,347,359,326,279,291,291,287,347,307,297,289,334,378,284,338,375,322,286,276,298,271,258,322,293,274,293,276,299,295,220,428,328,317,253,295,351,297,284,260
"COG1196",465,141,359,231,290,566,82,396,241,405,208,143,467,223,342,388,111,338,190,348,233,202,235,304,95,329,55,340,509,74,633,231,241,107,150,468,157,679,172,391,200,168,302,277,466,111,225,548,301,242,189,605,467,395,218,308,463,567,146,118
"COG1197",612,542,680,518,588,866,774,569,604,724,774,333,687,564,594,804,473,784,624,692,539,719,828,667,446,573,694,667,742,401,763,536,599,615,655,707,807,767,610,571,472,359,616,661,681,497,598,717,592,849,343,949,617,735,599,693,893,769,497,696
"COG1198",515,381,453,364,448,498,512,444,479,453,618,273,476,452,484,525,403,514,489,489,382,578,609,512,396,444,522,400,522,413,484,404,458,531,459,523,560,563,390,460,441,297,507,427,410,336,412,512,528,567,301,550,518,559,416,553,490,518,425,478
"COG1199",450,319,270,138,182,422,66,200,111,257,183,414,309,129,150,172,98,190,140,151,176,121,138,132,73,212,22,301,461,45,205,152,198,101,101,214,113,334,103,179,125,78,146,202,264,86,138,341,153,156,126,474,263,170,149,215,294,197,191,121
"COG1200",383,377,423,346,410,434,491,461,377,399,504,308,347,348,371,640,331,488,405,388,299,469,500,380,315,373,466,399,404,315,483,369,370,432,403,494,478,450,331,381,347,299,354,393,386,317,398,467,405,521,281,486,389,499,392,390,538,471,325,508
"COG1201",70,200,6,1,109,219,15,12,26,7,115,329,9,4,4,656,12,96,0,1,7,0,9,0,18,5,7,37,14,11,9,5,11,0,13,16,4,4,20,4,63,8,7,30,12,16,22,33,21,7,58,25,2,5,4,1,269,72,5,71
"COG1203",424,113,243,109,310,451,234,135,110,288,202,271,271,323,113,633,226,189,117,170,240,160,275,482,141,154,166,177,235,47,120,166,114,105,122,290,76,291,176,239,183,156,100,166,305,163,126,140,233,351,192,252,178,163,141,169,496,231,35,306
"COG1204",220,99,65,82,45,5,43,161,67,82,42,22,62,191,34,22,10,34,40,43,115,38,12,92,42,137,142,51,34,115,59,63,144,141,19,153,35,68,199,80,117,48,58,153,52,117,36,36,54,13,28,73,83,61,101,69,28,94,85,60
"COG1205",335,87,74,138,61,187,176,109,251,451,351,9,75,22,6,15,21,270,105,6,71,6,631,13,119,15,480,167,12,50,16,24,192,191,302,254,45,86,26,96,180,81,77,86,41,136,62,52,64,31,379,14,118,49,147,79,10,177,43,49
"COG1206",67,36,65,40,67,89,16,82,68,73,53,3,65,54,50,37,58,80,39,87,54,56,36,43,23,71,20,72,43,10,78,46,40,17,42,105,34,118,39,68,52,12,71,35,131,14,31,140,50,33,39,147,75,56,53,34,129,166,29,34
"COG1207",83,112,70,44,98,173,49,61,78,56,127,124,49,53,65,249,43,134,33,121,35,94,76,54,31,65,26,71,105,38,76,53,68,61,50,90,41,118,53,62,60,21,86,68,90,42,73,82,47,51,72,219,54,83,49,81,301,131,91,82
"COG1208",110,85,267,376,447,42,267,294,285,356,324,97,311,399,371,36,429,260,329,307,328,228,416,309,300,320,275,171,239,536,196,340,303,369,489,278,737,209,275,249,348,314,340,319,337,351,358,234,285,195,271,10,334,372,260,250,98,242,299,321
"COG1209",128,219,215,297,209,144,220,247,284,202,165,143,229,197,184,176,269,214,255,185,253,107,175,205,258,173,463,213,199,236,258,210,158,236,227,220,304,221,222,251,279,317,277,224,207,271,297,223,249,206,239,201,237,231,203,227,130,134,343,215
"COG1210",96,144,43,30,51,139,173,52,79,114,208,203,57,30,38,82,40,115,54,70,43,213,215,108,59,66,178,56,36,14,33,26,54,138,86,40,262,83,37,31,57,22,65,62,100,26,47,27,32,219,55,136,31,105,34,49,142,70,108,155
"COG1211",341,195,287,292,315,264,373,287,239,279,321,105,248,245,299,258,244,285,207,300,242,330,380,305,234,194,460,232,268,209,323,268,217,444,269,275,418,314,246,353,256,208,206,280,182,221,241,204,272,396,195,193,253,331,237,272,252,243,180,360
"COG1212",9,53,50,34,74,8,80,26,61,71,94,30,27,65,37,19,69,47,79,54,51,61,60,52,82,48,71,41,22,70,65,137,147,139,162,81,181,70,125,96,114,107,135,110,81,155,93,123,97,143,121,32,104,118,128,75,139,69,105,147
"COG1213",3,43,36,31,9,4,50,37,37,22,4,5,15,61,26,1,58,36,27,18,70,1,6,64,16,7,3,42,8,43,13,16,6,15,9,24,8,7,123,44,23,40,31,21,48,30,21,9,10,4,125,19,24,13,19,27,3,29,20,9
"COG1214",136,147,198,142,172,234,208,235,143,176,183,73,220,164,188,163,159,200,203,165,178,240,186,169,151,197,251,137,179,180,227,162,191,197,164,222,256,189,179,168,170,176,195,152,185,126,204,212,171,204,123,259,234,229,165,190,234,165,162,190
"COG1215",74,637,170,318,397,282,112,203,347,200,324,413,255,345,292,686,306,266,398,308,267,165,255,173,375,302,218,308,163,356,270,432,239,193,402,218,187,194,393,357,252,368,319,402,209,448,353,231,332,253,318,305,205,296,359,258,482,349,321,331
"COG1216",93,158,244,375,311,138,241,348,264,231,268,154,287,301,219,307,308,260,293,238,334,235,209,307,338,339,298,196,201,367,609,400,396,732,654,400,1027,423,604,683,423,671,454,579,604,631,645,379,501,377,373,253,510,475,472,505,591,289,462,480
"COG1217",447,379,507,352,393,426,534,405,357,428,468,299,399,431,433,466,430,491,464,435,440,506,512,515,454,465,514,434,426,368,477,466,422,455,409,455,406,414,362,433,412,424,509,387,402,380,439,530,424,486,285,421,461,485,381,469,349,507,419,487
"COG1218",18,79,51,77,141,11,59,51,100,31,15,96,72,135,99,21,159,61,108,99,109,45,7,51,147,109,12,70,32,146,38,113,90,55,94,63,25,43,114,120,134,97,108,89,67,117,74,61,95,17,75,15,91,15,95,79,4,45,107,57
"COG1219",464,277,409,331,381,428,357,393,290,437,379,236,387,336,346,439,305,392,337,307,341,347,424,367,297,304,379,313,503,323,501,318,339,356,321,379,435,427,289,369,308,322,355,348,318,287,360,418,334,420,252,457,498,458,304,383,423,388,285,354
"COG1220",26,96,6,3,10,47,21,8,21,3,119,162,7,5,0,62,13,20,18,2,7,63,36,1,8,16,14,58,35,8,2,10,58,19,14,18,13,5,12,19,20,7,41,13,5,12,24,7,3,20,44,53,5,16,14,31,181,60,45,46
"COG1221",205,182,14,49,33,134,78,18,68,30,26,171,44,36,74,94,29,84,21,68,26,299,106,51,17,42,28,70,215,48,30,38,257,27,63,177,14,116,40,26,46,177,30,17,45,22,105,27,36,65,95,137,52,9,40,37,1094,52,188,31
"COG1225",65,42,50,41,78,34,59,47,51,54,33,41,40,45,52,72,48,56,52,46,44,41,32,51,57,39,45,40,23,66,67,98,124,107,77,81,142,71,113,68,100,120,81,121,59,99,84,70,84,67,83,67,100,92,82,100,46,47,110,98
"COG1226",70,461,56,112,103,142,109,55,97,95,26,509,133,109,106,154,223,105,105,138,132,68,24,70,168,171,31,335,61,217,41,97,182,107,106,117,25,93,64,85,128,165,89,142,80,148,124,103,86,28,144,122,131,68,116,107,89,116,201,104
"COG1227",280,131,150,141,93,329,37,193,139,158,154,92,264,116,127,120,109,175,83,121,125,143,144,115,56,208,18,157,282,34,289,123,77,59,66,210,69,274,53,178,101,47,120,141,257,44,108,204,148,123,100,337,176,226,150,155,265,172,80,82
"COG1228",134,137,189,183,191,138,81,193,182,154,92,99,171,209,148,120,158,144,223,293,245,69,49,168,242,197,20,176,152,166,217,239,87,142,175,138,51,174,185,197,159,223,206,222,207,177,170,184,251,73,276,100,171,117,226,105,46,175,132,67
"COG1230",15,98,18,38,55,83,27,16,44,24,8,84,22,19,15,180,73,74,43,9,40,2,4,13,13,13,5,37,3,43,14,25,61,4,24,72,5,16,78,19,129,48,46,26,15,45,48,44,8,10,38,79,73,12,41,66,48,53,107,40
"COG1232",107,101,100,152,133,97,20,77,81,64,12,14,33,93,40,358,71,32,24,28,49,69,28,106,55,22,13,63,42,88,48,28,20,15,76,48,12,31,47,23,26,28,15,19,5,71,11,20,17,16,29,17,12,78,29,22,88,19,10,3
"COG1233",16,36,32,55,32,18,54,11,40,15,7,1,89,27,72,8,48,3,85,32,61,33,12,34,76,72,157,19,29,114,31,27,23,27,42,11,28,39,26,43,38,76,51,19,44,63,65,17,53,3,91,2,21,20,79,22,4,56,29,28
"COG1234",267,134,226,191,152,253,206,239,192,230,177,178,269,185,200,103,199,283,222,166,183,198,259,197,154,177,270,184,238,193,205,173,171,232,208,223,291,245,195,200,176,147,187,214,201,173,241,203,180,272,159,253,227,271,173,241,229,146,192,251
"COG1235",166,240,319,229,336,205,323,421,262,342,302,144,229,349,294,120,324,341,314,282,275,359,371,329,323,235,395,312,243,334,268,311,261,359,406,485,422,246,349,291,285,289,212,258,222,282,353,252,302,377,225,232,289,398,254,353,158,339,295,313
"COG1236",47,148,185,109,83,171,26,133,126,139,59,104,204,118,95,46,71,155,90,153,115,95,108,97,96,210,29,152,222,31,202,118,64,58,88,264,68,215,54,113,89,115,71,106,199,63,100,234,116,107,60,122,174,133,105,168,226,287,71,59
"COG1237",0,32,19,34,22,16,19,27,52,26,11,59,29,43,28,14,31,8,37,27,39,35,115,26,31,25,119,7,21,36,21,34,49,14,70,21,181,16,67,33,19,38,46,37,38,68,54,22,46,15,133,18,30,53,37,17,45,42,26,115
"COG1238",5,47,43,64,80,13,90,118,107,58,127,18,24,77,56,6,72,68,86,90,80,117,79,79,113,90,109,50,19,86,53,91,87,92,109,63,99,35,130,77,83,83,67,60,35,80,83,38,70,77,51,8,66,92,92,65,1,27,68,113
"COG1239",2,0,8,0,21,5,0,7,23,2,36,0,8,8,4,6,3,8,2,6,3,1,16,4,4,23,1,12,1,3,67,5,2,13,8,8,18,11,10,0,15,3,54,9,6,5,7,34,4,17,79,18,33,17,6,1,2,20,4,15
"COG1240",0,0,14,0,9,4,0,8,5,1,23,0,1,8,0,4,1,5,5,4,6,0,6,6,5,8,2,16,1,5,69,2,7,7,12,3,8,6,3,1,7,4,37,6,5,1,2,17,1,18,42,4,28,5,1,1,1,18,8,4
"COG1242",157,81,143,115,184,143,150,190,128,157,152,118,139,136,134,78,136,184,162,133,107,201,166,209,121,109,202,127,162,194,139,151,172,213,149,234,191,190,165,125,142,181,146,154,107,142,145,125,155,184,124,230,171,208,103,161,138,112,147,155
"COG1243",30,21,27,8,24,15,6,49,24,28,12,0,6,6,25,5,2,28,14,49,4,1,6,28,13,3,15,9,10,6,28,10,13,18,3,76,16,54,10,19,9,5,26,16,19,13,14,34,21,8,32,17,18,30,7,8,12,115,8,5
"COG1246",15,126,2,5,3,7,20,5,18,16,26,118,4,7,0,18,16,6,4,6,8,15,8,8,17,4,8,60,6,14,8,16,28,9,10,8,0,4,11,6,7,4,4,13,14,17,15,2,3,1,32,10,5,1,9,9,42,23,31,17
"COG1247",134,71,117,80,135,139,46,107,84,107,85,49,138,108,78,174,196,150,84,95,110,85,73,69,85,128,22,129,133,87,103,98,77,89,66,127,43,151,82,100,122,97,61,102,162,82,84,125,112,52,60,159,138,90,82,127,146,79,111,81
"COG1249",129,472,226,390,342,170,204,238,362,150,151,577,238,348,299,414,485,246,417,391,374,205,71,184,450,340,48,311,148,432,246,450,429,214,368,178,100,164,472,334,363,443,378,409,251,575,455,195,354,71,480,863,218,122,472,232,321,337,426,201
"COG1250",50,222,81,62,39,143,44,62,102,76,46,426,113,56,71,257,75,104,50,68,77,23,61,50,112,76,29,195,97,30,98,98,45,45,88,57,28,113,85,72,75,60,55,100,138,57,40,137,65,71,77,114,89,104,61,105,108,117,136,57
"COG1251",44,130,9,3,6,49,15,2,14,7,11,314,13,10,9,95,25,2,2,8,8,11,4,0,13,14,4,94,19,9,8,15,47,5,11,9,3,26,19,22,7,14,10,31,21,20,54,3,12,3,56,86,6,2,12,15,8,67,150,19
"COG1252",26,79,58,116,31,48,129,82,88,60,86,83,31,86,36,51,31,24,81,53,63,70,95,58,46,28,197,71,14,47,43,53,92,61,59,13,162,23,96,67,24,56,38,52,23,137,89,26,43,124,83,69,10,65,82,41,63,58,56,168
"COG1253",441,569,607,449,600,595,682,606,681,624,611,423,539,626,413,808,587,576,633,510,536,604,674,729,519,576,715,521,516,563,535,578,609,638,689,583,776,494,649,575,666,534,582,680,538,520,651,538,549,683,525,525,595,678,567,595,665,704,531,630
"COG1254",82,13,27,26,20,82,3,25,17,12,11,25,54,17,23,85,13,14,5,16,16,10,22,18,6,32,5,24,68,3,21,14,18,7,11,22,6,52,4,19,23,4,8,21,25,6,9,23,17,26,8,97,10,23,22,22,27,16,12,14
"COG1256",13,84,237,126,96,89,12,118,80,138,194,113,230,84,115,12,19,162,102,89,129,44,69,220,26,55,11,118,361,17,315,35,18,54,79,90,53,136,32,199,29,155,69,164,16,49,85,94,121,93,49,18,225,75,114,290,6,42,43,98
"COG1257",0,2,0,2,0,23,0,0,0,0,0,0,1,0,0,17,0,1,0,0,2,0,3,2,0,2,0,1,1,0,2,1,1,2,5,2,0,5,11,0,1,1,0,1,1,0,13,2,1,3,2,143,0,2,2,1,2,15,0,0
"COG1259",2,37,61,51,49,4,22,16,26,13,2,1,15,66,30,8,71,33,53,58,46,7,6,85,69,22,8,27,14,66,33,67,50,33,50,18,2,15,54,52,47,53,45,43,27,70,37,31,44,8,64,0,11,10,66,45,2,29,13,14
"COG1260",7,33,98,103,114,41,272,163,116,139,162,0,64,154,119,157,133,96,159,150,105,211,308,154,164,90,336,54,40,186,83,143,120,201,185,99,358,55,86,147,154,130,121,88,101,138,162,70,133,270,89,4,107,147,117,92,115,64,125,247
"COG1261",2,20,0,0,1,2,1,0,1,3,27,32,3,0,0,8,2,0,1,1,0,0,0,0,1,1,0,9,0,1,0,0,3,1,4,0,0,2,1,0,0,0,0,1,0,5,0,0,2,0,4,4,0,0,11,0,1,2,1,14
"COG1262",20,273,170,376,132,12,260,100,263,233,566,0,119,157,151,17,106,85,282,193,293,337,281,344,175,260,605,395,98,299,139,238,160,313,261,67,342,64,306,96,130,125,151,213,136,224,293,106,111,215,148,7,52,238,302,74,5,358,80,187
"COG1263",1019,831,372,197,265,1343,236,210,215,271,146,1721,591,239,435,952,366,335,254,180,377,436,304,148,377,403,103,464,735,148,194,185,219,120,98,190,87,309,122,106,137,117,241,216,506,63,116,176,188,176,278,792,141,70,95,228,611,171,355,100
"COG1264",980,833,363,205,247,1281,229,215,217,310,155,1614,569,220,363,924,371,331,218,143,359,376,282,157,369,345,94,445,618,105,300,274,379,233,220,431,160,531,252,198,272,209,428,426,865,135,203,313,307,294,533,1434,238,178,189,436,974,287,683,186
"COG1266",277,204,190,215,187,216,209,327,210,200,225,120,289,246,294,93,251,234,215,231,215,309,271,494,213,192,296,175,358,241,221,175,162,319,200,224,279,282,198,224,240,174,129,199,184,170,228,185,263,257,172,346,254,261,201,267,69,162,166,211
"COG1267",11,30,34,23,68,6,89,40,51,33,57,38,4,56,26,14,59,26,33,22,36,4,41,35,60,27,64,21,8,41,36,49,40,43,49,15,105,19,37,46,30,52,62,42,21,68,47,23,42,108,47,26,15,50,57,30,0,24,51,75
"COG1268",174,34,89,56,98,137,20,79,69,80,57,63,81,68,114,133,42,100,44,68,76,96,64,75,39,73,20,71,162,26,112,67,37,31,52,104,53,143,37,73,60,52,47,73,104,31,54,101,75,80,39,163,99,85,70,85,217,79,43,39
"COG1269",501,159,206,247,336,290,126,172,257,231,72,187,187,271,441,177,255,252,243,197,221,111,79,132,318,225,34,213,270,291,190,351,272,157,239,288,90,319,317,255,294,207,299,260,239,272,191,288,270,84,261,287,224,220,311,228,127,352,258,143
"COG1270",90,59,109,115,107,94,34,58,81,95,110,35,109,162,68,57,109,144,123,160,109,79,63,64,93,111,14,168,123,76,119,100,98,86,98,92,31,117,125,104,120,119,136,170,166,150,93,105,116,44,103,81,133,48,105,120,196,81,97,89
"COG1271",19,199,121,136,140,78,229,154,175,128,151,113,91,178,64,60,167,156,235,172,127,168,211,103,219,124,179,165,46,165,106,208,207,178,186,131,180,78,177,161,183,104,193,168,93,195,226,118,158,214,94,103,158,140,164,136,142,88,245,210
"COG1272",196,121,100,104,140,174,109,165,102,120,83,75,98,88,142,314,93,106,109,100,128,133,92,130,115,98,129,105,151,157,114,129,74,132,107,113,128,143,96,103,97,135,128,126,89,83,151,93,96,94,146,165,72,95,134,84,217,120,119,82
"COG1273",3,7,3,0,0,0,0,0,2,0,7,33,0,0,9,2,1,0,0,0,0,0,0,1,0,0,0,0,1,0,0,2,1,3,1,22,0,6,2,0,0,0,0,1,0,1,3,0,5,0,5,0,1,5,0,0,2,2,0,0
"COG1274",1,57,53,5,28,0,2,5,36,43,32,0,2,19,4,2,5,18,10,78,16,2,1,37,23,2,12,59,4,0,33,10,5,3,9,23,5,9,13,4,16,2,18,7,29,13,3,54,25,16,1,3,23,21,7,22,3,58,2,2
"COG1275",17,62,5,5,0,11,27,4,15,10,2,55,5,1,2,20,7,8,18,8,2,20,14,5,5,5,0,16,12,3,11,9,34,11,9,7,1,9,21,3,8,7,45,28,16,6,21,0,6,3,54,57,2,2,4,17,71,21,41,10
"COG1276",3,45,0,0,0,8,8,0,6,0,1,37,1,0,0,7,2,0,0,5,1,0,0,0,4,0,3,15,0,2,1,7,11,2,1,0,0,1,0,1,2,0,1,3,1,5,1,0,0,0,4,2,0,0,1,0,0,12,15,8
"COG1277",246,40,94,125,109,145,21,90,89,71,25,120,63,97,112,91,65,53,47,65,89,24,40,56,73,71,10,96,94,67,97,142,77,28,64,123,17,104,92,112,80,101,85,93,133,65,64,104,84,40,121,150,89,57,135,50,41,156,52,20
"COG1278",65,97,19,19,28,60,12,34,35,46,10,153,35,30,23,101,19,32,25,7,22,26,26,21,12,13,17,51,62,11,38,12,31,25,16,37,20,36,32,16,37,26,42,30,15,25,18,18,14,24,68,87,27,47,33,32,81,43,38,11
"COG1279",9,40,4,5,18,3,9,1,14,12,31,42,2,13,2,11,9,18,5,8,2,43,10,9,8,1,8,25,12,5,11,12,40,10,5,19,0,9,13,5,30,5,20,10,12,11,16,5,3,4,27,21,0,6,6,7,71,23,24,15
"COG1280",91,154,29,36,74,21,44,33,76,23,28,196,25,76,23,28,69,35,77,33,60,34,12,19,79,56,9,105,24,71,38,95,57,38,62,12,10,30,76,70,53,49,77,94,51,70,59,15,47,12,57,76,48,17,67,39,37,47,140,32
"COG1281",183,106,136,67,81,146,26,116,82,129,95,136,144,75,115,83,50,130,62,101,88,73,86,85,43,88,27,158,177,46,158,69,52,69,69,140,48,197,66,120,94,76,86,101,115,54,64,170,100,93,56,215,132,123,98,135,133,148,72,57
"COG1282",16,65,4,0,24,60,6,3,3,11,92,69,4,0,1,237,3,16,3,3,2,1,1,1,1,8,2,29,2,3,0,4,4,2,5,1,1,5,0,0,15,2,0,16,2,3,0,1,1,5,5,15,0,0,10,11,72,10,23,24
"COG1283",582,235,631,580,534,481,764,527,505,683,667,342,664,622,559,207,533,523,497,579,601,731,843,625,507,654,843,519,614,490,551,469,449,660,573,498,755,615,485,558,458,494,439,525,656,425,467,595,571,775,382,425,515,742,450,527,325,523,394,612
"COG1284",450,239,506,412,528,627,585,594,525,601,508,293,513,490,496,293,542,625,501,518,492,793,644,466,579,578,701,457,644,515,573,577,491,713,505,577,672,653,497,518,518,454,539,428,625,386,541,597,475,688,452,539,488,694,425,518,586,544,416,541
"COG1285",41,84,88,98,74,102,91,114,118,103,78,207,75,94,37,66,71,96,75,92,76,62,82,70,58,93,130,93,58,63,52,60,87,81,78,101,117,86,120,47,77,88,88,81,44,71,76,142,53,73,100,12,58,128,74,94,45,102,97,86
"COG1286",10,54,3,3,0,7,7,2,24,6,35,40,0,8,0,12,4,0,11,3,7,4,3,0,4,5,3,16,3,6,0,4,5,3,16,7,1,4,39,1,11,0,8,5,7,9,9,4,4,1,13,90,2,2,14,12,0,7,21,20
"COG1287",0,1,0,2,0,0,1,1,4,0,1,0,0,0,0,0,0,2,1,0,1,0,0,2,0,0,0,3,1,2,1,2,1,0,0,0,0,0,0,0,3,0,4,1,0,0,3,5,0,0,0,0,1,2,0,0,0,25,2,2
"COG1288",77,295,84,103,47,163,92,58,111,104,33,644,189,69,60,65,80,54,88,68,85,34,35,74,57,211,23,71,120,89,67,110,106,78,103,53,18,96,135,34,54,74,167,123,48,62,115,44,55,34,243,121,74,99,119,113,137,141,138,55
"COG1289",85,417,2,3,6,71,54,18,35,0,17,692,14,2,0,90,54,1,9,20,9,4,5,1,30,18,25,210,18,24,11,28,77,11,21,13,8,29,4,19,22,35,8,52,20,57,13,10,6,2,117,68,20,4,6,34,5,120,261,54
"COG1290",0,0,0,0,0,0,0,0,0,0,0,6,0,0,0,0,0,1,1,2,0,0,0,0,2,1,0,0,0,3,0,0,0,0,0,0,0,0,0,0,1,0,0,0,3,0,0,0,0,0,0,0,1,0,0,1,0,0,0,1
"COG1291",14,57,56,22,18,36,8,43,15,42,52,98,28,20,23,10,11,26,24,28,37,9,11,57,7,11,3,44,88,7,76,9,9,13,13,23,13,21,7,46,10,63,16,50,7,19,17,36,31,24,22,7,49,19,44,54,2,25,8,29
"COG1292",79,241,38,71,36,137,54,43,53,42,44,452,53,55,81,54,45,82,30,46,30,33,37,55,52,50,23,91,55,30,16,42,31,26,22,10,6,62,17,14,32,25,12,29,23,64,48,10,29,34,73,145,17,11,36,34,20,21,40,48
"COG1293",275,57,222,125,140,261,41,221,157,221,113,58,246,118,171,100,86,158,121,170,144,72,122,173,60,159,34,162,228,28,228,125,99,75,122,215,78,302,75,156,99,116,120,170,251,46,83,230,175,155,102,299,218,188,140,153,201,250,65,54
"COG1294",43,208,105,126,145,76,207,145,166,107,103,158,91,158,120,54,232,118,215,152,136,214,172,75,197,151,126,134,70,253,78,182,179,190,199,106,192,73,179,148,177,144,180,151,95,172,189,112,155,149,135,73,125,113,149,117,167,88,212,179
"COG1295",140,190,174,222,183,136,298,269,194,220,272,228,150,203,180,113,153,208,227,199,176,202,265,125,155,155,249,193,157,185,209,205,203,228,241,213,288,194,255,214,211,171,201,254,129,204,260,176,162,229,183,188,178,244,232,185,43,182,212,293
"COG1296",111,133,161,95,83,216,28,106,88,137,81,149,164,83,78,207,79,110,54,84,112,109,118,90,60,91,17,171,151,33,76,36,30,19,42,45,35,70,32,50,29,35,50,55,45,22,39,63,53,41,38,133,58,55,47,60,149,30,66,30
"COG1297",193,91,193,172,170,137,354,208,193,175,211,34,167,170,130,75,187,215,279,151,141,216,361,237,238,247,290,148,134,190,237,270,164,224,258,173,284,184,221,236,220,154,239,250,159,199,270,163,205,329,151,172,211,222,191,226,158,103,160,342
"COG1298",17,72,178,53,64,67,10,86,57,90,146,182,122,54,56,15,13,69,57,41,86,22,37,163,22,21,8,123,191,10,146,28,27,30,50,64,34,55,29,91,17,97,51,92,15,37,51,95,69,57,81,14,148,41,97,109,11,45,18,77
"COG1299",403,381,175,158,151,451,122,174,129,159,161,580,308,110,198,219,95,169,122,214,143,312,203,149,80,150,41,234,339,59,228,88,164,91,119,219,73,314,79,123,105,168,196,175,230,80,151,266,155,141,230,305,180,192,86,240,623,136,138,137
"COG1300",0,28,4,39,19,6,10,24,38,13,4,0,27,21,32,4,12,10,18,18,28,4,4,13,24,7,57,20,5,60,16,34,21,21,30,32,2,23,20,19,34,66,21,33,25,50,17,16,18,2,55,1,11,68,45,7,1,65,16,9
"COG1301",436,292,233,277,146,431,520,249,405,316,279,610,401,196,246,173,248,327,291,269,266,478,710,233,226,366,353,280,396,223,228,333,376,334,366,284,461,350,324,161,293,287,421,295,357,218,348,235,272,502,455,375,242,303,322,289,1015,297,365,426
"COG1302",62,48,146,80,83,166,15,99,81,129,68,50,101,76,68,73,49,81,60,101,123,46,77,79,56,65,34,121,152,18,150,82,46,44,74,139,45,166,50,140,58,80,65,97,140,38,45,172,102,69,51,224,107,138,75,105,99,154,35,38
"COG1304",19,79,32,26,23,158,31,28,67,66,28,121,47,44,24,114,38,58,50,32,46,18,22,30,38,54,6,50,56,19,59,49,61,16,31,28,16,64,34,32,48,18,47,60,138,30,24,79,47,40,76,149,30,33,41,50,23,64,101,44
"COG1305",230,161,275,237,370,273,230,155,138,266,164,92,166,322,201,565,134,230,184,138,182,61,80,238,190,191,127,180,162,177,256,216,77,81,129,243,79,219,209,309,192,240,188,257,218,194,131,290,315,425,99,152,229,169,297,198,281,245,134,60
"COG1306",0,18,23,5,6,1,25,26,11,22,10,24,7,1,0,0,1,8,30,10,12,4,3,7,1,5,1,22,7,0,8,17,7,6,11,6,0,1,33,7,11,22,49,5,11,2,11,27,5,6,50,2,15,35,3,3,2,26,16,2
"COG1307",412,219,558,388,336,769,41,322,294,459,213,187,597,307,418,270,245,341,235,356,400,150,253,369,189,375,65,510,530,59,540,350,128,195,249,478,206,643,203,432,325,389,292,421,583,126,186,517,349,310,158,670,484,361,314,489,212,485,211,166
"COG1309",885,775,552,333,527,577,149,430,426,567,355,1088,339,346,539,690,273,318,260,361,409,182,204,381,296,268,157,593,485,288,488,350,362,193,247,519,142,625,469,393,526,463,270,399,422,358,294,508,285,221,532,1165,440,511,354,389,638,765,642,201
"COG1310",25,21,19,5,13,12,2,16,4,5,18,15,27,25,32,11,3,36,6,12,4,3,6,11,6,11,2,22,56,6,47,6,19,8,4,24,15,25,2,28,1,10,12,100,8,7,7,5,14,105,5,25,32,7,11,19,4,25,3,9
"COG1312",64,119,203,346,171,77,276,108,169,220,125,225,305,232,115,69,233,212,243,299,160,245,275,197,284,262,279,231,208,255,141,201,235,314,204,203,187,160,167,268,207,238,267,250,339,302,192,177,268,197,227,64,301,161,194,218,221,115,313,250
"COG1313",104,28,101,57,75,78,14,110,75,111,52,16,118,62,93,16,46,112,43,73,77,40,70,60,44,75,18,80,117,22,125,54,37,24,45,117,49,127,31,88,60,53,35,64,83,22,26,131,65,60,16,51,114,131,55,77,110,153,28,31
"COG1314",10,50,4,6,0,6,6,7,6,7,22,50,3,1,1,4,3,5,1,11,4,1,1,2,3,6,9,14,2,3,10,1,9,6,3,3,2,9,8,5,4,4,13,6,2,7,4,2,3,6,12,41,7,5,5,15,1,16,14,14
"COG1315",5,2,123,70,64,33,2,89,51,60,58,59,154,61,57,2,5,117,65,69,59,24,39,128,10,40,8,70,162,3,185,30,4,42,44,59,21,73,12,122,28,89,34,79,8,19,52,60,76,39,25,4,136,44,72,148,5,25,28,33
"COG1316",352,161,300,222,275,526,53,303,171,290,147,307,345,222,348,576,60,310,121,337,206,171,212,210,92,176,84,220,482,89,355,182,152,137,129,390,128,509,183,236,258,188,218,270,172,95,222,417,202,173,167,753,288,326,217,310,753,436,130,113
"COG1317",5,38,13,11,4,7,4,7,9,6,1,43,4,4,5,9,8,1,2,2,8,3,2,41,2,5,0,15,10,0,20,11,2,2,7,7,2,7,3,8,2,5,3,12,7,4,10,1,12,0,7,2,8,6,10,8,3,10,2,4
"COG1319",123,94,68,40,43,127,26,47,87,39,29,340,123,48,85,85,57,90,49,47,54,41,52,62,61,84,19,60,179,23,114,56,47,41,51,52,26,133,43,75,58,35,76,84,85,38,118,75,70,56,163,137,55,51,57,86,98,90,46,35
"COG1320",0,1,0,0,1,1,1,3,5,2,0,0,1,4,0,0,4,4,0,4,1,0,1,2,2,2,2,2,1,0,9,2,0,2,4,0,0,0,6,2,0,2,3,1,1,0,0,5,2,1,0,0,2,0,0,0,1,9,4,2
"COG1321",211,113,102,49,98,87,5,98,54,91,96,110,62,82,90,59,55,69,40,78,66,25,44,64,38,52,39,108,146,24,103,44,44,37,51,145,37,111,57,60,145,86,53,82,82,27,42,113,66,71,45,194,96,105,50,94,89,121,45,37
"COG1322",126,242,178,164,143,111,263,224,253,136,200,133,134,165,117,235,197,213,221,215,181,102,265,250,164,184,265,152,54,162,146,183,199,174,239,168,266,127,188,166,173,116,171,178,209,177,150,138,173,241,120,183,120,194,160,155,119,173,186,274
"COG1323",219,32,140,61,101,207,25,151,96,141,64,59,140,107,102,84,52,109,61,118,99,57,53,107,31,105,21,125,177,24,152,102,51,49,65,173,51,204,56,94,57,117,87,127,182,33,52,181,89,76,81,269,143,136,87,80,114,229,54,47
"COG1324",9,28,0,0,0,4,3,5,4,0,0,42,1,0,0,6,5,3,4,2,1,0,0,2,0,0,3,17,1,1,1,1,8,1,1,0,0,0,2,0,3,2,0,5,2,9,3,2,0,1,10,2,0,2,4,0,0,16,19,6
"COG1327",82,96,83,57,73,155,24,63,71,86,42,63,82,68,75,195,51,72,41,65,60,44,62,58,39,69,23,77,100,30,81,48,44,26,44,85,35,94,31,80,77,32,52,68,60,23,47,83,61,43,46,136,68,74,43,68,139,95,47,28
"COG1328",431,267,408,243,268,350,313,329,285,507,1102,248,288,292,289,338,260,289,324,288,320,302,307,318,295,347,281,292,320,233,1302,611,517,546,669,725,492,747,506,593,599,780,700,608,626,520,628,734,657,640,507,838,691,804,576,641,652,779,520,599
"COG1329",3,16,8,1,25,23,5,12,18,10,3,0,0,3,2,115,2,20,6,7,10,3,0,2,5,3,4,11,8,0,15,9,3,3,2,26,0,14,16,15,18,3,5,14,8,1,1,27,3,4,5,4,19,14,19,2,53,53,3,8
"COG1330",17,157,0,2,0,19,41,4,18,0,131,170,4,1,0,15,6,1,1,2,5,5,1,1,5,16,6,61,4,4,1,1,26,3,8,0,7,4,2,2,7,6,1,29,3,13,2,1,1,3,18,26,3,1,1,28,0,21,55,43
"COG1331",0,13,2,1,4,0,0,0,13,0,0,52,0,1,0,1,1,1,0,2,0,0,1,3,10,1,0,1,0,1,0,1,2,0,4,0,0,0,49,1,0,2,8,2,2,1,14,2,2,0,41,0,1,0,2,0,0,14,1,1
"COG1332",7,4,14,1,11,2,0,21,6,10,8,0,4,14,9,0,12,35,3,3,5,41,5,9,1,0,4,15,60,1,22,6,22,19,1,23,8,17,2,12,19,47,4,13,2,3,4,11,17,7,1,31,20,5,4,4,11,34,4,5
"COG1333",0,8,6,52,7,1,10,1,40,6,2,0,7,3,21,4,11,1,18,12,23,0,2,7,14,17,1,7,6,16,18,35,12,15,34,6,2,4,67,14,25,25,28,61,22,65,40,13,24,0,142,1,10,7,50,3,2,59,18,29
"COG1335",182,178,93,79,77,120,40,114,119,104,63,283,84,119,84,227,65,86,50,39,75,53,64,71,50,81,23,143,162,52,90,79,132,62,42,112,182,138,90,67,97,70,126,100,103,45,72,123,69,44,144,271,80,105,103,101,294,101,155,182
"COG1336",0,0,0,5,0,0,1,0,3,0,0,0,0,2,1,0,0,0,0,0,7,0,0,0,1,3,0,1,0,0,0,0,1,0,1,2,0,0,3,0,1,5,0,1,0,6,3,0,1,0,3,1,4,0,3,0,0,2,0,0
"COG1337",7,2,6,1,8,4,1,12,10,4,7,11,5,15,7,1,0,28,3,1,6,19,8,4,3,0,2,14,30,1,10,3,8,27,4,15,9,11,6,7,14,37,24,4,2,0,19,12,15,1,4,19,18,1,4,23,16,25,2,8
"COG1338",12,35,55,26,29,18,9,35,16,25,53,82,53,17,21,9,8,34,17,12,26,10,8,61,7,5,3,42,75,3,67,10,10,16,13,19,19,21,15,45,13,27,12,37,11,20,32,15,25,20,35,11,52,22,40,61,5,24,8,42
"COG1342",148,23,49,46,19,33,16,11,36,38,18,2,67,65,46,24,40,25,69,74,35,66,34,21,63,23,12,43,55,55,14,20,50,49,44,29,7,52,21,14,21,12,52,37,41,57,50,66,35,34,44,29,42,31,41,62,110,33,19,24
"COG1343",45,11,39,30,64,78,32,41,20,44,36,34,47,78,44,9,44,42,26,28,56,22,37,95,30,21,33,33,56,3,32,28,19,23,25,46,5,47,41,50,40,96,17,34,64,32,36,33,38,53,43,21,27,47,34,41,13,22,6,51
"COG1344",24,34,413,210,101,90,8,229,74,210,397,199,465,123,185,11,16,270,185,136,202,55,106,332,22,102,26,281,590,23,442,66,24,147,110,129,116,235,47,260,61,266,143,237,21,71,114,202,144,199,70,28,413,129,271,537,17,67,55,251
"COG1345",12,88,120,79,27,57,10,55,28,46,113,105,102,37,41,11,18,46,41,59,74,13,16,81,10,22,17,64,118,5,103,18,15,42,34,30,29,46,12,108,19,115,41,48,16,19,36,54,46,50,42,10,121,32,83,109,8,42,12,66
"COG1346",105,91,155,140,107,118,165,114,149,141,166,65,152,114,124,50,138,131,157,153,130,209,175,141,110,141,180,110,135,117,155,151,149,220,144,140,173,130,152,139,142,135,140,162,138,110,161,132,163,178,96,182,130,162,136,151,116,77,130,163
"COG1347",5,29,56,80,96,12,94,105,86,47,87,0,45,100,76,12,121,84,106,80,71,65,43,73,108,73,69,66,25,128,58,101,70,104,94,76,90,24,97,97,132,85,94,78,46,98,79,50,93,47,71,6,77,46,77,72,1,39,87,107
"COG1348",0,10,26,17,24,65,12,28,51,43,12,41,16,34,33,9,18,25,14,30,9,5,12,19,16,14,8,23,51,2,29,31,15,14,19,24,7,31,15,19,44,13,25,31,40,11,28,23,47,12,63,25,20,24,18,18,12,22,22,13
"COG1349",527,610,198,179,226,379,159,191,199,163,88,979,270,228,307,473,282,265,137,186,208,389,174,164,212,262,75,389,353,215,164,209,416,154,187,312,85,302,198,177,177,170,201,230,210,227,200,197,230,144,433,626,177,132,133,222,937,284,413,146
"COG1350",39,30,80,68,86,6,134,57,88,71,109,5,71,78,92,13,105,49,110,87,64,122,140,73,99,97,124,42,30,93,68,175,163,276,212,130,276,81,177,147,192,133,194,167,93,162,123,85,173,208,147,8,150,161,120,148,24,137,144,217
"COG1351",57,22,100,24,176,98,59,68,52,326,98,2,79,116,82,22,39,63,51,30,54,135,106,113,50,53,219,39,75,13,367,72,106,96,39,65,112,84,22,77,28,98,18,30,99,21,22,61,57,121,6,16,50,150,64,54,83,87,31,43
"COG1352",14,38,64,32,36,25,3,32,18,60,56,67,42,39,36,6,12,21,25,31,47,6,11,72,19,22,5,50,76,6,77,15,13,29,24,43,10,39,20,37,11,57,22,35,20,24,29,45,39,26,60,4,83,22,33,62,6,19,6,23
"COG1353",10,9,30,14,20,3,2,35,21,19,5,0,13,30,24,2,11,50,17,1,28,46,11,21,12,3,4,23,109,3,32,13,27,37,9,55,12,62,24,29,48,76,33,14,6,14,41,24,29,14,20,60,47,10,21,36,35,59,9,12
"COG1354",156,38,118,62,108,143,14,103,92,118,64,47,114,67,114,118,57,102,51,70,66,49,50,88,24,78,15,80,114,11,136,65,62,29,55,145,44,137,41,98,74,75,72,68,84,32,56,149,82,64,44,155,118,121,46,86,106,170,47,38
"COG1355",0,10,0,0,1,31,0,1,0,9,1,0,0,2,0,97,0,76,5,1,1,2,103,1,0,0,209,0,0,1,0,0,6,0,138,1,313,0,1,0,4,0,3,3,0,0,2,0,0,1,0,0,0,96,24,0,0,11,2,208
"COG1357",94,388,62,65,95,16,42,79,113,108,18,308,37,107,72,83,161,51,70,67,78,27,29,103,109,52,43,112,99,99,78,109,56,61,91,83,37,74,83,57,68,122,72,106,95,220,51,80,104,18,179,30,72,58,96,59,48,92,33,41
"COG1358",22,9,24,18,16,26,7,26,14,30,19,8,16,9,38,16,3,28,12,22,14,17,10,15,5,14,2,17,39,6,36,21,37,19,25,60,15,81,21,43,19,33,47,48,20,18,27,50,26,29,38,95,59,35,38,44,124,63,21,4
"COG1359",35,43,16,15,23,23,6,11,30,15,6,33,6,7,14,18,14,4,12,16,16,4,6,6,27,18,5,23,1,27,21,44,29,56,26,18,2,12,77,24,27,36,27,44,22,62,35,17,23,3,45,28,14,25,43,20,4,48,39,12
"COG1360",15,87,121,60,35,33,191,118,86,138,182,131,35,29,76,16,29,95,64,40,67,187,197,208,54,45,258,56,64,78,93,49,82,164,90,74,269,30,97,47,89,78,59,62,29,78,132,61,67,191,144,13,107,141,101,59,8,61,81,171
"COG1361",0,5,10,1,8,4,1,17,5,5,12,23,4,2,3,40,1,15,3,83,6,2,2,3,1,4,15,17,9,2,9,18,1,2,4,5,1,10,2,18,7,2,6,14,5,1,8,51,0,8,4,18,5,11,5,18,21,8,5,2
"COG1362",427,81,404,232,225,359,300,345,237,303,280,147,409,236,263,153,154,303,224,295,240,313,442,333,93,294,271,243,476,95,364,194,194,281,269,338,370,414,153,236,193,234,199,214,387,53,234,454,278,449,102,286,346,421,173,301,514,329,158,240
"COG1363",188,175,158,58,110,119,57,100,111,114,60,237,76,77,128,81,41,76,58,139,56,27,41,98,71,42,33,187,115,36,41,36,40,36,38,56,27,68,31,39,32,66,72,39,48,28,37,91,43,24,91,84,51,65,41,57,36,80,25,17
"COG1364",119,51,92,52,58,103,13,73,31,62,34,23,86,56,90,88,30,87,36,54,72,45,44,59,22,58,12,84,142,19,181,91,76,45,80,154,68,205,58,115,76,120,77,113,196,35,91,199,124,93,31,173,193,165,91,162,320,110,63,42
"COG1366",173,22,68,53,53,73,20,48,41,76,33,36,82,64,90,46,17,67,47,43,49,15,30,40,21,39,11,66,120,26,61,39,50,37,22,89,31,99,27,62,37,33,39,54,66,36,39,91,45,40,40,92,44,61,50,61,47,97,45,19
"COG1368",409,494,585,620,648,999,573,389,578,625,719,293,428,574,604,927,468,704,560,389,547,394,766,463,303,348,748,540,549,424,577,562,680,658,706,688,855,762,639,530,654,370,567,446,425,442,456,643,505,734,361,806,598,976,569,655,712,510,607,754
"COG1372",1,0,1,2,0,2,0,2,13,0,5,0,0,114,8,0,1,0,0,0,97,0,0,8,8,0,0,0,2,16,3,12,36,1,1,44,0,1,4680,2,1,206,0,0,0,72,0,6,0,2,0,0,8,1,19,0,0,1,0,0
"COG1373",958,640,1317,1602,1323,816,4288,2552,1329,3516,3734,89,786,1102,1569,1417,869,1183,1422,822,1546,3750,6367,3043,956,645,5944,1007,850,1361,1435,1031,1557,5410,2680,1064,5843,1216,1009,1307,1153,1862,1100,838,897,1438,1707,1314,962,5822,991,469,1277,4183,1170,1011,596,1533,1018,2189
"COG1376",864,385,236,155,143,490,38,205,93,192,102,343,189,138,275,473,49,173,60,98,120,115,145,82,46,138,33,274,402,58,159,121,85,51,108,187,68,294,104,123,146,249,102,187,144,82,111,207,150,189,95,469,176,193,129,188,237,150,191,79
"COG1377",21,113,76,27,25,36,8,63,16,49,87,198,59,27,58,16,12,40,23,31,33,18,17,67,9,27,8,62,97,7,98,16,13,26,23,30,18,44,12,61,10,63,31,67,19,38,37,44,40,30,51,11,100,28,60,85,12,35,12,51
"COG1378",2,7,24,4,7,30,2,16,13,44,5,13,24,15,34,19,5,11,7,11,29,5,8,14,2,8,8,25,32,5,20,15,13,2,12,27,1,26,15,5,12,37,5,15,21,14,10,30,22,11,25,45,18,10,12,12,17,22,7,6
"COG1379",124,17,7,3,6,18,6,30,27,7,2,54,18,9,21,37,8,9,6,8,11,3,9,14,12,24,1,13,35,18,24,17,11,2,18,38,0,32,25,21,12,19,25,9,18,7,33,23,2,2,25,72,21,13,22,2,27,126,6,7
"COG1380",56,72,107,66,66,83,104,115,74,105,109,82,86,75,89,36,85,97,77,97,88,97,100,90,79,72,127,102,85,74,94,86,109,128,85,81,120,75,101,86,100,106,82,106,77,77,98,66,76,103,79,86,94,107,81,111,39,55,96,105
"COG1381",123,59,122,58,118,158,18,127,83,116,94,77,79,71,84,190,49,106,55,74,72,36,39,58,52,56,18,69,149,20,138,49,58,28,49,132,30,145,45,89,63,81,72,73,136,37,53,119,97,71,59,213,100,132,69,97,191,161,66,45
"COG1384",0,0,1,0,3,9,0,0,4,4,1,0,3,3,0,0,1,0,1,2,2,2,6,0,0,0,0,0,10,0,0,1,4,0,0,5,0,6,12,1,1,1,0,5,16,5,0,5,0,1,0,0,2,1,2,0,0,32,0,0
"COG1385",195,111,156,120,97,175,200,192,148,119,193,74,175,88,164,216,109,165,134,152,117,147,185,154,69,117,112,141,122,114,145,103,114,85,155,148,202,203,106,115,114,120,135,114,126,101,169,176,98,183,110,221,156,191,99,153,190,151,117,190
"COG1386",109,26,94,56,77,125,9,70,54,96,45,21,96,44,74,78,27,78,31,77,70,43,45,70,22,47,12,73,111,17,110,57,55,33,30,108,37,139,36,99,49,57,59,63,72,23,47,120,65,57,30,114,110,101,56,51,106,150,35,23
"COG1387",337,192,257,290,278,238,208,242,244,240,243,191,295,286,280,162,278,193,228,258,294,448,282,186,257,253,101,215,367,276,249,279,295,246,264,468,194,305,277,242,226,300,288,286,270,256,204,261,268,300,236,256,271,195,281,276,617,308,238,238
"COG1388",362,89,271,198,213,249,101,277,151,220,98,79,285,221,325,87,129,214,196,185,231,66,106,195,92,150,24,271,369,146,288,161,182,99,150,361,98,302,121,197,181,181,166,171,278,123,132,373,173,126,45,233,282,184,138,289,105,328,140,103
"COG1390",3,1,3,1,4,32,1,6,8,19,5,13,3,2,1,0,1,9,4,3,1,3,0,2,8,3,3,13,2,0,1,5,1,2,5,6,0,4,2,0,7,1,4,2,7,3,12,7,3,1,9,4,2,5,2,1,1,20,10,1
"COG1391",36,190,0,3,33,108,27,6,21,10,120,258,3,4,1,374,13,34,5,8,10,4,6,6,18,23,1,58,10,30,4,10,40,5,21,6,7,12,2,6,39,12,9,36,12,12,36,1,1,10,20,39,26,4,10,29,151,34,65,75
"COG1392",17,24,13,38,35,12,22,11,52,23,17,35,37,30,61,77,53,44,33,32,54,67,20,24,46,51,1,18,30,101,21,47,117,29,39,105,11,28,47,35,60,75,60,30,29,57,52,38,18,20,117,27,54,20,50,45,94,25,82,16
"COG1393",136,142,64,51,49,144,41,53,66,67,45,183,66,44,56,73,50,53,37,53,92,13,32,50,49,67,26,93,95,38,103,57,60,31,54,72,32,91,73,74,72,84,52,65,81,65,55,65,55,48,121,268,80,59,55,68,35,69,82,46
"COG1394",176,49,80,65,121,85,42,67,79,68,29,88,67,89,139,69,70,102,76,50,79,20,29,64,83,31,17,68,72,69,62,109,100,41,65,123,50,98,100,78,103,68,83,83,75,73,79,111,86,38,79,111,73,71,86,73,37,160,81,37
"COG1396",876,559,585,404,465,703,306,597,447,649,358,616,451,442,725,474,423,374,377,547,537,273,393,467,289,407,321,513,514,292,581,465,415,398,348,602,436,661,449,489,475,387,405,408,498,276,265,623,391,392,332,836,472,501,436,476,300,805,489,282
"COG1397",113,132,116,84,105,86,144,99,146,152,132,102,65,101,45,103,119,286,91,18,134,205,185,81,93,85,355,90,48,94,104,58,106,212,105,167,389,47,282,173,124,42,47,87,60,29,130,111,97,249,82,118,79,226,52,103,330,117,49,131
"COG1399",120,85,61,35,88,166,18,60,49,88,73,83,55,51,66,203,32,85,19,42,63,40,44,45,28,51,23,67,82,29,61,40,43,25,32,85,41,112,38,30,88,60,56,66,73,28,42,115,59,56,31,141,69,55,51,82,169,100,61,37
"COG1401",25,69,87,79,118,58,80,199,91,102,496,16,61,55,57,53,87,59,54,36,35,168,192,131,98,66,76,70,56,59,46,72,241,291,160,212,359,172,139,43,161,79,58,175,108,119,188,151,77,622,53,170,76,265,88,185,177,171,178,327
"COG1402",77,49,38,47,60,63,53,16,81,17,6,70,67,75,60,201,45,28,50,44,63,188,49,36,73,58,4,44,47,55,36,59,49,158,43,37,5,36,52,83,37,66,75,55,36,61,54,24,53,20,64,43,26,36,86,32,198,61,47,119
"COG1403",21,22,9,13,15,19,12,9,11,10,20,17,11,15,3,13,11,5,3,0,22,5,84,15,10,9,5,19,61,15,68,41,23,8,98,52,254,48,56,30,33,6,40,33,31,80,79,27,14,36,9,93,37,84,44,22,27,35,18,117
"COG1404",429,307,714,702,546,749,408,654,660,554,679,310,640,591,800,360,445,479,710,629,562,461,400,911,514,721,1094,395,756,696,501,663,596,592,661,494,847,617,1093,661,729,579,590,709,484,660,662,620,657,1070,448,725,682,605,532,706,243,608,517,640
"COG1406",1,0,17,9,10,10,0,11,9,6,11,0,16,10,3,0,0,22,18,9,10,5,2,26,0,4,2,3,24,1,21,0,0,1,2,12,3,10,0,17,5,7,2,44,0,0,4,1,12,0,0,0,15,9,6,23,0,0,1,5
"COG1408",411,235,290,336,320,245,422,327,356,302,423,141,242,408,253,104,353,345,363,329,369,556,658,266,310,254,450,339,179,352,224,305,304,470,406,348,716,240,330,308,318,367,319,304,261,415,321,271,341,353,269,247,246,469,356,277,245,202,191,550
"COG1409",153,293,319,367,643,181,272,472,433,399,364,248,372,764,379,411,519,475,489,664,550,448,351,419,718,517,226,277,496,559,523,624,610,401,382,499,442,369,488,553,559,542,574,794,464,650,532,323,540,229,365,208,429,382,610,512,803,518,477,387
"COG1410",435,410,457,465,593,348,628,530,498,449,416,409,618,586,469,172,627,483,532,583,475,776,586,542,542,595,583,532,475,529,489,510,516,602,607,426,643,412,415,564,494,415,564,588,532,505,565,497,604,607,376,226,542,521,494,529,500,261,562,626
"COG1413",19,111,0,12,3,0,6,0,7,0,1,136,3,2,0,8,4,0,0,0,2,0,0,2,2,1,6,25,2,1,0,0,0,3,5,3,1,2,7,0,2,6,0,12,0,11,2,4,0,0,16,0,1,2,0,1,1,26,0,3
"COG1414",68,285,45,49,69,170,61,54,100,72,71,537,96,51,22,437,104,85,29,53,75,29,33,31,61,87,29,162,66,71,48,82,95,53,80,52,26,49,90,42,145,69,84,79,71,72,80,101,41,30,203,72,57,57,87,81,115,134,249,61
"COG1415",0,1,0,0,3,0,0,0,0,1,0,0,0,1,0,0,0,0,0,0,0,0,0,0,0,0,1,1,0,0,0,1,0,0,0,0,0,0,0,0,1,0,0,0,0,3,0,3,0,0,1,0,0,0,0,0,0,25,0,0
"COG1416",15,3,0,0,0,0,0,0,1,0,0,3,0,0,2,2,0,0,0,0,0,0,1,0,1,0,0,0,1,0,0,2,0,0,0,0,0,0,6,0,1,1,1,0,1,0,2,0,0,0,2,0,0,0,0,0,1,0,1,0
"COG1418",295,244,568,331,456,501,501,583,417,543,462,142,410,416,495,438,413,496,418,450,370,518,567,574,378,492,509,395,406,384,540,417,473,471,469,522,555,513,413,522,414,551,408,422,465,343,444,551,466,514,302,525,554,613,369,414,497,516,371,449
"COG1419",3,3,68,24,31,22,0,40,17,62,113,0,95,15,29,0,4,46,25,25,54,18,16,62,0,12,6,41,75,2,106,14,3,14,22,26,14,38,4,78,16,88,22,52,2,8,19,35,29,18,0,2,86,36,34,68,0,8,12,40
"COG1420",156,55,175,86,118,272,24,151,92,153,81,44,186,81,157,222,68,144,80,137,104,79,81,115,42,119,34,147,184,25,190,93,92,39,52,186,49,230,66,126,95,106,98,116,213,38,62,253,132,101,65,231,152,202,87,117,233,240,73,37
"COG1424",0,1,1,2,2,48,5,2,14,6,7,0,11,4,2,2,1,9,2,3,1,36,7,6,4,2,0,0,4,0,6,7,14,11,21,12,4,8,1,5,5,3,4,1,2,1,11,3,3,14,4,8,2,6,2,0,84,7,13,16
"COG1426",25,32,2,4,1,42,5,5,7,11,106,61,1,4,1,41,6,8,1,1,1,14,10,15,8,6,1,20,8,17,7,11,21,2,7,13,5,7,13,1,12,5,4,9,2,3,22,7,0,4,21,127,11,3,13,7,45,13,20,36
"COG1427",0,20,0,0,3,0,11,5,31,4,3,0,1,2,0,0,4,6,13,0,14,38,21,1,0,0,0,19,14,4,17,12,32,8,8,13,0,7,20,12,28,0,24,7,4,0,17,4,18,3,0,0,5,5,19,0,97,13,0,8
"COG1428",10,26,3,0,4,107,186,101,77,84,205,2,0,0,1,50,4,21,9,7,9,207,242,100,0,1,276,15,1,6,19,17,27,138,91,4,346,7,30,5,21,1,12,11,1,0,47,5,9,232,2,86,0,171,15,0,0,8,3,152
"COG1429",37,132,96,207,200,27,449,145,475,251,298,3,234,205,124,36,382,30,190,215,213,331,355,196,384,264,434,134,119,224,248,248,113,383,254,62,318,104,237,206,203,183,267,329,182,310,202,109,228,527,389,46,158,110,200,175,16,182,167,398
"COG1430",0,0,27,44,8,0,0,4,7,5,15,12,1,30,0,0,3,4,1,11,1,0,2,2,4,5,2,2,0,5,1,5,2,0,0,4,7,4,12,1,1,0,3,1,2,2,0,8,2,5,3,1,4,10,18,10,0,10,3,0
"COG1431",0,3,1,0,2,0,0,0,1,0,0,0,0,0,10,7,1,4,4,0,0,0,0,0,0,0,0,2,0,2,1,6,0,1,5,3,2,0,0,0,2,0,0,0,0,0,0,1,0,2,0,15,1,1,0,0,0,0,1,0
"COG1432",1,46,43,27,52,117,14,39,50,44,35,44,93,134,75,46,64,69,34,78,72,34,30,63,39,33,3,80,106,49,120,48,58,22,68,72,18,60,35,64,36,47,19,67,29,54,32,105,33,109,32,39,39,87,102,97,35,71,24,22
"COG1433",71,6,33,42,13,53,18,10,28,24,14,3,44,60,17,12,36,30,76,36,15,15,15,14,67,16,2,29,34,42,26,26,25,56,35,14,4,57,28,19,28,8,77,41,13,46,30,22,24,7,47,53,57,18,28,36,5,9,40,19
"COG1434",183,141,75,59,50,167,31,69,67,75,42,169,70,62,90,155,23,99,52,120,50,90,62,68,26,51,21,114,173,19,75,53,110,41,36,124,44,97,61,46,45,57,86,71,53,37,56,102,41,40,89,114,65,26,70,110,316,82,53,26
"COG1435",36,79,103,88,99,68,33,65,103,76,79,77,87,96,66,63,122,68,105,123,106,110,35,97,121,108,73,90,22,114,84,119,42,161,84,41,26,97,113,89,96,92,72,112,126,120,69,120,117,14,79,110,45,69,93,80,28,128,77,48
"COG1436",34,13,10,9,10,16,1,7,12,17,2,22,8,6,19,14,8,18,6,8,5,2,6,5,11,7,3,16,8,7,7,15,5,2,2,18,5,11,13,13,8,3,8,9,15,9,7,22,8,8,11,15,1,20,7,3,12,40,5,5
"COG1437",0,1,1,2,4,4,0,4,1,3,1,0,2,1,1,1,0,3,1,0,2,2,3,1,0,0,0,1,1,1,2,1,3,1,0,2,0,4,0,3,0,1,1,5,1,2,1,1,2,3,0,3,0,0,2,2,2,9,4,0
"COG1438",104,121,112,123,149,101,141,170,109,151,171,194,145,152,146,132,155,159,93,105,137,186,173,162,138,135,218,120,121,92,148,121,155,154,125,143,241,141,121,138,131,109,114,134,109,105,121,125,118,175,83,203,102,194,116,137,100,108,109,131
"COG1440",97,30,11,4,3,26,2,6,9,7,8,26,10,3,15,26,9,13,7,4,10,7,2,2,10,5,7,16,8,3,10,27,29,16,15,21,7,45,37,7,15,42,27,13,50,14,15,12,22,7,73,57,15,13,8,14,42,5,65,25
"COG1441",6,45,0,0,0,2,5,1,2,0,2,49,0,0,0,4,3,0,0,4,0,2,1,0,1,3,0,9,0,2,0,1,5,0,5,0,4,7,0,0,1,0,0,4,1,2,1,0,0,1,5,6,0,0,2,11,1,13,26,5
"COG1442",151,429,218,269,188,437,241,267,268,184,249,363,131,206,209,574,193,263,153,210,164,236,391,248,117,129,376,204,135,257,265,131,314,244,191,434,369,208,202,158,309,151,194,190,88,155,248,168,203,142,165,728,412,106,173,207,88,121,375,171
"COG1443",2,34,34,40,41,5,68,12,38,41,65,23,14,36,34,11,43,24,50,31,35,52,95,26,55,19,104,33,13,43,23,40,40,35,60,13,108,16,26,40,32,52,52,44,29,61,15,20,34,94,57,2,10,56,50,22,3,21,47,66
"COG1444",10,109,0,0,1,4,4,2,8,0,2,118,2,0,0,11,11,0,0,2,2,1,0,0,6,8,3,36,1,0,0,3,12,1,1,0,3,2,0,1,3,1,2,11,5,14,1,0,0,0,8,8,1,1,0,16,0,13,31,10
"COG1445",318,349,200,141,127,377,78,183,100,147,155,505,246,89,188,168,90,201,102,173,132,246,205,143,79,143,51,198,297,62,255,96,135,82,89,196,76,290,64,137,99,133,137,177,214,59,152,229,138,122,129,323,186,185,77,207,578,111,125,134
"COG1446",51,63,15,43,28,56,47,6,45,11,1,166,44,34,50,135,69,34,31,22,32,29,5,10,43,73,4,26,32,74,10,29,23,35,36,1,5,30,33,30,31,30,50,27,12,51,36,12,31,6,91,13,19,3,24,21,60,20,51,20
"COG1447",86,72,17,29,12,39,19,12,11,10,12,110,12,11,32,40,28,20,10,15,31,19,27,8,41,7,8,40,41,7,21,17,46,21,12,31,13,39,20,23,27,16,26,24,65,18,23,14,22,18,45,62,9,14,12,13,89,9,95,17
"COG1448",41,124,6,9,23,35,34,12,43,23,79,168,7,10,5,16,23,46,14,15,6,41,31,12,22,45,14,54,27,6,14,29,67,13,17,10,14,30,25,6,38,7,18,39,21,25,44,7,10,24,63,47,12,13,15,33,102,42,105,47
"COG1449",1,106,189,119,142,5,175,163,147,95,142,0,55,132,71,21,135,160,200,113,98,68,66,165,152,62,187,90,18,155,103,154,170,124,124,109,244,34,226,120,162,119,140,133,49,152,167,100,134,107,68,0,72,114,156,85,2,67,67,143
"COG1450",34,109,0,3,1,13,18,2,15,2,1,278,9,1,2,34,29,3,16,2,4,2,1,2,10,4,3,75,1,12,3,12,45,20,9,0,0,4,11,4,11,16,39,29,7,28,17,2,1,1,64,9,3,2,2,1,1,39,66,16
"COG1451",64,48,69,73,92,79,37,57,65,63,76,51,63,79,42,106,59,72,68,77,70,25,27,42,41,72,14,53,76,64,115,151,164,103,122,201,46,137,128,129,154,120,128,111,150,85,69,161,140,52,114,101,162,108,133,143,160,148,141,68
"COG1452",19,107,3,0,5,25,23,8,17,20,145,164,3,3,0,20,22,10,13,6,5,2,2,4,12,23,11,49,5,17,0,2,6,3,8,3,2,8,1,4,6,2,8,11,5,4,18,0,1,2,8,18,14,3,16,21,0,21,37,43
"COG1453",86,99,200,251,196,157,75,137,258,171,74,71,210,224,112,50,129,213,183,253,248,94,87,135,210,147,26,194,207,156,188,323,160,67,156,170,62,187,204,176,186,179,217,164,271,289,143,199,147,56,185,96,167,115,257,206,175,273,154,84
"COG1454",1017,671,701,518,753,1146,359,615,515,607,414,742,778,666,780,1212,538,838,571,914,578,532,465,588,596,766,249,683,960,529,389,274,256,233,243,404,140,441,244,374,315,207,364,319,361,202,277,375,347,222,257,495,335,235,316,381,658,417,328,174
"COG1455",754,250,105,99,41,357,58,30,93,51,67,331,113,34,203,261,77,73,48,45,89,45,43,29,84,30,40,138,166,35,178,70,79,70,93,123,32,270,162,155,52,100,112,77,153,45,56,86,83,52,266,377,73,60,72,78,142,43,337,51
"COG1456",104,2,18,6,9,54,1,6,11,24,3,0,16,10,25,14,4,13,7,6,4,10,15,3,1,10,0,6,15,2,5,11,2,7,3,10,8,35,3,2,8,2,4,15,23,1,4,47,10,9,1,52,9,11,9,11,4,22,8,1
"COG1457",20,102,29,34,61,189,29,45,29,37,35,152,54,58,102,534,53,100,40,50,43,107,44,22,14,45,16,86,124,34,47,52,46,30,21,52,39,160,33,30,71,20,29,30,45,32,61,78,43,59,70,191,30,30,40,81,409,92,78,20
"COG1459",210,521,144,66,56,141,50,137,58,173,73,283,109,54,64,67,35,73,55,35,86,70,55,130,37,72,30,177,83,38,161,84,131,48,74,166,32,147,101,112,85,182,94,115,58,38,76,203,97,84,104,217,166,196,93,109,197,211,87,37
"COG1461",256,74,233,133,149,285,59,166,122,181,103,83,218,123,144,123,78,156,91,168,143,136,136,119,74,170,37,150,276,30,229,122,113,77,82,167,93,251,68,151,97,88,175,127,255,40,107,231,147,113,98,354,176,179,123,197,253,209,102,63
"COG1462",0,6,0,0,0,0,2,1,1,0,10,9,0,0,0,0,0,29,1,0,1,1,0,18,0,0,0,0,0,0,0,0,14,3,1,15,0,5,6,0,2,0,10,0,0,4,0,0,0,0,21,0,0,0,0,0,0,3,50,0
"COG1463",11,100,10,4,10,6,22,9,36,21,49,73,5,12,0,14,12,27,8,11,11,28,27,9,12,19,3,44,20,9,7,13,41,8,11,5,7,17,5,4,14,5,13,21,17,8,39,5,5,14,34,31,9,12,26,19,150,17,33,20
"COG1464",137,120,86,75,116,225,65,95,60,122,364,179,71,65,44,351,49,125,56,47,69,127,97,66,72,91,27,147,107,55,130,69,122,72,60,88,62,111,62,74,118,70,98,73,81,50,109,88,49,81,81,390,108,112,52,113,392,91,234,184
"COG1465",0,0,1,2,0,0,1,1,10,1,0,0,0,0,0,0,0,1,2,0,0,0,0,0,1,0,0,3,0,1,0,7,0,0,1,1,0,0,1,0,1,2,3,0,2,2,4,0,0,0,0,0,0,1,0,0,1,14,2,2
"COG1466",201,166,222,200,254,208,145,316,187,220,210,130,206,251,211,232,207,244,217,198,233,251,172,248,189,184,227,160,191,216,235,201,195,235,166,229,233,251,175,252,189,175,182,198,216,181,209,254,208,209,110,272,193,242,224,209,255,235,214,137
"COG1468",68,26,58,40,66,119,50,56,24,43,35,42,79,74,33,16,28,51,27,24,49,40,19,147,18,38,20,48,85,4,18,39,18,26,29,42,4,60,44,54,47,71,20,35,69,28,45,41,33,50,52,43,28,71,33,47,12,52,7,95
"COG1469",1,23,1,2,3,3,11,8,19,11,4,0,1,8,0,0,2,9,6,2,6,31,11,6,9,10,1,14,13,6,9,11,25,8,14,8,3,3,6,6,3,7,11,14,17,8,20,5,6,4,14,13,10,2,10,8,69,16,60,5
"COG1470",0,7,9,32,18,4,11,5,30,12,0,25,6,8,29,1,25,5,24,20,34,2,3,9,33,8,4,16,7,33,20,40,19,5,27,6,1,5,22,18,23,42,23,35,16,67,25,14,12,7,72,0,15,5,67,8,0,31,9,9
"COG1472",2007,1065,2821,3409,2675,2374,3664,1330,2413,2662,1774,726,2106,2697,2708,2298,2601,2529,2877,2694,2781,2574,3171,2025,3203,1831,2706,2841,2089,3053,2229,3260,2944,2322,3275,2714,2566,2382,2090,3612,2861,3299,2921,2011,2033,3317,2342,3024,2910,2865,3148,1297,2679,2000,3672,2415,1293,1532,1764,2895
"COG1473",328,290,216,231,216,434,219,165,308,289,215,697,338,231,109,404,168,264,269,157,258,122,166,167,178,376,44,252,288,255,190,265,194,170,281,169,105,273,254,149,260,321,510,291,350,93,462,119,189,155,874,625,227,164,314,247,505,224,362,210
"COG1475",966,778,835,666,758,1069,400,755,762,822,597,493,925,772,813,701,703,730,559,777,744,525,586,662,561,824,461,927,813,627,730,858,649,436,663,864,439,912,490,687,753,636,689,748,1200,565,494,998,784,633,530,600,734,764,797,643,734,1121,794,468
"COG1476",227,23,78,36,50,106,4,68,73,50,32,24,69,48,95,72,22,69,30,35,85,19,27,52,18,28,11,45,88,26,67,38,44,35,24,82,34,101,53,27,62,44,36,49,39,33,33,55,44,67,18,146,39,35,48,75,26,76,26,16
"COG1477",194,128,232,249,245,236,294,200,301,230,303,97,293,205,252,123,218,211,252,235,219,250,320,297,209,222,273,212,247,294,253,225,213,326,290,246,334,221,194,211,219,317,230,235,236,285,256,244,241,249,287,266,236,284,271,259,183,197,204,254
"COG1479",136,322,429,148,399,450,593,1195,409,614,611,66,241,775,593,819,816,645,450,180,336,396,792,699,361,423,539,229,213,504,467,331,497,572,752,599,337,429,384,423,406,332,215,477,191,520,197,255,340,362,158,231,307,704,356,335,683,306,348,305
"COG1480",38,63,188,243,221,35,573,242,233,223,266,3,199,262,275,42,353,256,335,253,249,256,416,297,282,303,473,147,153,420,138,208,327,329,354,180,574,119,249,269,265,240,269,200,146,277,352,150,261,514,279,8,203,280,189,251,16,130,287,410
"COG1481",211,59,125,108,116,224,20,157,100,141,53,36,144,105,126,217,39,101,58,101,55,50,87,95,35,98,23,120,172,28,154,63,53,59,61,135,38,206,49,119,68,54,83,101,121,42,53,172,95,70,54,202,123,149,74,139,208,180,45,30
"COG1482",120,191,281,239,325,202,246,239,364,263,317,162,226,303,236,105,279,343,357,322,295,235,253,303,221,192,276,224,211,288,215,299,302,220,285,313,252,227,355,344,299,348,285,314,339,293,276,277,272,273,248,288,268,201,321,382,216,175,225,244
"COG1483",0,3,31,12,97,0,9,0,18,1,23,0,3,1,91,0,5,35,7,0,8,1,1,15,1,1,6,48,0,5,2,17,10,1,276,76,0,55,21,1,83,110,80,35,47,0,3,15,10,9,0,0,168,20,21,18,0,0,264,23
"COG1484",515,595,603,411,507,542,229,575,471,379,265,661,522,419,627,469,381,435,471,683,555,456,1226,315,612,900,128,404,590,709,514,354,333,921,814,504,142,631,523,737,407,398,444,719,537,370,391,840,537,253,345,461,505,624,350,683,153,568,380,292
"COG1485",5,70,0,1,1,5,5,0,8,0,9,85,3,1,0,13,2,0,1,3,0,0,0,0,6,1,6,28,2,3,0,3,18,1,2,0,2,1,0,1,2,2,0,10,1,7,1,0,0,0,6,16,0,1,1,0,0,10,38,7
"COG1486",229,293,69,53,55,198,72,26,71,80,50,365,71,66,57,133,64,43,66,47,83,76,81,28,53,58,36,171,158,52,52,70,123,56,59,115,36,98,100,61,46,157,200,110,115,62,55,55,63,46,191,259,58,40,46,69,228,179,385,78
"COG1487",8,53,11,25,48,16,58,5,23,44,4,78,9,27,12,53,20,18,21,41,44,63,75,22,25,1,77,26,6,17,20,41,34,5,18,10,151,15,32,38,18,49,20,2,0,27,22,7,16,89,7,4,5,6,30,6,7,20,33,4
"COG1488",422,184,300,222,258,395,90,204,210,204,948,183,249,205,207,413,156,331,153,136,186,91,126,165,197,228,37,196,262,98,314,251,258,92,134,319,86,275,167,198,286,212,239,214,241,146,182,279,204,181,153,614,241,246,217,279,344,272,240,96
"COG1489",62,76,44,10,23,39,16,19,25,65,15,123,36,16,33,20,41,33,19,21,37,6,21,14,29,29,14,51,21,7,14,20,7,5,10,13,6,16,12,9,16,17,17,24,37,10,14,26,14,8,23,12,19,14,15,13,16,27,20,5
"COG1490",64,65,61,66,70,69,67,73,74,64,69,48,83,73,71,85,85,67,68,53,57,59,61,52,71,64,92,65,59,73,154,114,120,115,149,142,251,165,122,123,152,122,109,134,125,128,122,145,128,163,103,124,117,184,108,140,126,162,107,163
"COG1492",146,100,183,186,204,157,94,123,185,127,74,44,209,235,200,78,235,175,209,237,158,161,112,78,222,307,13,221,226,177,221,238,167,168,204,167,62,205,210,245,183,166,282,259,231,230,208,177,255,98,210,126,240,95,152,188,314,159,221,114
"COG1493",204,44,137,73,107,192,27,102,70,118,75,50,172,104,122,67,45,111,81,110,114,46,75,100,51,100,28,112,169,37,155,88,43,58,64,119,47,141,44,115,74,61,117,97,144,35,34,156,125,77,73,197,149,113,100,122,85,104,45,34
"COG1494",18,102,4,4,9,28,29,8,21,5,62,154,7,3,0,29,15,13,17,12,6,5,6,7,18,16,4,36,7,8,8,16,14,14,11,3,11,19,8,8,17,10,38,21,26,13,17,3,10,15,47,22,8,9,6,24,5,19,35,40
"COG1495",1,14,0,1,0,3,0,2,3,7,15,34,0,3,0,9,5,4,1,0,3,1,0,1,6,11,3,9,0,7,2,9,9,2,10,2,4,5,4,0,11,2,18,4,7,12,37,1,1,0,11,13,15,9,11,34,1,8,27,20
"COG1496",141,110,156,111,140,163,220,197,130,173,235,102,137,128,154,236,142,167,143,121,106,192,228,159,117,161,208,112,155,161,105,120,130,231,149,166,227,146,138,148,142,137,139,129,99,103,153,150,133,235,109,94,155,199,82,160,204,170,170,205
"COG1501",1398,759,1071,1168,1080,1095,1233,648,915,923,865,660,827,889,1257,1262,1002,892,1204,1308,1109,1170,1013,917,1392,844,971,1006,1084,1334,1153,1120,951,825,1137,975,1539,909,794,982,1176,1359,1114,967,839,1477,1105,859,1005,1051,1231,676,1076,942,1476,898,848,824,1093,1054
"COG1502",309,207,327,312,230,347,253,314,314,371,362,301,428,335,303,172,359,329,281,314,343,401,313,284,289,297,343,382,368,284,839,599,477,656,541,620,606,722,507,694,539,688,527,603,602,532,553,575,568,665,432,646,752,722,539,742,248,456,572,560
"COG1505",0,35,89,76,23,2,8,107,45,21,24,0,12,8,46,0,23,10,72,26,35,3,8,52,9,9,9,36,14,68,40,52,65,20,44,7,41,11,67,43,61,59,42,9,29,45,145,51,38,0,116,1,13,26,53,3,0,8,14,17
"COG1506",163,350,761,1325,914,178,2204,793,1163,881,1220,12,748,1218,1177,562,1555,1069,1454,1272,1041,1671,1634,1064,1452,1307,1769,622,457,1701,478,1361,1542,1577,1542,885,1683,446,1509,1089,1444,996,1243,1096,696,1330,1077,587,1035,1720,1108,34,1235,976,928,790,270,593,1364,1915
"COG1507",5,13,0,0,12,21,0,0,0,0,0,0,2,0,0,104,0,7,0,0,0,0,1,0,0,0,0,0,0,0,1,0,0,0,0,0,0,1,0,0,8,0,0,2,0,0,1,2,0,4,0,4,0,2,0,1,38,0,1,0
"COG1508",51,165,159,203,217,61,518,141,230,214,429,206,156,220,163,46,283,215,269,222,200,477,411,277,279,233,486,179,128,373,122,235,405,417,310,169,341,120,341,203,236,209,263,209,157,267,268,159,244,369,240,46,194,217,258,188,305,144,261,371
"COG1509",15,77,42,71,30,6,41,25,70,43,10,55,49,69,52,19,73,8,89,95,73,20,4,24,68,47,6,70,9,94,58,176,95,82,157,29,10,66,183,112,117,163,142,132,98,290,132,50,117,12,212,17,59,35,158,46,1,133,88,55
"COG1511",681,400,471,230,481,935,18,331,148,259,181,148,526,247,429,1692,91,494,165,291,282,112,197,434,71,199,43,267,698,70,500,239,89,118,201,439,152,567,99,255,295,465,219,357,314,95,142,398,323,293,39,799,413,279,205,454,804,395,157,109
"COG1512",115,82,140,116,151,116,129,128,159,109,131,51,215,147,157,30,180,159,130,114,117,110,108,142,140,210,94,136,134,140,124,155,111,87,126,100,75,138,116,127,127,104,158,150,205,122,128,183,169,79,99,46,166,129,153,112,57,160,140,138
"COG1513",6,29,2,0,0,1,5,0,2,1,0,32,0,0,0,2,2,0,0,0,0,0,0,0,0,0,2,8,0,2,0,0,0,0,0,0,0,0,0,0,1,0,0,2,0,2,0,0,0,0,3,7,0,0,0,1,1,0,0,2
"COG1514",6,28,0,2,2,7,10,0,11,13,1,47,1,0,1,8,6,23,1,1,4,1,2,1,4,3,3,16,0,2,1,3,3,14,0,7,2,3,0,0,3,0,0,10,2,4,3,1,0,0,1,2,2,17,2,2,0,20,16,2
"COG1515",2,19,0,0,0,5,2,2,1,0,0,35,1,1,0,7,3,0,0,0,0,0,0,0,1,1,0,20,0,0,0,0,19,2,1,0,0,1,2,0,0,1,3,3,1,2,0,0,0,0,17,4,0,0,2,1,1,2,15,9
"COG1516",12,37,37,20,14,21,4,20,14,28,83,72,22,10,14,1,4,10,13,10,28,4,6,33,2,9,4,43,47,2,41,8,4,15,21,22,15,19,10,34,8,33,8,24,6,10,17,27,16,21,19,3,52,17,17,49,4,8,7,33
"COG1518",171,135,173,133,192,242,157,157,85,210,311,142,204,317,197,190,247,199,142,191,185,237,220,294,139,96,222,151,265,49,129,136,126,255,116,175,350,225,169,166,218,227,103,167,178,102,135,162,205,276,186,209,203,284,142,167,183,133,102,265
"COG1519",38,184,101,144,196,27,285,87,249,127,191,125,112,190,149,29,265,165,219,216,189,229,202,118,289,198,238,124,102,294,104,201,268,209,229,132,191,119,193,157,198,165,235,206,135,200,209,87,153,238,201,44,132,129,179,168,333,86,233,211
"COG1520",31,163,143,259,184,30,184,95,179,138,147,47,195,328,253,30,236,54,312,430,279,74,31,149,358,242,147,178,84,474,206,284,205,174,191,103,29,145,216,291,344,347,172,220,189,424,222,244,296,23,405,41,117,69,319,127,10,313,155,361
"COG1521",164,105,213,150,176,203,64,153,143,183,73,66,201,173,141,226,141,200,163,206,174,88,119,122,94,189,39,169,167,126,186,177,150,111,129,167,90,248,154,147,194,137,153,172,248,116,107,194,176,77,99,97,187,156,143,172,210,154,122,71
"COG1522",126,212,296,238,196,174,297,338,286,284,392,252,211,281,240,210,277,237,231,253,268,410,367,354,229,240,399,225,221,331,309,219,349,408,283,251,383,235,267,254,289,244,210,231,183,235,308,189,229,240,253,96,237,355,195,284,327,162,367,299
"COG1523",216,354,364,442,430,783,422,400,254,264,467,347,476,383,478,1369,340,402,369,316,322,576,505,278,328,378,448,338,623,405,276,340,310,531,385,267,456,468,286,295,436,367,366,341,385,339,372,287,352,516,364,637,346,293,308,458,1147,205,370,444
"COG1524",31,220,152,273,363,91,408,448,349,202,234,43,258,312,220,207,312,319,340,230,263,300,650,309,440,296,457,213,93,389,207,378,271,468,406,202,483,145,363,321,417,287,344,353,190,418,415,179,273,210,267,26,288,322,298,246,109,241,298,591
"COG1525",4,160,12,3,10,4,10,4,8,21,5,9,3,5,1,26,7,3,6,5,8,2,0,0,6,7,2,29,6,7,9,7,3,11,2,16,8,3,3,15,14,6,11,11,3,22,3,6,0,0,20,5,11,10,21,6,2,40,47,4
"COG1526",41,55,25,20,4,21,8,17,13,19,11,106,30,8,14,21,29,23,15,23,24,3,16,9,6,40,0,33,17,16,5,14,18,6,24,3,6,25,4,8,21,3,8,23,36,5,11,24,23,5,17,36,13,9,9,10,11,24,48,9
"COG1527",197,31,52,54,45,168,13,30,39,69,17,111,61,42,88,82,22,52,19,33,32,20,34,50,28,50,7,45,110,26,44,63,29,37,32,59,32,89,41,43,32,34,36,50,73,20,36,84,37,47,61,166,33,72,54,45,62,112,39,19
"COG1528",32,152,100,74,162,29,106,128,177,64,63,110,152,200,135,37,330,97,127,171,164,122,21,148,209,165,61,96,46,283,65,193,172,97,118,116,71,84,197,79,196,104,122,154,112,212,150,98,168,19,131,21,125,67,119,129,22,97,140,69
"COG1529",847,286,187,133,143,459,129,104,292,170,94,1112,379,148,205,269,158,251,165,155,208,165,178,132,196,326,60,235,570,100,136,116,64,55,77,86,35,158,98,71,118,60,140,129,204,47,146,100,99,77,250,275,112,67,115,127,227,153,83,67
"COG1530",164,313,203,141,212,181,381,295,273,235,328,264,166,207,144,320,233,245,313,223,164,249,299,265,206,201,389,266,170,219,228,217,273,322,285,255,345,214,234,252,217,152,265,248,148,184,285,228,215,328,171,152,270,253,199,244,224,256,329,352
"COG1533",269,116,313,300,190,176,303,350,248,337,260,109,268,414,314,99,285,193,302,199,335,116,69,352,183,279,251,200,363,447,408,146,95,248,185,407,120,269,186,399,232,356,273,263,237,146,234,327,268,134,220,129,286,200,192,245,64,255,170,183
"COG1534",80,52,50,36,56,63,8,50,30,31,46,67,51,29,46,27,29,61,18,56,37,30,21,38,20,25,8,62,55,12,58,20,24,18,28,46,20,67,18,49,30,34,44,39,39,25,39,60,43,24,34,86,39,50,24,48,55,57,22,20
"COG1535",9,43,0,0,0,2,6,0,1,0,3,69,1,0,0,3,7,0,0,0,1,0,0,0,2,0,1,14,0,1,0,1,5,1,0,0,0,1,0,0,2,1,0,6,5,3,0,0,1,0,11,4,0,0,0,2,1,11,12,4
"COG1536",12,62,68,16,23,30,9,39,19,47,73,125,65,22,37,7,3,45,27,14,40,19,17,56,19,8,5,77,104,6,110,10,14,17,24,35,18,37,19,65,9,30,27,44,15,24,37,35,31,27,36,6,77,19,45,66,4,26,7,41
"COG1538",179,824,1091,1745,1627,153,2194,1385,1680,1175,1018,373,997,1754,1370,268,2236,1536,2255,1768,1478,1587,1374,1499,2126,1736,1377,1156,557,2501,968,2127,2004,1575,1992,1183,1268,677,2181,1505,1819,1460,1988,1825,1152,2382,1903,813,1819,1224,1561,122,1230,1081,1708,1409,405,867,1872,1798
"COG1539",91,106,96,71,139,77,142,115,75,109,156,97,65,90,84,197,119,104,93,104,105,98,129,75,102,78,144,93,71,133,88,97,109,155,108,90,162,84,81,125,114,141,109,108,62,94,123,80,92,122,116,149,100,132,69,119,99,54,86,117
"COG1540",91,46,6,9,24,21,4,11,13,17,17,46,12,16,14,66,9,18,6,40,10,4,12,9,7,16,4,25,19,8,16,17,12,8,12,10,5,21,1,11,8,6,8,25,10,15,12,24,20,7,15,40,9,21,18,25,14,13,37,12
"COG1541",195,129,207,353,289,46,123,133,349,186,256,202,219,405,267,102,310,138,410,345,347,201,66,276,458,248,100,222,164,392,249,387,286,191,266,213,40,148,371,328,339,339,341,323,246,467,336,243,337,62,390,158,257,204,315,237,171,248,236,174
"COG1543",0,7,0,0,0,0,0,42,0,3,6,0,0,0,0,0,0,2,0,0,4,0,1,0,0,0,3,1,0,0,16,2,0,0,0,53,0,36,0,18,0,0,0,0,0,1,0,38,0,0,0,0,34,17,7,0,0,82,0,0
"COG1544",160,138,121,94,96,135,26,143,92,99,91,138,85,61,73,158,52,100,69,84,62,48,53,113,30,46,24,106,128,42,127,69,79,58,59,115,53,127,63,87,78,65,55,63,65,51,81,105,54,54,55,203,90,123,60,125,133,166,65,35
"COG1545",0,0,0,0,0,0,0,0,0,0,1,0,0,0,0,0,0,0,0,0,0,0,0,0,0,0,0,0,9,0,0,0,0,1,0,0,0,0,0,0,0,0,0,0,0,0,0,1,0,1,0,13,0,1,2,0,0,6,0,0
"COG1546",80,156,130,110,169,132,74,160,150,140,160,95,127,129,108,123,123,176,141,126,115,142,98,122,108,121,113,154,131,100,144,137,136,112,136,141,118,148,161,167,163,130,119,135,195,114,158,167,132,82,139,196,143,129,152,85,202,121,136,86
"COG1550",0,1,0,2,0,2,0,0,0,0,2,7,0,0,0,1,1,1,0,0,0,1,1,0,0,1,0,0,3,1,2,0,0,1,0,0,1,0,0,0,0,0,1,2,4,0,3,0,0,0,3,0,1,1,0,2,0,1,1,0
"COG1551",4,14,20,13,10,7,0,9,5,7,6,31,15,9,8,5,1,10,5,6,13,4,3,31,3,9,1,8,26,1,31,7,3,3,7,10,6,7,8,19,6,27,5,15,5,2,14,5,15,8,15,1,15,7,12,17,0,8,11,4
"COG1553",5,43,0,2,0,7,7,3,3,0,1,43,0,0,0,8,8,0,0,5,1,1,1,0,2,3,4,12,0,1,0,0,8,1,4,0,1,7,1,0,3,6,0,5,1,5,1,0,0,1,8,11,1,1,2,10,0,7,31,3
"COG1554",32,180,144,167,173,92,17,43,78,40,26,180,144,156,103,130,124,84,196,75,128,29,38,30,163,57,24,236,116,81,147,203,113,120,99,86,28,134,199,239,120,219,159,111,46,206,184,333,177,17,105,104,162,48,228,175,5,102,62,41
"COG1555",78,83,96,121,146,160,135,200,109,125,188,44,110,110,102,186,152,158,126,132,116,268,185,178,99,112,166,68,100,129,149,126,149,233,130,147,176,142,158,148,139,79,95,109,79,116,136,80,118,198,139,140,138,180,104,153,102,105,139,120
"COG1556",10,35,17,23,21,4,27,15,28,10,6,63,28,36,37,14,68,39,44,44,26,22,1,29,50,34,4,28,11,68,2,25,41,24,29,42,6,32,13,15,63,25,31,12,10,25,32,23,28,4,22,44,37,10,3,48,6,15,53,30
"COG1558",4,22,39,17,13,17,5,20,14,39,53,52,41,15,21,4,8,21,24,12,23,8,9,38,5,6,4,33,55,6,48,7,3,9,11,14,6,17,8,37,5,37,13,29,6,13,26,27,17,6,22,1,54,17,32,37,3,11,3,25
"COG1559",131,171,164,144,187,102,208,252,190,184,304,60,108,145,67,282,182,242,192,234,142,184,242,212,166,123,246,149,57,135,163,131,146,218,184,175,232,132,229,139,192,96,166,189,181,200,212,183,162,218,106,255,156,286,126,143,174,176,151,218
"COG1560",30,200,86,105,84,15,214,148,185,89,191,209,55,130,80,44,128,132,158,98,147,205,210,164,161,96,195,149,67,152,77,134,203,173,132,101,194,82,165,94,183,106,133,140,78,129,177,56,102,111,157,62,99,108,102,129,162,78,221,156
"COG1561",177,126,212,168,171,125,258,248,228,237,299,109,197,223,192,77,184,212,228,195,195,199,201,286,179,179,251,174,172,209,237,191,223,214,201,232,355,206,202,227,190,177,190,173,211,170,220,198,204,304,139,99,217,213,193,191,133,229,168,262
"COG1562",0,59,3,0,0,0,0,0,0,4,80,0,0,0,0,0,0,2,3,0,0,0,0,0,0,1,0,20,0,0,0,0,0,0,0,0,0,0,0,0,0,0,0,0,1,0,1,0,0,0,0,0,0,3,17,0,0,3,0,14
"COG1564",122,37,118,127,147,147,59,152,104,89,56,29,166,166,132,66,127,113,125,140,116,66,37,159,102,172,20,92,112,162,116,121,73,93,94,105,59,100,113,131,80,68,97,143,87,108,136,89,139,48,75,144,85,114,98,113,50,105,66,49
"COG1565",0,13,0,0,0,0,0,0,1,0,0,0,0,0,0,0,0,0,1,0,0,0,0,0,0,0,0,6,0,0,0,0,0,0,0,0,0,0,0,0,0,0,0,0,0,0,0,0,0,0,0,0,2,3,0,0,0,1,0,0
"COG1566",60,363,62,152,175,31,269,146,136,160,160,552,80,136,87,73,237,365,150,95,106,219,185,73,279,117,301,217,23,260,77,179,313,230,167,224,86,58,184,146,299,208,234,162,73,223,203,137,95,184,338,70,190,186,188,180,6,137,480,291
"COG1567",6,1,11,1,10,0,0,11,8,7,7,0,6,18,5,0,4,18,6,1,7,30,10,13,1,0,2,16,35,2,11,5,10,5,3,20,8,19,3,9,16,31,1,5,4,1,6,11,14,2,1,28,23,3,4,6,13,24,2,8
"COG1568",0,21,20,57,162,0,0,14,0,20,0,0,82,35,72,6,1,1,0,37,27,70,2,0,89,0,3,53,5,22,46,70,9,64,28,9,0,1,19,0,18,54,68,0,0,63,0,11,0,5,79,0,0,3,1,17,0,12,19,11
"COG1569",0,2,3,5,0,2,1,1,0,0,0,0,0,0,6,0,3,0,1,9,8,1,0,5,5,2,0,5,2,0,0,0,1,0,0,0,0,0,1,0,1,16,0,2,1,10,5,2,0,0,8,0,3,0,20,0,0,1,0,0
"COG1570",238,224,249,187,258,236,297,308,233,207,295,152,285,292,261,305,276,276,300,258,262,310,241,232,249,316,213,277,241,342,290,231,267,289,263,260,200,302,243,292,277,204,302,277,269,221,284,310,260,241,185,269,306,318,226,281,281,292,228,255
"COG1573",49,88,117,90,120,74,49,89,92,81,45,11,63,97,80,100,120,91,154,107,80,45,27,43,112,85,13,101,49,98,89,134,94,56,85,115,32,67,124,124,115,82,107,91,132,88,83,90,76,31,90,97,106,45,121,100,75,115,95,48
"COG1574",84,100,48,20,90,255,37,41,93,107,36,135,39,43,50,370,20,78,55,49,57,31,44,109,43,82,4,65,59,48,69,128,61,59,70,54,11,104,69,29,98,53,88,112,131,43,98,64,44,25,223,76,42,37,91,28,261,135,122,60
"COG1575",19,120,80,104,123,98,130,167,121,84,206,88,35,144,59,277,128,120,151,135,109,111,113,107,167,77,143,126,19,116,41,77,39,62,77,22,51,18,82,46,68,56,81,50,25,87,86,30,49,54,48,48,44,54,63,53,65,30,57,84
"COG1576",102,97,109,93,134,173,110,177,119,172,152,65,151,129,114,176,137,124,112,124,136,128,130,163,116,124,120,112,118,127,153,127,139,127,105,156,163,134,115,134,131,104,109,138,140,115,121,107,104,131,112,184,149,182,129,138,169,119,95,128
"COG1577",5,8,1,1,0,52,0,0,0,0,0,2,0,0,0,41,0,0,0,0,0,0,2,1,0,0,0,0,0,1,0,0,0,2,0,2,0,9,11,0,2,0,0,3,1,0,9,0,1,4,1,210,0,2,2,1,4,11,1,0
"COG1578",5,1,8,3,6,40,0,4,2,22,0,0,8,2,5,3,1,2,3,2,2,2,2,1,0,4,3,5,7,2,1,3,1,3,5,11,0,6,7,4,3,1,4,7,7,0,0,13,0,4,3,15,2,2,10,6,0,21,5,1
"COG1579",5,45,31,70,106,7,156,116,94,80,113,0,41,76,84,11,99,97,101,57,69,116,150,113,85,55,181,73,21,92,50,87,116,143,128,67,205,29,98,94,95,71,81,79,63,143,110,32,88,176,68,1,58,113,93,52,0,30,84,138
"COG1580",0,21,0,0,0,0,4,3,2,0,63,31,0,0,0,5,2,0,0,0,0,0,0,0,1,0,2,7,0,2,1,0,2,0,0,0,0,0,0,0,2,2,0,5,1,3,0,0,2,0,0,5,0,0,4,0,0,8,0,25
"COG1582",0,1,9,4,2,4,0,19,0,12,2,5,5,8,1,0,0,4,5,9,7,5,1,5,1,4,1,4,8,0,13,3,1,5,5,5,2,11,4,14,1,4,5,10,1,0,3,2,4,1,3,0,19,7,3,9,1,3,1,5
"COG1583",3,4,17,2,11,1,23,6,9,29,2,0,4,23,14,0,6,29,5,8,4,1,47,22,1,1,0,1,0,0,1,10,9,7,5,15,0,11,36,16,12,0,12,33,0,0,1,11,1,9,0,3,12,8,6,15,0,6,3,3
"COG1584",8,45,2,6,2,3,17,2,15,6,5,67,2,1,0,10,9,1,6,8,0,0,0,5,3,2,5,26,4,3,2,4,20,0,5,2,1,2,3,1,0,8,10,14,7,6,7,1,3,2,18,13,0,0,8,1,1,6,21,0
"COG1585",130,36,69,31,42,50,10,61,28,77,31,46,62,52,90,30,30,44,25,49,35,22,37,18,15,37,42,70,86,13,75,39,21,35,24,67,33,82,24,54,25,14,38,26,51,24,24,87,40,31,19,87,46,95,44,54,36,80,30,17
"COG1586",38,48,15,5,26,13,8,27,40,11,16,88,5,15,2,14,17,12,9,9,15,22,23,28,12,14,3,17,24,4,12,10,30,6,5,35,7,6,8,3,13,8,15,22,17,13,22,15,22,11,50,34,14,17,17,10,63,11,22,6
"COG1587",228,131,40,12,61,83,29,36,61,28,40,141,45,53,92,68,34,36,27,34,30,74,61,19,22,66,7,79,159,27,71,25,109,35,38,82,35,106,50,53,38,29,92,90,68,28,69,37,56,387,75,109,34,30,31,69,215,70,57,21
"COG1589",100,84,28,7,7,58,12,69,24,36,71,98,16,14,15,31,18,28,8,37,13,3,10,12,18,18,8,36,25,14,37,26,11,3,22,48,9,56,15,34,22,6,30,28,27,13,31,49,17,6,18,130,28,57,27,20,7,170,30,32
"COG1592",377,197,343,240,265,235,286,358,283,266,344,164,312,337,316,96,325,260,326,242,300,344,353,362,289,322,313,235,336,239,308,282,360,318,302,356,316,316,329,309,296,281,320,279,331,238,337,313,284,319,314,193,270,384,242,306,289,350,243,290
"COG1593",398,310,210,241,170,272,166,120,227,198,91,1112,494,214,155,124,297,224,152,173,248,167,228,217,371,607,76,200,515,159,258,294,154,182,218,167,166,304,189,128,155,171,376,265,471,120,414,187,292,154,750,181,194,155,308,422,512,204,200,167
"COG1595",1236,908,1535,2106,1997,861,1879,1506,1938,1667,1205,329,1383,2255,2055,564,2148,1140,1778,1888,2236,1400,1205,1996,1887,1581,1940,1229,1113,2821,1397,1940,2103,1775,1842,1568,1466,1271,3750,1846,1859,2530,1636,1854,1334,2740,1657,1194,1663,1284,2652,499,1377,1466,1940,1180,453,1801,1271,1334
"COG1596",44,197,282,430,311,29,578,415,394,330,454,216,163,372,237,76,483,372,539,275,384,672,467,430,578,312,659,228,109,423,203,473,406,587,424,243,575,120,351,371,453,535,485,369,216,640,467,170,359,397,415,25,339,329,322,291,60,299,388,415
"COG1597",216,316,284,243,448,475,320,417,313,364,318,161,284,350,279,622,338,359,371,321,317,319,367,390,365,269,400,291,293,341,388,376,264,369,335,365,366,328,352,351,399,358,358,351,283,312,364,370,330,360,278,398,316,395,298,315,409,379,271,287
"COG1598",10,27,38,11,18,34,6,33,16,61,8,44,30,27,22,43,26,36,5,28,34,6,17,11,17,40,16,31,28,8,6,12,16,23,24,37,14,30,14,36,21,91,25,17,61,17,19,32,20,32,11,35,45,23,14,27,11,32,13,17
"COG1600",29,134,33,60,37,22,14,73,70,23,27,104,24,14,9,38,29,72,50,7,49,5,11,42,58,31,17,66,9,25,36,27,46,8,37,18,49,38,73,37,21,39,54,56,19,59,105,29,24,18,59,85,16,30,51,2,4,97,36,26
"COG1604",0,0,0,6,0,0,0,3,3,2,0,0,0,0,1,0,0,0,0,0,2,0,0,0,0,0,0,0,0,1,0,0,0,0,0,0,0,0,0,0,3,0,0,0,0,0,0,0,2,0,0,0,0,0,2,0,0,0,0,0
"COG1605",117,170,60,59,92,72,39,61,108,92,137,166,77,66,56,108,71,69,34,109,74,23,30,41,56,113,18,137,31,39,75,57,51,25,51,51,39,105,61,49,75,17,57,72,171,39,32,82,84,45,64,71,59,85,74,34,51,105,91,85
"COG1606",76,48,23,15,14,58,22,35,58,30,12,37,64,28,28,14,21,32,12,15,22,40,40,18,17,30,3,28,67,12,25,29,41,18,17,27,15,33,21,2,26,10,27,34,35,3,33,29,18,26,67,47,35,20,40,34,176,51,19,9
"COG1607",43,44,35,6,8,24,8,22,13,17,38,36,13,25,14,22,12,12,10,8,17,4,9,12,4,24,3,46,27,11,45,26,9,4,10,21,3,21,7,15,12,18,6,18,20,6,9,28,16,6,12,69,26,36,13,13,14,15,16,18
"COG1609",1178,954,657,499,883,1587,426,532,483,802,519,1591,634,617,752,2860,430,572,399,471,611,472,679,459,486,403,546,762,1127,538,1207,1067,1070,1228,1122,1121,865,1619,1195,1036,1254,1783,926,1055,1143,1164,941,1797,1176,1569,1564,2277,1398,1244,1002,1149,3545,984,1392,915
"COG1610",123,80,91,106,89,81,70,83,96,86,37,28,114,134,134,48,125,105,110,99,103,55,38,87,124,116,13,108,103,146,106,136,134,74,86,128,26,78,91,126,102,113,92,90,96,120,82,107,91,42,88,75,123,103,112,109,46,87,102,42
"COG1611",117,185,125,159,169,88,159,145,117,135,155,84,175,185,171,184,246,177,206,203,181,163,109,144,259,206,89,159,102,230,156,140,206,124,179,180,141,129,126,174,248,197,159,153,153,177,194,121,172,93,164,161,195,157,162,187,77,114,223,129
"COG1613",183,60,49,25,27,38,5,34,20,27,20,118,66,24,71,33,23,53,12,26,15,14,22,27,12,20,9,46,92,14,68,10,23,19,15,45,26,46,8,36,13,18,23,37,24,15,3,15,40,28,12,57,46,19,24,68,26,35,45,18
"COG1614",168,7,20,7,8,57,0,5,8,56,9,0,15,12,18,17,3,19,12,19,11,9,19,5,0,17,2,14,19,3,12,10,2,6,6,7,3,28,4,4,8,4,3,8,12,1,1,109,13,10,0,49,17,15,20,2,7,38,6,4
"COG1615",24,82,2,0,46,138,0,63,1,8,6,0,6,0,1,507,0,28,3,1,4,0,6,1,0,0,1,2,12,0,53,5,1,0,1,90,1,73,0,30,25,0,1,10,0,0,1,60,0,9,2,19,37,23,3,2,203,140,11,2
"COG1618",69,6,0,1,3,6,0,1,3,5,1,0,3,4,6,4,3,4,2,5,5,1,1,3,0,6,1,2,5,0,3,2,6,0,0,2,0,3,2,1,12,0,10,4,11,0,4,9,1,0,0,33,3,3,1,4,4,10,0,1
"COG1619",35,82,134,132,106,102,34,102,77,113,52,88,103,87,208,26,52,91,110,102,103,95,78,82,113,58,23,116,204,112,157,139,101,52,87,105,47,169,98,137,108,165,157,121,48,119,109,149,90,44,213,144,124,124,157,122,223,103,101,48
"COG1620",20,100,9,35,9,60,79,4,48,28,67,73,29,37,20,45,44,27,29,54,29,61,90,59,21,16,96,41,23,57,36,65,68,102,129,30,123,53,56,22,75,60,45,86,47,84,75,39,54,257,148,75,34,57,33,43,31,96,100,168
"COG1621",978,132,367,336,455,746,578,364,341,586,413,567,400,357,487,560,316,446,338,394,398,702,910,632,462,383,724,288,362,405,359,407,327,463,516,498,528,493,305,336,433,550,335,386,319,558,406,302,322,812,470,950,426,366,354,363,511,208,446,553
"COG1622",8,73,0,1,0,5,5,0,5,0,1,95,1,0,0,19,7,0,0,1,0,0,0,0,3,1,8,14,2,2,0,6,10,1,5,1,1,3,1,0,1,2,0,9,2,4,2,1,0,0,11,6,1,0,0,4,1,13,34,4
"COG1623",0,25,0,0,1,24,6,32,1,5,4,0,4,1,0,14,0,9,15,6,1,7,0,0,0,3,0,2,3,1,24,1,5,16,0,39,1,19,15,16,4,2,22,6,0,0,2,30,1,3,31,1,21,22,0,2,1,54,16,2
"COG1624",197,71,210,148,179,164,232,274,187,220,216,47,154,165,170,89,173,213,180,184,156,226,197,212,141,166,285,160,174,136,260,158,158,186,188,238,286,222,180,182,195,179,162,180,186,153,175,247,188,226,97,208,205,265,152,164,160,205,133,180
"COG1625",200,41,125,66,53,125,20,114,53,120,36,72,114,60,81,71,55,78,45,41,118,66,74,52,57,119,10,94,95,22,102,74,59,23,52,85,49,127,47,80,36,104,59,68,184,36,37,131,87,51,45,97,93,97,74,51,237,131,36,38
"COG1626",30,208,51,143,180,36,53,174,101,28,31,212,159,166,118,45,214,123,147,205,116,46,16,107,294,100,14,170,53,127,127,138,147,66,102,63,40,57,155,194,70,152,191,119,43,242,121,57,218,21,102,45,39,67,153,49,8,73,97,34
"COG1629",147,1149,679,1347,595,156,1882,741,1136,747,900,1461,686,943,661,296,1158,728,1167,952,894,1136,1204,1037,1479,1052,1465,675,263,1179,587,925,1191,1118,1227,553,1554,357,1168,955,899,850,995,1038,607,1437,1061,376,979,1816,1511,200,649,680,901,800,47,517,1289,1397
"COG1633",14,40,1,0,3,1,4,7,13,5,5,50,3,0,1,11,3,9,13,0,5,2,1,4,6,2,0,23,17,1,14,5,7,6,0,8,0,2,26,10,16,11,6,3,3,0,12,8,9,0,18,13,11,13,11,1,2,14,2,8
"COG1635",0,2,8,21,1,0,7,68,16,8,7,0,2,1,4,0,4,16,16,1,10,0,1,69,27,11,7,10,4,5,23,6,12,2,15,8,14,2,41,1,5,8,6,14,7,13,69,1,2,0,1,0,3,17,27,0,0,10,0,1
"COG1636",108,89,83,108,126,95,92,110,73,109,124,38,103,123,135,32,117,109,113,129,86,80,108,119,91,135,85,77,134,82,133,149,110,94,105,160,130,152,97,101,109,83,88,83,140,95,76,128,116,87,52,99,160,135,106,137,127,143,126,101
"COG1637",4,30,0,0,19,33,0,0,0,0,1,0,1,0,0,152,0,18,0,0,0,0,0,0,0,0,0,0,3,1,0,0,0,0,0,0,0,1,0,0,6,0,0,1,0,0,0,1,0,1,0,5,0,0,0,0,35,5,2,0
"COG1638",47,226,168,230,136,277,94,96,228,162,82,1013,457,189,106,82,253,255,116,157,203,129,213,194,291,517,60,144,343,136,195,215,173,137,209,147,167,236,154,96,155,146,306,217,382,92,366,122,192,125,682,111,159,94,215,344,448,172,165,121
"COG1640",475,431,601,405,483,553,379,554,320,476,606,312,471,431,472,881,505,607,498,524,421,679,550,475,398,488,543,469,562,437,549,403,459,561,483,430,392,517,316,496,483,364,474,490,573,335,415,547,525,428,230,412,523,504,357,543,924,333,429,322
"COG1641",115,61,47,33,33,57,11,18,50,46,16,33,62,37,35,16,21,64,18,28,26,43,36,43,23,39,4,37,144,10,41,66,36,28,29,30,36,86,26,23,33,18,49,34,31,13,32,44,40,26,42,59,65,34,36,62,115,47,32,28
"COG1643",58,489,17,2,71,202,289,83,78,71,340,419,13,13,1,671,33,80,18,9,16,160,172,217,31,35,290,204,16,27,24,20,51,111,118,3,253,23,12,11,72,14,15,57,21,25,102,42,5,197,18,66,31,124,13,59,280,72,135,309
"COG1647",1,7,7,15,0,6,3,1,17,17,3,0,4,4,2,1,5,4,7,5,10,15,8,4,5,1,0,17,7,2,6,6,14,1,12,19,0,2,11,17,6,3,6,3,7,5,8,3,6,3,7,0,7,19,23,0,53,14,3,6
"COG1648",133,65,35,19,40,47,12,39,38,17,31,115,64,32,61,36,22,64,29,30,19,29,41,32,13,30,3,43,134,13,39,15,70,29,19,37,28,55,32,30,26,20,28,59,30,9,25,24,33,137,48,68,48,39,35,47,127,55,78,18
"COG1649",102,172,356,553,498,111,644,603,393,399,445,75,436,570,530,65,633,424,580,476,381,424,501,494,651,607,599,293,218,723,456,571,608,647,560,433,828,261,514,568,573,540,528,493,421,683,678,333,532,516,571,16,490,424,436,484,68,231,564,631
"COG1651",19,122,15,30,57,90,22,12,17,19,51,118,15,10,16,271,28,13,9,10,25,2,9,21,8,13,9,64,8,68,59,15,38,6,23,12,10,10,17,6,58,34,6,58,17,53,15,3,10,4,60,45,25,5,55,19,177,28,132,43
"COG1652",6,18,34,41,7,1,7,17,4,10,12,24,15,21,8,18,17,25,14,50,27,3,30,36,28,31,6,10,18,14,14,10,10,12,14,10,122,27,41,5,9,9,8,8,68,26,41,12,16,9,44,10,13,9,37,73,8,66,21,3
"COG1653",4596,1227,2006,867,1293,3018,204,1284,630,1827,438,2048,1369,772,1528,3990,527,929,616,1009,1325,415,784,936,683,912,185,1841,2600,298,1269,830,386,619,901,1331,505,2199,1445,996,960,2261,891,876,1417,451,762,2402,1108,939,925,2616,1735,769,725,1464,2679,1867,656,390
"COG1654",96,31,70,44,54,67,9,57,27,47,57,45,88,39,59,37,30,53,44,70,33,30,24,32,13,68,9,74,78,6,147,68,80,46,58,98,47,166,38,77,51,66,84,81,153,50,69,127,92,71,48,228,114,89,76,124,150,79,78,63
"COG1655",1,0,49,20,25,11,0,33,12,26,24,0,40,27,19,0,0,39,15,21,27,8,16,35,0,12,1,29,87,8,83,6,3,16,22,29,17,32,3,61,5,85,23,40,4,9,11,25,29,20,0,0,49,24,24,53,1,5,8,12
"COG1657",0,0,0,2,0,0,0,0,0,0,102,0,1,2,1,0,3,2,0,0,0,0,0,2,13,0,0,0,0,0,0,0,1,0,1,0,0,3,1,0,4,4,0,0,0,0,1,1,0,0,0,0,1,0,1,0,0,0,0,0
"COG1658",41,14,26,28,31,51,7,32,31,35,25,0,26,32,10,24,30,22,19,40,22,30,26,20,28,56,12,21,18,0,26,25,22,17,18,26,9,49,23,17,35,6,31,28,68,13,27,42,26,34,18,108,29,31,27,17,75,31,20,13
"COG1659",0,2,1,7,3,0,4,7,19,8,0,0,3,6,0,0,7,2,4,3,2,1,0,7,4,3,0,0,2,0,9,7,5,1,3,2,3,0,2,6,2,3,4,12,8,5,2,2,5,3,31,0,3,0,5,0,1,3,0,2
"COG1660",192,136,183,196,214,221,193,258,191,218,328,154,202,230,238,240,200,270,212,232,227,300,213,297,205,223,350,182,203,220,231,201,247,355,190,211,192,229,221,218,208,171,204,234,220,218,244,200,200,206,210,223,258,239,169,228,209,150,228,202
"COG1661",4,17,11,26,15,39,0,5,31,40,9,23,16,24,15,2,26,18,16,2,29,20,8,4,15,4,3,15,14,4,9,24,43,4,14,39,6,38,8,12,10,6,15,22,39,7,24,25,21,19,9,19,17,38,32,27,28,20,10,5
"COG1662",127,1284,0,6,3,17,101,3,67,0,12,1100,14,6,2,127,54,0,14,6,18,1,1,0,16,9,13,609,8,13,1,19,34,17,31,2,7,18,1,10,37,38,5,166,15,58,15,5,3,1,101,9,2,4,1,6,7,244,18,47
"COG1663",28,151,90,118,106,18,358,136,196,149,259,70,81,159,117,35,183,120,205,121,177,258,237,169,195,179,310,93,51,239,70,140,140,266,225,76,349,68,184,139,144,102,131,146,111,168,159,77,135,240,156,30,82,163,141,121,7,67,140,329
"COG1664",9,54,24,13,4,8,2,9,17,31,5,2,14,18,1,2,11,4,7,8,27,3,3,11,4,11,0,54,3,3,7,6,5,2,14,3,0,2,58,2,20,52,6,15,15,35,7,23,6,2,38,14,22,13,32,5,2,16,8,3
"COG1666",4,39,2,3,5,4,9,7,9,5,37,30,4,3,1,4,2,19,3,7,1,18,11,5,8,12,4,14,10,1,3,7,29,2,1,7,6,5,8,4,12,0,4,11,2,1,13,2,1,7,6,23,3,4,8,8,73,5,17,16
"COG1668",11,26,93,42,39,19,9,43,33,49,41,11,30,43,18,33,12,51,59,54,23,16,11,59,2,14,7,41,45,17,160,44,77,52,50,158,37,37,115,91,152,33,74,77,29,10,25,135,85,11,8,114,134,167,47,105,8,153,54,24
"COG1669",15,14,54,59,32,5,43,95,97,52,176,1,46,60,46,21,47,22,79,41,108,44,117,156,66,67,76,35,23,160,45,80,71,111,88,20,104,19,90,54,50,88,51,29,43,93,57,20,29,30,81,2,32,78,50,41,1,49,57,88
"COG1670",279,493,455,504,515,337,300,589,443,428,227,563,474,478,489,654,531,384,482,495,462,351,289,435,495,465,190,440,428,532,418,384,403,356,358,362,312,373,513,445,452,566,351,414,365,666,400,361,391,475,511,383,364,315,462,393,428,457,469,295
"COG1671",68,44,62,25,45,67,2,33,20,79,34,75,60,24,60,21,25,52,28,43,47,17,36,23,21,26,16,55,109,13,98,17,25,22,26,42,31,86,8,38,35,39,26,36,69,25,12,43,30,18,30,32,51,75,40,87,29,20,40,20
"COG1672",240,198,341,515,625,187,3250,237,627,1164,1751,24,222,339,380,110,432,275,522,527,629,3197,3443,624,515,293,3809,247,161,479,247,305,717,2407,1758,169,1866,324,508,330,306,703,271,291,251,777,265,230,377,3407,693,92,217,1876,486,322,108,277,335,1162
"COG1674",1273,446,495,402,422,771,609,770,530,495,542,394,433,454,572,921,225,570,428,429,364,289,607,710,392,449,529,529,489,234,669,370,328,376,492,632,658,799,374,608,442,315,414,402,520,285,447,615,488,658,267,996,504,751,420,493,672,877,274,521
"COG1677",5,23,35,7,11,16,1,19,4,16,32,38,31,6,13,4,6,18,7,8,24,4,6,32,6,8,4,25,50,4,21,2,1,3,6,7,1,13,2,11,3,12,8,8,1,4,10,9,6,7,8,1,19,9,11,15,1,6,3,5
"COG1678",19,68,40,62,67,9,29,33,48,24,8,79,27,88,44,12,88,29,55,58,66,23,6,22,88,49,3,48,18,103,28,66,54,55,50,25,0,18,73,48,61,73,46,67,35,99,36,25,62,3,61,8,25,14,66,68,4,35,46,18
"COG1679",1,17,14,2,13,0,0,6,13,38,11,34,0,6,1,0,1,21,18,14,22,4,1,2,9,1,1,22,1,0,14,9,2,0,12,15,0,2,2,0,13,53,6,1,8,9,5,28,2,11,3,0,18,30,1,20,0,71,2,2
"COG1680",459,380,424,502,458,627,305,388,401,276,254,375,376,526,467,385,448,338,470,546,466,404,236,360,514,388,251,485,405,487,507,564,438,419,514,398,234,306,668,591,487,523,534,602,268,567,380,357,503,255,328,247,541,251,730,525,262,375,529,292
"COG1682",309,112,196,157,152,180,26,193,101,137,82,147,182,131,161,296,87,147,90,180,133,60,110,152,74,132,45,148,231,77,215,98,48,121,71,221,95,261,71,142,108,54,72,110,146,99,56,196,155,83,81,209,188,144,92,177,183,233,96,36
"COG1683",20,23,36,23,28,58,9,39,38,38,40,16,20,23,9,10,23,21,29,41,32,9,23,46,19,36,6,54,30,11,41,19,22,21,32,43,33,37,19,17,22,27,41,35,70,23,14,32,21,21,33,33,41,41,26,18,29,37,57,17
"COG1684",8,51,41,26,19,37,7,37,18,23,64,83,42,28,33,7,9,21,26,18,27,19,11,52,10,9,3,43,67,7,56,11,11,12,15,19,21,37,10,38,9,36,19,40,11,13,22,22,32,8,29,6,55,21,32,59,5,15,3,38
"COG1686",1031,374,549,419,381,740,67,530,324,510,373,599,741,387,584,377,260,479,214,461,439,232,365,382,198,551,112,588,991,153,674,338,256,194,235,691,236,806,201,424,252,337,271,454,714,147,295,654,490,361,137,1152,576,598,416,560,632,708,325,240
"COG1687",9,30,30,16,31,34,5,14,13,30,22,22,32,23,8,112,10,31,20,23,16,5,21,27,8,14,22,20,39,16,16,23,12,11,14,13,18,28,6,11,20,40,21,23,18,13,12,17,24,15,35,22,25,17,36,38,65,21,8,11
"COG1688",0,1,0,0,0,9,2,0,0,0,0,0,0,0,0,0,0,15,0,0,0,2,17,0,0,0,0,0,0,0,0,2,4,0,0,2,0,0,0,0,1,0,0,1,0,0,0,1,0,0,0,0,2,0,0,0,0,0,0,0
"COG1690",76,148,106,62,96,50,23,32,33,328,18,202,91,74,80,24,40,104,50,48,66,21,122,169,65,18,100,73,65,87,54,77,76,41,51,126,449,41,90,110,55,217,26,42,69,146,92,112,41,17,228,37,62,88,84,80,16,114,47,123
"COG1691",85,36,23,12,19,78,15,18,27,28,13,21,43,28,37,11,8,56,15,13,21,52,46,13,9,29,3,26,113,15,37,33,47,21,18,37,13,61,26,13,24,6,24,28,33,12,35,46,14,26,26,36,27,21,47,34,160,47,17,11
"COG1692",63,31,17,7,48,5,12,47,27,44,18,0,8,31,39,14,3,25,13,48,12,42,19,25,7,5,14,20,20,3,28,15,43,11,9,67,11,37,23,17,12,4,33,11,23,11,6,75,17,15,26,4,33,26,28,13,115,100,18,0
"COG1694",42,140,141,97,198,54,107,163,145,92,91,60,113,174,157,176,175,133,168,149,151,98,55,181,195,129,103,106,67,170,92,126,142,151,135,194,95,113,1399,149,166,138,146,123,94,156,156,82,159,52,95,68,89,101,93,194,67,136,116,87
"COG1695",335,161,232,115,180,237,43,148,124,234,98,195,135,189,209,78,160,150,140,118,180,71,69,146,125,135,47,164,181,125,194,119,128,97,84,222,66,258,151,154,195,138,87,160,220,117,88,178,146,90,114,228,155,121,125,137,95,214,139,69
"COG1696",435,181,622,455,479,472,459,671,488,609,477,205,449,484,454,201,358,466,477,420,553,122,363,410,475,372,292,411,446,284,595,470,340,242,359,530,382,543,376,671,476,361,425,583,418,398,366,638,519,661,285,405,543,598,554,542,103,549,226,357
"COG1699",0,8,39,6,14,13,1,29,12,10,8,16,30,16,20,1,4,19,17,11,29,6,12,36,2,6,1,23,64,4,50,5,3,14,15,14,13,20,4,31,7,50,14,18,9,7,17,13,21,16,18,1,32,18,19,28,1,10,6,11
"COG1700",12,1,30,27,58,3,217,7,65,8,13,0,1,15,5,5,1,106,6,67,12,325,179,36,135,7,145,5,2,15,81,3,24,29,26,26,50,11,39,1,66,15,61,9,1,28,21,5,1,16,29,0,20,124,4,9,3,10,15,0
"COG1702",179,216,232,173,191,204,238,218,224,211,237,169,196,194,189,258,157,246,181,167,197,202,256,244,203,167,207,227,165,140,217,188,211,172,212,226,291,200,185,210,205,181,172,204,224,181,219,200,222,259,113,213,243,238,164,203,239,202,194,218
"COG1703",18,119,93,120,135,12,82,61,148,91,35,75,63,121,82,29,175,140,182,140,118,110,49,56,152,115,10,109,51,146,68,158,173,116,127,91,17,62,185,136,151,101,160,180,109,148,143,86,142,42,156,33,123,36,141,91,252,47,140,73
"COG1704",31,102,94,120,96,105,124,194,118,161,159,29,68,97,62,178,112,124,154,97,138,123,101,150,121,120,148,81,109,174,128,139,148,185,137,163,150,122,145,183,116,132,127,121,112,184,111,125,122,100,140,120,130,138,169,103,94,144,115,110
"COG1705",64,142,172,152,186,151,307,361,146,183,470,106,146,315,199,160,150,85,234,177,158,379,215,274,240,257,868,140,52,271,217,246,139,345,393,121,290,62,227,173,153,120,230,146,77,328,312,99,195,304,307,222,85,228,319,177,13,67,279,448
"COG1706",7,53,0,1,0,2,3,1,6,3,67,69,3,0,0,7,6,0,2,1,2,0,0,0,2,0,2,11,0,1,0,1,4,0,2,0,0,1,0,0,1,0,0,2,3,9,1,0,0,0,5,2,1,0,11,0,0,10,0,36
"COG1708",50,123,33,48,56,9,6,36,92,57,11,11,18,9,46,39,29,30,31,23,44,6,6,20,24,20,5,25,33,99,21,29,52,19,32,29,5,10,61,32,53,61,23,21,25,79,22,28,13,6,91,17,5,17,37,13,3,74,12,13
"COG1712",9,11,17,48,30,29,36,12,33,19,5,27,86,59,64,5,62,9,35,35,78,24,15,34,56,71,2,39,48,99,33,22,27,19,26,8,15,29,17,45,27,46,34,32,47,62,36,15,41,10,67,5,31,12,63,24,9,18,60,27
"COG1713",102,28,71,70,82,92,13,91,67,81,60,24,100,61,96,50,32,76,45,62,52,27,56,60,27,62,18,76,103,18,117,57,35,33,31,95,39,145,37,79,71,37,58,70,81,22,33,96,73,49,51,135,64,83,62,88,70,126,58,23
"COG1714",2,3,13,43,38,5,17,14,39,12,4,0,11,33,43,11,15,2,27,36,25,3,1,14,43,1,43,16,10,53,37,67,24,27,34,8,3,2,21,49,28,68,20,15,14,47,15,15,27,6,41,11,21,12,48,14,1,19,22,5
"COG1715",6,34,26,7,29,10,7,156,7,37,126,23,20,22,19,7,55,43,16,9,10,1,21,37,8,0,10,51,3,25,3,15,89,6,25,40,16,25,48,23,54,14,22,16,41,4,11,18,39,8,37,46,17,15,32,15,0,31,69,22
"COG1716",29,78,72,9,44,79,9,63,4,61,9,27,26,12,16,296,22,112,27,20,17,50,28,66,9,0,8,24,27,3,150,6,28,10,8,59,30,67,17,95,39,1,17,16,8,10,25,54,26,22,9,40,29,157,11,63,186,45,10,12
"COG1719",0,0,0,0,0,0,0,0,1,0,0,13,0,0,0,0,0,0,0,0,0,0,0,0,1,1,0,1,0,0,0,0,1,0,0,0,0,0,0,0,0,0,0,0,0,0,2,0,0,0,7,0,0,0,0,0,0,8,0,0
"COG1720",22,61,62,38,40,67,130,102,59,102,180,54,55,18,38,16,42,45,31,56,49,133,169,79,25,41,186,83,33,11,51,36,28,102,66,44,211,76,52,30,35,7,21,35,92,25,39,63,59,176,8,39,51,137,33,48,14,54,26,129
"COG1721",28,112,158,176,196,58,235,154,188,147,138,3,166,163,169,15,169,149,234,151,183,175,172,235,227,101,297,140,85,239,175,245,151,232,214,130,191,117,204,217,172,315,201,207,97,255,157,114,159,160,223,14,152,273,234,130,9,99,150,197
"COG1722",11,16,11,2,10,13,7,18,14,17,9,24,1,5,0,13,6,6,7,7,4,2,1,9,3,4,1,15,2,0,9,4,3,6,4,20,5,9,10,13,8,2,13,4,13,3,5,16,5,3,25,23,4,17,16,4,0,31,8,2
"COG1724",0,0,0,1,0,1,0,2,3,17,1,1,0,52,1,1,3,8,1,2,2,0,0,0,2,3,0,2,1,0,1,4,2,8,1,2,0,5,3,0,5,8,6,2,0,4,1,9,2,2,1,3,2,6,1,4,0,0,2,2
"COG1725",353,112,184,174,227,310,87,190,179,196,169,208,221,155,247,227,89,222,143,161,177,194,181,222,102,139,149,155,315,86,245,175,126,152,158,234,148,234,142,156,181,210,154,194,145,105,99,211,186,169,87,262,266,206,201,199,157,213,174,93
"COG1726",4,62,94,100,109,15,199,105,129,93,199,0,63,118,85,11,162,133,189,119,83,192,190,157,135,117,216,76,30,133,49,127,142,195,184,78,194,37,169,117,158,111,118,113,60,146,130,77,101,185,88,15,82,143,104,92,5,77,166,206
"COG1728",1,1,25,16,11,7,0,26,8,24,23,0,34,11,22,0,2,21,11,21,17,7,9,18,1,9,4,22,55,0,53,6,6,19,8,10,16,22,0,24,4,49,7,16,1,5,9,20,11,15,0,1,43,17,10,50,0,3,6,9
"COG1729",1,42,1,0,4,9,9,1,9,9,49,60,2,3,0,5,6,1,3,3,5,1,2,1,2,5,1,29,1,3,0,0,4,2,9,0,2,1,2,1,8,5,6,9,2,6,14,1,0,1,8,4,5,5,9,10,1,10,29,18
"COG1732",80,55,7,28,3,22,24,10,64,13,5,76,10,13,19,55,18,10,26,14,6,2,19,12,24,8,5,29,16,3,19,33,43,21,28,24,0,20,58,14,8,22,34,41,35,17,34,17,8,8,104,185,4,9,30,10,159,73,37,8
"COG1733",288,119,195,129,206,215,113,154,150,141,121,151,180,214,144,79,183,173,206,142,160,136,104,185,163,137,109,136,216,145,165,159,136,164,119,169,151,177,176,156,172,143,145,133,172,142,143,115,168,96,166,230,135,154,167,167,217,117,190,96
"COG1734",8,84,23,2,14,13,17,12,34,10,74,90,6,13,2,12,16,9,25,2,13,57,9,9,9,14,62,30,4,22,6,29,21,48,18,5,8,7,64,11,33,4,13,16,11,20,14,10,12,3,17,10,12,32,24,8,1,32,56,28
"COG1735",10,62,6,3,4,6,8,2,8,8,3,165,3,6,19,28,16,10,4,18,20,1,4,2,8,4,5,15,9,9,3,3,27,0,6,17,3,11,6,4,8,7,7,18,10,22,9,12,3,5,9,13,8,5,5,6,12,42,28,9
"COG1737",973,373,192,133,165,496,89,121,215,271,173,690,261,139,272,419,159,155,94,110,222,255,160,131,144,144,68,258,418,80,149,153,250,153,136,256,115,487,222,97,164,127,241,190,346,109,200,260,139,141,453,478,158,120,125,246,604,309,341,142
"COG1738",22,40,75,123,78,14,145,120,58,73,137,24,47,56,80,21,120,79,105,87,48,117,144,86,80,60,176,31,14,118,39,68,114,122,106,63,157,45,89,80,90,58,95,76,82,89,86,51,67,147,86,14,72,106,71,69,6,61,98,116
"COG1739",104,109,153,120,164,153,133,193,158,145,148,137,141,154,141,217,147,202,170,138,136,170,188,182,141,134,167,122,149,131,161,142,159,176,148,155,191,157,122,153,137,128,140,146,140,119,153,162,162,158,125,182,159,201,124,141,207,154,141,169
"COG1740",15,95,10,4,14,5,33,1,21,8,4,131,3,14,0,16,12,18,9,2,5,75,38,6,12,14,5,47,38,16,2,15,51,6,18,14,4,12,9,10,14,17,18,25,9,18,47,3,3,16,15,26,9,7,5,21,198,37,6,13
"COG1741",30,162,51,98,71,26,60,38,123,36,12,157,82,115,68,22,126,13,111,96,119,40,13,39,164,114,17,106,20,206,52,111,61,58,105,17,6,44,106,98,78,122,73,97,72,161,85,17,114,14,160,28,46,17,98,39,3,78,113,47
"COG1742",1,20,1,2,0,5,4,1,1,1,0,15,1,0,0,7,8,0,0,1,0,0,0,4,4,1,1,6,0,0,0,1,5,1,1,1,0,6,0,1,0,1,0,3,1,2,2,0,0,0,2,9,2,0,0,0,2,7,2,2
"COG1743",0,3,13,13,109,3,4,1,22,2,19,0,7,0,107,0,9,45,2,0,3,2,4,17,3,0,5,28,0,3,1,15,9,1,167,57,0,76,9,4,62,120,32,65,30,0,3,10,9,6,0,1,115,14,21,21,0,0,162,43
"COG1744",101,134,288,203,170,360,36,204,196,264,118,253,295,207,160,138,154,222,129,262,240,76,165,164,122,223,47,194,439,82,337,154,65,93,119,223,79,290,123,298,165,226,126,236,382,50,135,412,260,135,118,307,286,275,207,265,185,293,75,123
"COG1747",0,30,0,0,1,0,0,0,2,0,3,0,0,0,0,0,0,1,3,1,0,0,0,0,0,0,0,33,0,0,0,0,0,0,0,0,0,0,1,0,0,0,0,0,0,0,0,0,0,0,0,0,0,2,0,0,0,2,0,0
"COG1748",230,113,223,183,221,176,209,178,222,185,149,61,295,242,203,67,205,229,220,206,253,298,236,233,234,241,267,157,248,245,104,105,92,104,121,99,131,102,69,108,114,54,106,78,115,107,84,92,138,117,79,55,83,89,122,121,81,38,66,129
"COG1749",8,47,91,14,31,22,3,47,31,41,70,67,72,28,30,9,2,43,41,34,45,13,15,93,3,19,7,66,86,3,98,10,6,12,38,45,13,25,11,70,13,88,21,51,8,18,9,35,51,31,7,7,88,36,63,66,0,27,16,48
"COG1751",0,0,0,2,0,0,0,0,0,1,0,0,0,1,0,0,0,0,0,0,0,0,0,1,0,0,0,0,0,0,0,0,0,1,0,0,0,1,0,0,0,1,2,0,2,0,0,0,0,0,0,6,1,0,0,2,4,4,2,0
"COG1752",136,275,311,392,425,85,393,235,410,253,142,120,295,466,407,86,500,265,508,444,480,177,245,176,468,388,190,245,161,677,335,477,388,268,491,289,265,282,547,511,347,451,549,468,368,595,359,301,381,232,576,36,281,294,499,285,67,330,293,377
"COG1754",32,169,218,227,235,124,671,202,289,243,373,1,163,237,204,443,312,313,404,225,240,444,508,279,266,264,609,134,87,404,124,241,354,410,377,205,521,95,310,255,326,202,248,223,115,202,272,170,256,487,198,24,193,270,260,188,206,105,262,456
"COG1755",0,9,0,0,0,0,0,0,1,0,1,0,9,0,0,1,0,0,0,0,7,0,0,0,23,1,0,0,1,0,1,0,2,0,0,0,0,0,2,3,0,6,0,7,0,3,4,0,0,0,5,7,2,0,3,0,1,0,2,0
"COG1757",354,289,513,406,457,631,1002,480,583,633,716,312,568,519,472,373,537,473,575,446,501,649,910,526,562,582,1056,441,576,527,517,737,390,627,706,404,823,461,559,477,522,489,743,586,573,446,651,452,524,1066,911,374,484,619,535,539,474,549,445,629
"COG1758",7,45,7,4,10,29,4,7,3,8,23,31,0,0,0,94,3,13,4,0,2,1,2,2,1,1,1,15,3,4,2,3,8,2,6,9,1,5,0,2,15,2,3,7,2,2,7,15,0,6,5,43,5,8,8,2,32,20,13,10
"COG1760",232,295,206,215,242,416,302,232,291,277,204,293,272,227,210,377,225,286,295,214,226,239,297,265,189,257,247,226,297,206,274,245,219,286,242,205,252,298,260,244,294,241,305,282,339,193,278,254,233,269,252,451,200,300,253,259,373,249,268,269
"COG1762",907,605,298,270,224,694,209,238,157,241,252,1235,417,147,392,318,178,284,159,218,214,616,311,159,208,241,68,364,576,118,283,237,392,146,161,533,100,557,254,231,151,202,321,307,398,151,233,364,272,213,706,766,240,229,126,347,1356,250,359,191
"COG1763",85,50,27,40,11,36,15,24,17,24,13,80,67,18,19,15,22,7,8,11,28,17,26,13,13,54,8,37,25,14,15,16,10,12,19,10,19,57,6,12,12,9,27,21,20,17,17,25,23,7,32,53,13,15,17,30,18,20,36,26
"COG1764",12,33,1,0,0,6,5,0,1,0,2,32,0,0,0,10,3,0,0,0,0,0,0,0,1,1,3,23,0,2,0,2,2,0,1,1,0,1,0,0,1,0,0,1,0,4,0,1,1,0,3,3,0,0,1,7,1,5,14,4
"COG1765",5,59,4,3,21,20,3,0,13,4,3,51,4,4,2,94,9,11,11,1,6,2,1,2,9,5,3,12,4,9,0,5,4,2,5,0,0,2,6,0,7,1,1,7,2,3,1,5,0,1,3,4,0,0,1,2,31,18,11,1
"COG1766",9,67,72,24,15,29,7,45,20,60,113,123,25,12,26,9,9,4,9,24,35,5,14,68,14,8,11,82,88,6,90,23,11,28,28,26,20,49,13,55,11,88,31,13,16,19,48,61,25,13,52,12,72,17,50,39,10,31,9,62
"COG1767",31,47,14,30,7,100,13,13,40,24,3,78,55,23,17,38,27,11,14,24,18,5,16,19,11,65,3,19,13,8,5,14,12,6,12,5,1,11,8,4,5,7,33,14,14,6,5,4,12,0,32,7,8,1,17,8,18,15,21,13
"COG1768",119,18,47,18,55,37,9,51,55,54,35,7,35,41,41,13,52,37,16,64,33,17,33,28,37,45,17,43,18,11,52,30,16,17,15,97,28,78,20,36,51,11,30,26,81,11,21,83,33,29,9,46,39,37,35,27,30,125,19,10
"COG1770",45,121,0,1,31,85,10,0,4,0,4,94,8,1,0,319,8,33,0,3,0,0,0,0,3,1,5,27,5,1,0,0,3,1,3,0,3,3,0,0,17,0,0,3,0,6,1,1,1,6,7,11,0,0,0,4,55,1,17,6
"COG1773",51,71,56,52,37,47,44,66,58,66,29,144,83,61,38,22,79,51,68,39,65,21,42,47,45,63,36,55,33,36,37,44,57,55,44,66,38,45,57,36,56,29,91,44,87,47,35,46,58,18,83,21,33,66,57,49,42,58,66,49
"COG1774",238,88,237,181,167,201,184,256,188,198,136,89,250,194,203,83,175,264,273,269,224,184,125,230,195,223,138,166,235,175,250,179,252,171,184,259,179,229,158,221,171,171,185,199,198,103,235,269,220,153,126,207,211,260,156,265,268,266,161,121
"COG1775",114,74,55,60,100,139,32,48,91,142,53,197,73,75,70,92,29,115,59,49,49,26,58,62,41,79,24,57,161,57,107,119,60,23,53,105,21,70,36,42,98,41,62,96,134,29,54,64,70,72,69,209,77,58,79,77,68,243,121,38
"COG1776",1,11,85,25,24,22,4,79,30,52,36,72,59,27,61,3,5,47,37,34,45,11,26,75,17,22,5,57,136,5,137,23,14,21,56,56,15,49,28,83,23,84,31,66,7,27,53,65,41,58,52,2,96,34,30,97,9,15,10,11
"COG1778",9,92,100,105,66,18,102,133,128,253,152,86,46,120,63,22,90,69,108,81,75,110,102,129,194,63,153,63,39,116,97,74,111,116,123,68,144,38,142,73,83,104,83,87,71,156,137,53,97,90,88,21,77,106,107,87,86,45,103,102
"COG1780",9,33,0,6,4,47,4,0,4,3,5,27,2,0,0,80,4,4,4,2,1,3,2,0,0,2,1,9,4,2,0,0,7,0,3,0,1,8,8,0,3,4,2,4,0,1,5,0,0,2,10,69,0,2,0,6,36,4,14,7
"COG1781",58,79,101,80,85,98,102,154,117,117,130,81,109,115,83,137,120,120,114,105,99,79,116,116,111,79,143,106,93,108,107,84,93,116,123,105,157,113,102,125,126,169,81,93,122,126,102,108,96,135,76,45,112,132,70,124,75,87,78,107
"COG1782",0,0,0,0,4,0,0,3,1,0,11,0,0,0,0,0,0,6,0,0,1,0,7,1,0,4,0,0,0,1,0,1,0,0,0,0,9,0,0,0,6,0,0,0,0,0,0,15,0,8,0,0,1,4,0,0,0,18,0,0
"COG1783",15,264,58,101,283,20,103,50,79,69,48,15,90,261,53,18,57,90,63,41,75,2,51,71,41,24,52,46,99,51,59,141,141,7,34,118,10,62,20,31,43,14,42,16,22,19,58,54,33,12,154,22,52,50,59,17,49,52,51,9
"COG1785",33,198,150,160,210,49,109,185,221,86,134,109,220,257,238,42,317,152,317,221,247,89,66,127,343,266,23,168,94,302,220,262,225,130,224,168,94,122,271,200,261,258,280,293,220,321,196,103,224,32,204,18,170,95,218,177,40,109,275,125
"COG1786",0,12,0,1,0,0,0,0,3,1,2,18,0,9,0,0,2,2,0,0,3,0,0,1,3,0,0,1,0,0,1,0,1,0,0,0,0,0,1,0,18,0,3,1,0,1,3,0,0,0,3,0,0,1,0,0,0,6,0,0
"COG1787",65,3,27,8,4,6,1,21,1,3,1,0,2,27,7,0,1,7,4,1,8,2,4,20,0,0,1,13,6,0,8,3,0,2,4,10,1,14,2,23,3,0,0,6,2,2,8,7,20,5,18,5,6,3,15,11,1,4,10,0
"COG1788",10,70,10,9,10,13,27,6,36,15,15,70,4,14,7,16,13,16,25,12,8,1,6,7,10,11,4,53,13,6,14,48,24,15,10,9,2,12,51,9,42,15,58,33,27,15,10,10,19,6,38,32,4,7,37,11,12,41,33,9
"COG1791",0,0,0,0,0,2,0,0,0,0,1,0,0,0,0,0,0,0,0,1,0,0,0,0,0,0,0,5,0,0,0,0,1,0,0,0,0,0,0,0,0,0,0,0,0,0,0,0,0,0,0,7,0,0,0,0,0,0,6,0
"COG1792",99,119,244,161,197,178,369,219,226,242,300,88,189,182,221,100,231,233,203,206,204,222,282,237,209,218,318,190,194,200,226,190,207,229,260,218,291,237,242,198,217,181,176,215,198,164,181,214,198,284,141,229,230,285,187,205,102,215,196,210
"COG1793",9,3,56,43,3,0,1,2,8,49,3,43,4,5,20,7,11,12,2,14,6,2,0,2,5,3,1,3,1,5,3,13,2,0,1,35,2,2,46,2,12,24,6,1,5,10,4,4,9,0,20,6,3,14,13,9,2,32,0,0
"COG1794",7,51,9,31,7,49,40,12,29,27,12,148,8,23,19,44,19,19,19,27,17,3,12,45,9,13,4,24,5,13,32,30,20,10,11,9,6,19,21,17,33,24,17,33,17,20,54,28,12,9,60,43,19,25,32,11,6,18,84,16
"COG1797",112,65,128,149,154,153,61,101,137,109,74,34,139,134,150,72,171,198,152,151,140,115,94,74,131,167,15,126,220,87,194,152,158,122,110,151,41,158,95,133,155,123,173,249,207,114,138,169,124,62,95,105,172,64,128,200,269,105,149,96
"COG1799",84,41,86,49,56,128,21,72,69,86,43,31,90,62,72,116,45,92,33,76,63,61,50,53,49,66,19,63,91,19,48,33,24,15,19,36,17,45,23,34,30,25,29,36,42,16,23,65,31,29,18,53,46,47,20,50,84,53,19,2
"COG1801",10,34,0,1,2,1,7,1,3,1,1,65,5,1,0,9,6,2,6,3,3,0,0,0,1,0,1,13,1,4,0,1,7,0,4,0,3,3,0,3,7,0,6,15,2,3,10,1,1,2,6,39,4,1,0,6,1,10,22,5
"COG1802",224,213,209,206,159,369,85,187,197,198,170,588,414,154,154,126,218,203,129,127,243,207,189,201,155,254,38,265,427,79,221,177,203,170,128,211,140,311,144,150,119,199,202,219,321,104,241,170,201,148,376,229,231,153,191,296,532,190,147,127
"COG1803",103,67,133,100,181,96,74,129,126,117,60,90,141,165,150,57,189,75,117,151,153,111,55,93,173,169,22,92,150,226,135,153,107,108,118,106,42,143,204,114,116,143,100,164,157,131,110,118,136,48,100,66,117,115,111,111,104,100,83,51
"COG1804",51,321,81,48,37,119,27,27,81,96,14,403,24,96,7,232,64,52,91,30,50,11,25,26,39,43,20,74,77,49,91,74,58,18,41,51,10,23,71,25,20,134,61,60,105,52,39,51,47,20,141,42,29,44,68,39,254,131,43,29
"COG1805",16,34,78,93,92,8,259,93,123,90,167,0,83,98,111,13,104,98,146,99,83,114,121,158,118,128,147,83,38,133,56,115,105,152,164,74,175,36,136,95,136,107,126,86,60,108,118,68,106,119,72,13,68,109,104,73,0,59,93,211
"COG1806",6,49,1,0,14,55,13,5,23,9,11,53,2,7,0,15,8,17,3,8,7,4,13,5,2,14,6,15,2,10,7,3,6,5,3,1,5,5,5,2,12,0,7,8,2,1,8,2,1,7,7,31,4,2,3,4,4,4,20,12
"COG1807",29,180,130,147,192,8,303,112,240,120,216,105,103,253,117,36,195,166,261,204,205,475,234,99,243,197,343,82,97,266,109,227,181,276,217,109,159,79,308,168,176,171,201,228,121,182,208,84,174,221,219,61,71,154,205,188,352,98,153,151
"COG1808",15,73,106,118,132,80,84,57,115,70,31,0,71,172,89,55,165,148,208,134,114,94,25,32,175,144,11,79,51,221,72,143,200,105,114,153,18,74,200,127,168,100,150,192,90,128,119,88,165,26,136,82,93,30,151,105,116,85,144,83
"COG1811",68,59,52,46,22,73,23,91,77,71,22,106,17,32,31,42,41,37,26,22,20,35,28,48,39,18,28,34,51,17,48,36,65,26,29,15,48,52,36,25,19,28,36,34,136,21,94,51,18,22,100,155,24,42,34,22,88,48,98,26
"COG1814",3,50,5,55,8,1,14,2,46,7,1,0,18,7,3,11,10,4,28,5,29,1,3,5,20,20,2,14,3,17,8,22,6,4,22,1,1,5,71,5,8,30,15,20,8,32,13,2,6,4,39,138,6,1,27,4,2,6,4,2
"COG1815",6,32,38,17,8,12,4,14,8,19,45,73,21,9,20,9,6,6,8,10,15,2,5,40,9,6,3,41,38,7,37,6,9,8,16,21,4,15,10,27,4,33,13,26,8,11,17,24,15,11,19,3,31,17,11,30,2,13,2,24
"COG1816",21,56,34,23,27,116,7,40,35,25,10,94,78,35,69,40,8,46,22,19,31,16,31,40,16,33,2,39,159,31,77,14,16,30,36,32,7,98,23,36,23,20,30,24,17,17,46,26,35,23,29,105,61,19,29,97,28,29,37,21
"COG1817",0,2,0,5,62,0,0,17,4,7,1,0,7,37,0,0,52,2,15,17,8,13,0,3,48,40,3,0,0,20,0,23,8,34,11,2,2,3,33,3,7,0,0,53,20,46,0,2,15,1,0,0,12,1,0,9,0,9,15,5
"COG1819",10,32,67,87,70,10,64,33,76,76,26,9,68,46,122,31,141,91,84,61,60,35,51,82,138,71,68,75,63,169,59,118,124,55,90,88,147,61,86,93,95,77,102,96,95,82,59,65,42,13,119,118,120,39,92,87,6,64,166,46
"COG1820",415,280,250,306,296,310,187,388,205,219,189,302,386,240,363,298,344,234,323,335,232,183,107,186,418,367,58,217,302,380,204,333,307,222,222,276,125,257,243,228,408,361,361,361,385,363,382,277,319,107,327,265,359,163,208,400,292,215,311,244
"COG1823",5,34,2,1,3,18,16,1,1,3,0,50,2,0,1,17,3,6,5,3,0,16,7,1,3,4,1,13,11,2,3,5,33,7,9,9,3,19,6,0,19,6,16,20,3,11,17,1,6,11,15,37,0,3,3,8,81,11,42,5
"COG1825",86,68,100,90,117,90,159,86,118,104,125,16,92,115,71,118,154,124,153,88,119,106,132,121,147,120,136,100,80,129,85,138,103,120,116,67,140,84,106,98,119,152,105,112,77,112,97,76,96,133,61,80,83,103,116,97,49,47,110,146
"COG1826",16,94,4,0,4,28,11,6,13,10,8,139,2,5,0,43,20,10,2,7,9,20,12,4,6,8,6,41,8,8,1,8,23,3,9,12,6,11,3,12,9,7,2,14,57,15,14,4,2,6,18,22,21,4,3,18,42,19,58,10
"COG1827",79,21,53,51,39,116,11,42,36,49,25,28,77,61,72,35,27,67,32,39,65,49,50,36,13,57,7,31,108,12,77,48,41,29,21,44,22,95,23,50,41,12,41,40,80,21,40,44,51,48,36,71,66,63,43,61,97,43,29,22
"COG1830",29,132,65,137,89,21,104,39,175,46,17,122,145,133,126,32,212,22,121,176,147,96,8,88,165,163,20,124,53,247,51,127,76,83,144,41,13,74,136,81,89,129,108,158,80,193,111,52,130,27,185,18,58,19,157,83,11,105,123,64
"COG1832",12,17,0,3,0,6,0,1,2,0,1,42,0,2,1,10,3,1,0,1,0,0,1,0,2,1,4,6,0,3,0,1,3,0,2,2,0,8,5,0,3,1,0,3,2,0,9,1,0,1,3,55,0,1,3,2,5,2,11,1
"COG1834",6,32,5,37,7,1,4,7,21,2,1,1,15,11,10,4,10,4,8,13,15,6,2,9,12,19,8,5,5,7,12,5,3,7,2,8,0,12,4,11,4,9,18,12,3,19,5,14,7,2,8,3,4,5,10,4,0,25,10,3
"COG1835",32,407,186,244,349,209,82,156,131,123,183,84,139,246,223,443,238,206,256,179,169,196,50,56,392,136,146,246,42,222,180,270,189,214,166,163,32,93,248,199,256,265,258,234,128,329,192,163,167,44,193,279,131,118,212,136,134,96,165,130
"COG1837",52,23,48,29,43,37,8,39,26,43,29,19,42,34,34,68,26,40,11,32,36,23,36,37,23,37,6,37,47,11,66,27,18,23,16,67,16,60,20,40,33,26,31,42,45,8,17,64,31,26,19,53,46,41,18,44,73,75,19,9
"COG1838",172,194,218,188,182,166,519,236,246,225,257,258,273,202,237,109,301,231,253,184,200,269,345,200,244,248,279,195,232,286,175,184,283,298,300,229,367,205,203,191,241,189,220,221,191,188,273,205,236,367,188,96,240,264,203,267,131,153,274,409
"COG1840",23,94,88,73,59,126,64,70,130,116,53,217,117,72,32,90,101,94,75,52,107,100,75,65,86,169,23,101,100,53,80,71,105,47,94,66,38,63,105,54,58,80,122,53,72,33,160,157,47,46,304,92,85,89,71,96,349,97,193,56
"COG1841",33,14,24,10,19,46,10,15,19,42,29,41,16,14,17,42,7,18,13,22,13,6,10,21,8,12,9,25,31,11,32,21,14,12,10,25,8,19,19,18,23,26,17,22,26,11,11,33,17,12,16,55,24,33,8,20,39,36,16,17
"COG1842",10,22,40,14,18,26,6,17,19,20,20,120,41,11,7,17,15,25,17,23,14,10,15,26,8,14,12,36,37,5,51,12,14,2,6,33,5,20,11,25,6,12,7,36,9,9,0,25,22,5,11,9,41,52,19,41,1,20,24,11
"COG1843",11,38,43,24,21,18,2,23,14,31,61,47,44,14,31,9,6,19,19,15,20,7,18,55,5,13,3,51,62,2,43,9,14,2,21,19,8,22,12,50,6,47,13,13,6,8,7,28,42,11,7,3,51,21,21,38,1,15,5,36
"COG1845",9,37,0,0,0,7,12,2,3,0,2,70,0,0,0,6,7,0,0,2,1,0,0,0,2,2,2,19,0,1,0,5,7,0,2,0,0,0,1,0,3,1,1,6,7,9,2,0,0,0,9,8,1,0,0,1,0,8,27,6
"COG1846",464,258,299,307,319,492,127,325,300,294,201,409,375,396,390,274,346,350,238,334,328,228,160,272,240,291,48,330,493,271,382,284,339,249,240,359,175,420,365,250,333,283,276,312,371,273,229,285,279,206,376,651,372,213,292,396,427,310,417,145
"COG1847",162,99,130,70,120,185,24,115,82,111,95,64,143,79,107,230,44,154,50,106,79,77,74,80,31,118,24,110,205,25,145,70,58,51,57,141,53,158,67,108,73,101,90,94,138,28,65,159,88,84,59,277,121,125,60,143,243,150,52,27
"COG1850",1,5,4,0,11,0,1,2,5,3,15,23,0,0,3,4,1,6,2,4,1,1,5,0,2,8,0,0,3,0,1,3,1,1,4,0,8,9,2,2,3,0,6,2,0,0,21,12,0,15,24,8,0,6,0,3,1,1,2,0
"COG1852",0,0,5,6,0,9,10,1,9,3,0,1,1,6,4,5,17,8,4,2,3,15,8,5,20,6,4,1,3,0,0,7,5,7,1,2,1,7,5,0,2,5,8,4,6,0,5,1,0,1,9,5,1,0,1,1,17,2,4,5
"COG1853",181,151,251,239,227,226,226,223,314,310,259,167,227,241,362,122,297,284,256,226,287,228,311,237,245,226,267,228,259,246,221,238,249,242,245,343,229,292,284,222,271,254,248,207,258,211,188,275,211,287,211,191,337,315,253,257,143,225,318,309
"COG1854",144,59,137,68,83,125,96,115,67,108,142,98,106,87,108,128,98,147,66,110,79,102,165,79,104,82,121,100,91,70,102,108,86,125,84,91,121,98,88,117,107,73,85,84,95,78,80,93,91,107,32,118,135,128,66,124,68,53,103,130
"COG1857",191,1,17,1,18,12,0,14,0,21,8,0,11,17,3,4,1,37,2,4,1,1,28,29,0,6,0,7,17,2,11,5,5,11,0,17,3,12,4,3,3,1,23,26,8,3,0,27,6,0,0,12,4,4,5,18,2,5,1,3
"COG1858",10,129,34,116,43,7,51,30,65,36,10,149,40,19,2,21,68,67,39,24,39,12,5,11,68,45,10,70,8,59,10,54,97,29,40,63,10,17,119,23,111,43,78,71,20,63,45,43,13,6,44,5,93,22,44,85,0,57,97,21
"COG1859",8,25,11,0,7,2,3,1,4,7,7,43,3,1,10,4,2,6,4,1,2,0,1,6,2,3,4,5,6,1,10,7,25,11,5,13,0,14,11,8,6,6,8,6,4,7,9,2,14,2,24,1,18,1,3,13,7,20,10,7
"COG1861",0,42,15,26,27,0,5,19,18,4,1,1,0,40,4,7,20,6,37,24,52,7,1,14,12,30,2,18,34,14,7,10,10,13,10,2,3,8,69,28,2,37,16,9,33,56,15,3,40,1,4,1,9,5,41,7,1,15,29,2
"COG1862",58,61,68,45,111,23,69,78,97,75,86,45,41,104,80,21,126,85,62,72,97,66,83,76,118,83,79,42,47,96,44,85,113,77,66,94,120,71,95,80,88,52,58,83,100,108,59,62,75,106,54,74,70,95,67,87,52,50,83,105
"COG1863",0,6,6,3,2,3,2,5,12,5,2,12,3,6,0,0,9,1,2,6,2,1,1,3,12,3,1,7,3,1,7,8,2,5,6,7,0,1,9,2,6,6,4,3,7,2,9,9,4,3,14,0,2,3,6,1,1,11,4,2
"COG1864",4,77,101,138,155,9,243,172,223,157,194,0,63,179,132,13,155,203,207,118,164,301,166,153,201,108,247,115,40,163,135,167,190,332,186,134,253,78,287,189,193,162,146,126,91,199,228,111,212,184,125,6,157,182,169,91,3,67,126,215
"COG1865",4,5,6,7,5,6,1,9,31,10,8,0,2,15,2,1,7,3,12,10,3,1,11,13,9,16,1,1,14,2,3,2,1,1,1,3,3,12,4,2,0,5,7,6,5,2,5,2,2,4,19,26,0,4,9,1,1,8,5,3
"COG1866",306,186,395,280,301,295,596,368,313,365,448,199,385,315,302,144,374,351,339,261,341,470,534,364,395,474,549,291,310,396,385,314,331,395,367,305,559,355,281,319,308,261,305,265,315,266,330,361,352,506,171,225,337,407,324,365,232,282,303,460
"COG1868",10,34,69,17,33,44,8,50,17,57,89,87,82,27,28,9,13,46,29,23,44,22,21,99,9,22,5,68,71,12,92,13,10,25,17,36,23,38,21,61,16,46,32,40,8,28,31,43,28,35,56,11,79,24,41,66,8,31,13,37
"COG1869",27,40,11,4,7,17,15,4,11,12,45,97,10,8,3,35,14,3,13,5,3,5,6,5,6,15,7,13,6,7,1,10,4,3,4,2,2,13,10,0,2,10,10,6,9,6,8,4,2,4,28,16,3,1,4,4,2,5,21,8
"COG1871",0,2,40,25,11,11,3,21,9,23,15,13,31,12,12,0,1,26,16,12,22,4,6,41,6,5,1,29,38,7,49,9,2,12,23,14,8,20,9,38,6,58,9,16,3,11,15,35,25,9,14,1,56,13,16,26,6,11,4,8
"COG1872",6,29,1,0,0,4,5,3,7,0,3,35,0,0,0,2,0,1,1,2,0,0,2,0,2,1,4,6,0,0,1,0,6,2,0,1,0,2,0,1,2,0,1,6,1,2,4,2,0,0,5,4,0,2,4,10,0,7,12,1
"COG1873",30,11,42,21,43,52,1,50,22,42,17,12,48,32,35,9,24,34,12,22,28,9,12,22,20,21,3,36,47,7,50,18,12,12,16,57,20,52,12,43,36,16,12,25,48,15,5,59,30,23,6,17,49,44,24,32,11,69,8,8
"COG1874",772,435,460,673,449,690,558,376,411,348,318,104,527,388,711,1022,455,440,623,437,680,391,345,384,577,489,413,496,681,844,397,555,607,413,447,602,432,540,578,524,748,797,632,516,363,620,588,371,548,691,665,491,831,360,801,560,665,459,920,464
"COG1875",8,46,43,58,73,6,46,42,68,37,19,34,44,118,67,30,78,29,72,57,96,15,14,33,132,67,6,37,23,111,134,133,73,40,77,29,15,67,139,102,57,146,95,124,60,121,70,39,78,8,112,24,57,27,117,37,16,51,55,19
"COG1876",151,45,150,107,146,116,9,101,119,116,88,63,145,142,73,48,65,90,43,74,78,42,56,119,46,126,19,140,86,7,188,63,27,21,91,296,41,104,81,150,93,64,51,99,154,11,27,106,139,54,32,276,125,138,66,94,51,142,37,52
"COG1877",23,54,35,45,83,16,76,27,91,57,6,79,79,111,136,12,131,11,91,180,125,37,8,68,87,64,2,106,38,195,38,118,86,61,80,22,6,49,70,84,41,58,89,106,41,178,61,18,82,7,92,6,31,10,64,46,7,53,68,38
"COG1878",34,17,16,13,35,49,20,28,46,33,13,30,69,58,52,19,27,64,22,20,33,12,30,38,18,45,17,15,45,16,22,20,10,3,17,14,9,34,23,2,18,9,17,18,13,10,19,10,18,13,10,22,11,7,13,16,29,49,10,7
"COG1879",1746,618,771,623,527,673,706,778,573,703,877,1540,796,488,806,560,653,599,505,711,687,873,939,589,598,735,704,728,1040,495,690,593,605,1024,686,621,819,727,493,432,431,731,522,577,832,585,864,800,494,693,873,1062,595,785,595,677,560,641,828,730
"COG1881",18,97,2,1,19,47,11,3,8,14,4,50,1,5,0,132,5,23,10,3,9,3,2,3,6,12,2,20,3,14,1,6,12,2,6,3,1,5,4,3,25,2,12,14,6,2,11,3,0,1,34,10,5,6,15,21,59,19,79,6
"COG1882",864,821,577,542,557,664,621,680,584,443,414,1011,832,562,645,670,634,558,519,561,596,662,648,599,691,798,490,683,755,646,617,662,564,522,626,672,424,680,623,588,538,590,733,664,709,520,645,628,654,509,618,879,614,480,460,609,1083,829,710,506
"COG1883",166,154,417,406,473,183,291,260,386,341,271,74,308,413,315,60,493,336,508,448,380,238,311,289,536,411,239,341,256,399,418,468,325,316,383,334,253,322,359,390,448,378,441,414,486,496,271,445,505,316,392,97,356,334,452,365,167,337,339,290
"COG1884",31,326,326,407,429,23,289,170,412,216,110,101,221,403,292,63,491,410,569,379,350,340,150,200,453,387,66,289,147,410,199,523,604,324,375,335,43,182,521,405,491,397,519,412,311,553,372,269,399,77,364,60,307,145,416,335,673,182,357,243
"COG1886",13,33,33,21,15,20,12,22,9,25,47,212,20,12,34,14,21,17,16,14,11,4,9,36,12,3,4,27,40,7,49,10,7,10,23,22,7,23,16,58,12,32,12,42,8,14,39,12,26,26,48,5,32,21,22,50,3,15,5,25
"COG1887",421,178,289,268,197,342,266,285,143,267,294,28,112,239,288,89,107,158,136,432,164,226,109,407,136,37,154,156,234,105,327,245,104,82,198,246,76,332,207,420,90,133,191,212,210,142,86,220,204,280,126,258,175,128,257,249,185,395,110,48
"COG1892",1,0,0,0,2,9,0,0,0,0,0,0,0,0,0,1,0,0,0,6,0,0,0,0,0,0,0,0,4,0,2,0,0,1,0,0,0,0,0,0,1,0,1,15,0,0,0,0,0,0,0,0,0,0,0,0,0,0,0,0
"COG1893",88,108,171,239,217,234,91,128,181,131,62,109,325,205,171,162,268,213,197,201,232,132,112,155,249,338,26,143,178,203,208,225,151,102,156,134,37,208,140,234,183,129,178,233,237,169,133,181,198,98,197,163,188,145,222,222,244,126,188,124
"COG1894",373,180,173,154,117,226,92,79,174,245,80,259,142,160,150,127,97,175,201,276,171,96,101,136,98,185,33,149,316,140,128,117,132,107,150,146,23,86,200,83,154,273,213,174,162,106,192,277,150,83,359,283,176,90,207,168,320,348,183,88
"COG1895",60,11,34,61,77,10,53,125,63,46,86,6,59,62,71,18,54,5,67,46,71,53,27,81,71,41,140,42,52,113,16,39,26,142,23,18,87,31,62,21,36,105,34,24,42,110,30,13,43,74,32,13,25,26,40,28,4,52,11,57
"COG1896",171,169,132,91,80,218,15,113,103,119,80,228,121,104,124,54,35,103,69,95,77,18,73,88,30,96,19,101,103,29,74,41,32,23,41,65,29,83,31,58,39,21,43,44,52,20,23,69,40,45,32,85,64,69,53,42,18,107,32,11
"COG1897",176,131,159,170,203,210,162,225,154,186,265,120,176,153,207,251,184,264,150,169,143,207,260,213,166,141,228,159,217,143,184,174,227,212,184,187,283,188,124,184,216,176,152,166,143,141,202,177,176,254,118,263,191,222,158,207,265,128,182,211
"COG1898",165,225,192,261,346,109,282,297,382,369,202,80,197,258,264,172,283,219,274,220,313,198,283,235,357,162,393,244,191,243,298,300,153,335,375,217,278,190,210,254,333,295,293,264,271,349,266,278,302,355,255,163,189,237,347,187,92,167,246,232
"COG1899",0,4,1,0,0,0,0,3,3,3,7,0,0,1,0,0,2,0,0,0,0,0,0,4,0,0,3,0,0,0,0,4,1,0,1,1,0,0,37,0,5,1,1,0,2,1,0,2,1,0,0,0,1,1,0,0,0,11,0,2
"COG1900",0,1,4,0,4,0,3,1,6,3,0,0,0,3,1,0,1,1,2,0,6,0,0,0,0,0,1,3,0,1,0,4,2,1,5,1,0,1,27,3,10,0,1,0,2,0,4,1,0,1,0,0,2,3,3,0,3,12,0,0
"COG1902",221,233,97,101,136,255,74,100,130,158,60,227,163,142,150,261,158,189,134,204,138,62,89,66,100,193,21,139,161,117,263,363,233,207,292,310,89,435,263,237,386,233,347,345,512,242,226,287,288,181,257,505,211,153,262,378,277,557,477,164
"COG1903",124,55,87,151,188,144,50,98,141,105,45,31,181,198,147,68,173,85,131,201,206,103,81,85,160,196,12,176,190,114,160,223,111,136,128,82,46,185,80,169,88,181,161,247,236,233,135,133,166,95,191,110,119,71,158,129,229,96,116,78
"COG1904",36,96,203,218,220,195,356,132,178,231,179,122,234,224,194,82,288,230,237,335,266,237,295,259,249,295,256,206,172,255,159,190,218,260,244,158,240,146,158,214,185,208,234,237,439,240,165,182,216,293,192,70,239,196,200,209,91,120,205,303
"COG1905",87,77,50,44,64,45,41,23,82,79,23,118,48,52,82,59,58,28,63,50,48,36,14,39,49,51,16,46,79,67,33,52,49,43,46,57,4,39,84,28,56,77,59,52,55,53,58,50,43,13,145,79,37,37,57,36,69,120,60,28
"COG1906",0,2,4,1,6,3,16,6,31,14,4,46,5,15,3,0,41,3,12,12,10,5,4,14,18,20,5,8,21,30,19,11,7,2,8,2,4,6,17,5,8,14,17,15,16,7,28,3,7,5,87,0,14,1,18,15,30,8,11,5
"COG1908",34,3,8,8,6,21,13,2,23,7,1,0,7,10,4,2,1,7,23,6,4,5,7,7,2,3,4,7,3,5,6,12,7,10,8,14,0,18,5,5,4,4,30,6,8,13,13,17,7,4,27,14,12,4,15,1,1,16,13,6
"COG1910",84,2,6,4,6,14,9,4,5,51,9,0,8,12,11,9,2,8,7,5,16,4,3,9,5,21,3,9,26,13,8,11,3,4,6,9,2,12,2,1,10,3,4,13,25,6,5,8,7,5,1,61,5,11,6,5,14,25,5,9
"COG1912",5,3,1,0,1,8,0,1,8,0,0,11,1,0,0,25,4,0,2,1,0,7,0,1,2,3,2,0,1,2,0,0,7,0,2,3,0,2,7,1,1,5,0,4,4,2,3,0,0,1,10,20,0,3,0,2,1,19,3,0
"COG1913",0,0,2,14,0,0,0,0,12,1,1,0,0,3,0,0,0,14,2,9,1,83,24,4,20,0,10,0,0,3,1,0,7,70,0,0,157,2,2,0,0,0,0,0,0,14,4,0,0,77,0,0,1,0,0,3,0,0,1,68
"COG1914",95,196,101,128,130,159,109,57,125,85,29,132,90,148,131,327,143,142,196,122,111,120,51,67,149,138,29,95,95,188,72,155,161,75,119,146,31,136,177,148,158,129,124,172,96,145,141,85,156,52,129,263,105,33,169,173,303,60,169,51
"COG1915",0,4,5,3,2,4,3,1,10,1,0,23,1,3,0,0,2,7,0,3,2,1,0,1,5,2,1,0,4,1,11,15,4,2,5,4,0,0,7,10,19,6,10,3,8,4,11,13,2,0,23,0,5,5,12,3,5,39,4,3
"COG1917",207,177,201,253,300,109,212,231,223,191,121,28,282,293,191,27,290,229,235,272,241,110,156,164,257,284,49,213,191,249,238,222,248,134,171,168,204,194,223,325,236,227,176,226,187,261,182,169,206,235,195,87,202,157,232,169,124,135,201,138
"COG1918",318,144,425,274,321,268,390,326,280,346,443,104,236,380,225,92,355,432,383,307,274,283,297,336,323,325,406,260,428,261,161,158,118,161,162,182,173,168,159,149,154,120,190,181,131,90,114,214,199,208,20,105,195,218,130,208,83,124,131,174
"COG1921",35,82,8,2,10,83,27,11,26,5,7,204,16,5,13,44,10,15,26,17,18,8,13,4,11,19,4,55,8,9,10,18,32,22,15,8,4,14,12,3,28,10,34,22,16,24,9,12,8,14,116,58,9,5,4,19,13,62,87,11
"COG1922",43,73,103,175,69,100,86,127,179,101,129,93,77,140,158,45,205,87,113,98,183,158,62,85,77,143,177,129,116,221,62,120,114,66,96,137,47,96,122,121,95,104,69,84,74,116,141,55,112,31,159,83,87,126,77,86,109,83,92,369
"COG1923",13,28,6,11,13,9,4,7,24,16,66,39,0,13,1,6,10,4,4,6,6,12,8,12,6,11,7,11,3,8,5,4,13,5,6,19,2,1,10,5,13,3,5,16,13,7,8,23,9,4,9,4,12,7,14,5,17,23,25,18
"COG1924",530,218,469,416,321,561,436,371,426,434,346,213,851,338,447,508,221,586,272,302,364,238,549,480,160,471,177,410,794,137,628,280,241,170,324,578,446,761,143,398,305,255,382,370,432,154,275,520,309,878,235,421,533,512,399,432,769,523,255,646
"COG1925",195,325,138,111,96,210,64,123,57,125,80,554,125,121,136,120,72,89,73,75,121,71,77,105,82,102,26,203,240,34,114,87,114,66,84,134,53,206,49,109,62,155,74,103,191,71,66,138,106,70,90,197,140,135,94,163,170,134,130,67
"COG1928",0,1,56,35,18,1,4,40,25,77,12,0,10,19,1,0,5,19,13,27,26,5,18,13,4,3,5,84,4,0,44,17,7,8,35,38,3,22,2,93,19,60,6,28,22,8,3,86,23,17,0,3,54,42,19,35,1,80,4,3
"COG1929",208,172,114,129,123,204,151,149,129,125,105,244,104,133,157,254,91,129,137,177,91,162,186,123,139,109,162,155,164,144,155,167,119,166,140,150,170,169,148,130,107,218,154,165,101,184,168,121,169,227,156,256,120,105,137,169,222,83,154,194
"COG1930",0,0,4,1,0,0,0,0,0,3,0,0,1,0,0,0,0,1,0,1,0,0,1,0,1,1,0,1,6,0,1,0,0,0,1,0,0,0,0,0,2,1,1,1,3,0,1,0,0,2,0,2,0,0,0,0,0,3,4,0
"COG1932",210,187,247,200,276,207,232,262,232,259,204,140,215,250,213,271,258,259,228,207,242,178,240,270,233,251,189,201,225,258,245,223,207,182,219,241,262,208,193,210,220,140,197,217,230,166,243,248,194,261,124,231,247,285,198,204,363,216,209,244
"COG1934",10,37,0,1,2,9,14,1,4,3,44,48,1,1,0,7,3,3,3,1,4,2,2,3,3,8,9,15,1,7,0,3,10,3,10,0,1,1,2,5,7,2,2,9,6,5,13,0,0,1,6,7,10,2,5,10,0,12,20,22
"COG1937",139,79,60,47,70,113,20,79,52,62,51,89,81,50,70,126,29,60,29,50,50,37,44,38,23,45,10,73,95,28,80,42,37,53,35,62,34,100,37,43,44,22,47,50,54,33,28,55,79,40,46,83,73,80,48,71,144,88,49,23
"COG1939",72,26,88,51,53,89,8,76,62,82,45,28,79,50,60,45,29,64,42,58,53,38,48,67,30,46,14,51,98,15,104,48,34,30,50,91,32,107,22,81,53,63,58,52,89,23,39,102,58,44,43,119,70,87,51,76,81,92,40,26
"COG1940",1136,1143,687,637,851,1078,644,568,675,672,687,864,589,682,659,2011,706,773,694,619,646,800,449,466,634,560,761,711,630,722,620,787,676,934,573,679,351,700,923,647,885,758,705,789,741,770,520,720,678,540,751,1054,585,683,675,645,1181,588,707,900
"COG1941",0,0,0,0,0,0,0,0,0,0,0,0,0,0,0,0,0,0,0,0,0,0,0,0,0,0,1,0,0,0,0,0,0,0,0,0,0,0,0,0,0,0,0,0,0,0,0,3,0,0,0,0,0,1,0,0,0,19,0,0
"COG1942",2,0,0,1,0,9,1,0,5,1,1,24,1,2,0,8,3,1,0,4,3,1,0,4,3,2,3,4,1,3,3,2,1,8,0,2,0,3,1,0,2,1,1,1,1,2,3,2,1,1,3,20,1,1,1,5,0,0,6,4
"COG1943",376,291,146,132,167,206,105,145,101,218,74,245,82,128,190,218,85,203,122,167,144,518,96,153,55,86,57,133,300,71,65,64,160,34,39,167,25,187,116,37,82,50,124,76,93,58,88,128,69,43,74,213,73,69,80,115,662,131,61,34
"COG1944",7,51,1,0,0,8,5,4,1,1,43,76,1,2,0,17,14,0,1,5,0,3,0,0,4,10,4,17,2,195,12,1,11,4,4,3,4,10,72,4,22,1,5,44,2,11,12,2,0,6,8,20,6,0,1,19,0,30,21,19
"COG1945",0,0,3,0,0,0,0,0,1,2,0,0,0,0,0,0,0,0,0,0,0,0,0,0,2,0,0,1,0,0,0,1,1,1,0,0,0,0,1,0,0,1,0,0,3,3,0,0,0,0,0,0,1,1,6,0,0,7,0,0
"COG1946",5,16,0,0,5,7,1,1,1,0,2,24,1,0,0,55,2,8,0,1,0,0,1,0,1,2,2,9,0,2,0,0,12,1,1,0,1,5,0,2,29,2,0,7,1,3,0,0,1,5,6,9,0,0,0,6,32,5,33,7
"COG1947",174,164,196,155,178,190,184,202,205,200,233,111,176,150,160,250,146,244,155,164,174,218,245,197,130,167,204,190,209,126,212,158,166,162,194,155,227,223,158,184,179,123,147,189,177,137,174,223,135,187,99,154,201,217,161,185,290,149,193,159
"COG1949",11,59,0,2,7,50,12,2,6,2,3,71,3,1,1,77,6,18,2,3,4,0,3,2,4,7,6,20,3,7,1,5,11,1,4,2,2,6,0,1,24,2,1,11,0,7,11,1,1,4,11,10,5,1,2,12,47,6,23,7
"COG1950",0,12,1,0,0,3,0,7,0,0,2,1,0,0,0,2,0,1,0,0,0,1,1,1,0,0,1,0,0,0,9,0,0,0,0,3,0,4,0,0,3,0,0,1,0,0,0,1,0,1,0,18,0,7,2,0,0,3,0,0
"COG1951",246,287,304,274,220,235,522,280,294,293,273,377,329,222,317,155,306,260,329,206,246,333,420,228,244,298,303,247,289,266,207,280,266,296,353,254,415,320,231,241,254,243,292,263,258,242,326,260,268,433,215,166,290,300,206,318,187,221,281,449
"COG1952",8,64,5,0,2,3,12,18,7,13,81,86,0,6,4,10,9,3,3,8,4,1,1,10,4,9,7,12,3,7,1,9,11,3,8,6,5,7,2,1,5,1,3,14,5,18,12,1,0,1,9,7,4,6,12,11,0,10,26,23
"COG1953",7,21,0,3,1,1,2,0,3,1,3,81,3,2,2,5,5,4,6,0,2,2,0,1,10,1,1,19,3,0,3,13,11,3,9,1,2,3,7,1,19,9,12,6,10,7,26,2,2,6,46,9,0,2,6,3,0,18,31,4
"COG1954",12,40,12,25,20,51,18,19,8,15,12,84,30,12,8,28,10,5,15,10,37,6,8,8,9,5,8,35,41,0,18,12,15,22,15,10,8,27,14,11,15,7,24,21,25,20,18,17,18,16,33,31,15,9,7,22,19,19,7,8
"COG1956",17,54,30,38,46,30,24,39,51,37,31,48,22,45,21,34,67,45,51,57,41,63,16,28,55,35,68,51,8,61,41,50,40,75,48,37,68,21,76,49,48,54,57,66,29,46,65,31,72,74,57,92,32,21,59,41,3,32,62,25
"COG1957",147,204,63,10,74,295,25,49,44,23,14,447,77,29,62,640,62,77,19,22,29,22,20,25,53,49,8,110,64,33,47,42,31,24,26,75,15,83,39,30,62,22,31,36,46,28,67,40,25,27,131,261,59,40,41,29,289,97,79,34
"COG1959",317,154,191,132,166,311,61,148,146,212,126,244,247,141,262,116,119,188,92,169,119,104,107,123,60,202,32,188,296,35,174,120,140,86,102,207,126,371,103,113,165,154,123,163,220,53,95,213,163,121,115,317,156,202,141,191,243,190,150,86
"COG1960",76,486,312,295,284,194,435,297,342,330,246,520,345,313,219,96,409,304,390,251,309,295,320,270,388,393,314,384,258,323,265,410,320,325,329,209,299,251,418,270,397,295,460,271,355,291,296,300,370,306,274,179,280,320,318,272,215,320,360,356
"COG1961",3312,1246,3042,2028,2214,2348,465,2770,2606,2967,1445,1172,3023,2312,1859,825,1429,1482,1577,2497,2728,842,1365,1617,1807,2633,1019,2053,2081,937,2322,2129,1451,1152,1536,3209,928,2840,1141,1844,2246,1471,1631,1671,3353,949,1168,3435,2873,1160,816,1483,1823,1836,2062,1861,1353,3899,1567,745
"COG1963",1,7,35,22,14,13,7,41,16,39,10,11,20,13,1,4,29,12,19,14,38,9,16,19,24,20,5,38,20,2,21,16,9,4,23,63,9,29,10,28,18,49,28,15,52,10,14,68,10,12,22,15,41,40,20,16,19,55,16,9
"COG1964",155,1,2,2,5,7,2,2,8,4,3,0,6,2,14,11,6,7,5,6,7,2,3,1,0,13,1,6,24,0,5,7,8,3,3,1,2,36,3,2,7,0,3,10,23,2,5,6,5,2,0,76,3,5,8,5,12,40,3,1
"COG1965",0,25,0,1,0,3,5,5,2,1,4,48,2,1,0,1,5,2,0,0,2,2,0,1,1,4,2,7,0,3,1,1,5,1,5,4,4,2,0,0,4,1,1,6,4,6,2,0,0,0,2,7,10,0,1,12,1,13,8,2
"COG1966",77,391,449,377,309,465,373,391,350,431,492,386,454,304,217,465,420,552,355,322,361,472,527,342,384,445,330,403,468,213,438,355,363,328,358,349,374,375,248,290,494,236,300,358,668,241,389,456,341,428,223,136,382,442,278,427,732,272,351,412
"COG1968",223,173,261,206,248,254,246,286,207,265,244,124,201,216,224,220,191,267,187,220,187,260,277,230,207,217,295,176,226,142,245,207,231,252,222,259,236,231,201,191,217,185,205,207,220,180,193,260,252,247,111,228,223,347,206,200,265,223,190,241
"COG1969",7,69,4,1,2,0,24,1,16,9,4,52,4,7,0,10,11,10,4,2,3,40,27,2,11,7,1,35,30,16,0,5,17,4,5,2,0,2,5,6,8,3,3,5,5,4,7,0,1,7,1,9,3,2,9,1,67,11,0,4
"COG1970",29,68,88,82,122,113,51,146,98,100,99,36,78,120,70,151,91,50,67,90,92,84,88,104,61,96,70,77,40,74,94,76,69,86,81,86,76,72,76,73,61,71,55,99,58,85,72,88,75,78,77,81,75,137,75,54,137,146,76,55
"COG1971",133,86,145,144,131,139,51,137,112,140,62,84,150,123,173,108,145,126,115,104,146,61,64,82,102,138,25,142,204,142,144,109,115,99,111,197,56,210,114,113,130,132,108,107,204,122,100,165,113,100,115,83,186,134,89,181,79,140,99,68
"COG1972",28,184,10,6,9,26,33,10,53,5,6,198,10,15,3,48,30,5,23,9,15,36,19,1,14,37,12,70,30,18,2,17,73,22,19,11,6,20,89,6,20,9,42,48,13,42,33,4,8,11,49,127,9,2,24,18,149,47,132,28
"COG1974",166,380,155,132,154,219,68,174,138,158,193,391,199,111,161,341,136,191,89,170,109,191,125,92,105,141,75,178,206,30,159,201,128,106,92,208,110,234,48,184,122,113,117,169,197,91,96,206,126,116,33,132,143,211,101,148,208,201,117,105
"COG1975",196,142,70,82,58,205,53,56,74,72,32,263,193,78,94,110,88,118,50,70,64,111,126,52,65,160,24,82,244,31,90,59,126,67,71,98,52,193,55,41,87,46,86,84,200,47,103,69,93,106,94,181,64,62,71,96,436,114,77,58
"COG1977",3,9,0,1,1,2,3,1,1,0,1,19,1,1,0,7,1,0,2,0,3,3,0,0,1,3,0,3,1,2,0,1,5,0,2,1,0,1,0,0,2,2,3,2,2,2,7,0,0,0,6,2,3,0,2,11,0,2,6,3
"COG1979",322,206,194,213,219,261,198,106,246,144,205,229,304,240,317,278,313,208,267,226,225,169,118,151,277,326,30,223,196,360,123,324,262,223,272,166,64,184,258,213,234,230,326,237,242,288,270,193,199,112,372,162,254,144,248,226,224,173,307,168
"COG1982",642,484,254,187,220,443,115,242,230,206,156,821,296,202,225,345,174,263,153,209,205,176,247,196,111,318,80,394,446,96,294,200,221,156,170,263,144,351,107,194,170,151,220,242,380,152,150,221,191,248,257,520,293,197,220,295,506,269,288,149
"COG1983",4,23,20,22,49,39,24,16,41,34,5,22,20,50,32,27,81,27,44,47,36,14,7,15,75,68,3,25,18,77,23,62,50,34,43,36,2,20,66,28,51,43,34,46,36,54,29,28,56,8,28,35,35,11,29,32,9,30,47,16
"COG1984",77,58,30,12,22,21,9,9,9,37,13,74,23,21,8,106,13,18,13,65,9,2,22,3,20,14,8,37,25,7,13,7,17,28,3,16,16,28,9,13,12,11,5,25,11,16,19,42,21,28,15,72,11,23,11,46,23,21,36,12
"COG1985",108,109,194,173,198,134,323,139,209,178,314,111,186,195,117,72,209,230,214,201,194,272,346,200,252,189,255,185,216,177,225,218,218,253,238,171,257,152,200,172,224,168,257,202,144,199,235,137,189,325,167,82,196,214,192,235,223,116,206,308
"COG1986",6,34,0,1,0,8,6,17,1,15,1,42,0,0,0,6,4,1,0,0,2,1,0,0,3,1,3,18,1,0,7,3,5,4,4,9,1,17,0,0,2,0,1,5,1,4,0,11,0,0,3,2,6,10,4,0,0,26,19,7
"COG1987",5,10,21,5,3,5,1,6,5,10,11,20,10,6,5,2,4,6,3,2,9,2,3,13,0,3,1,6,18,1,30,6,8,9,8,11,7,9,6,25,7,28,6,21,3,2,10,18,16,21,13,3,24,9,15,20,1,4,3,13
"COG1988",6,87,9,2,6,33,9,4,15,4,4,104,7,2,8,11,11,3,3,2,3,4,2,11,1,9,6,31,6,7,1,7,6,5,3,11,0,9,0,6,3,4,1,5,6,6,6,4,2,0,13,10,7,2,6,8,8,10,13,5
"COG1989",52,166,64,17,44,103,13,46,27,61,50,110,36,26,39,52,16,26,27,15,35,30,36,64,14,26,15,82,42,20,108,18,40,25,24,95,14,68,31,85,30,46,12,55,21,18,17,84,42,36,39,69,73,105,29,46,76,70,48,23
"COG1990",0,4,7,12,1,9,0,10,1,11,0,0,12,6,8,0,7,5,4,7,7,2,13,3,8,20,5,3,1,0,5,1,8,5,8,12,10,13,0,6,10,0,1,5,20,1,1,13,11,4,0,0,4,4,8,9,14,13,5,1
"COG1992",0,0,1,3,0,0,1,0,3,0,0,0,0,0,0,0,0,0,0,0,2,1,2,1,0,0,1,2,0,0,0,1,0,1,7,0,4,1,4,1,9,1,7,0,1,1,2,2,2,0,0,19,1,0,0,1,0,3,3,2
"COG1993",0,2,0,2,0,0,1,3,6,12,0,0,0,2,0,0,1,2,0,3,2,0,0,5,3,1,1,0,3,0,2,5,2,1,0,1,0,0,1,1,0,0,4,4,5,0,0,0,3,0,7,0,0,0,8,0,0,0,2,3
"COG1994",70,48,61,10,58,41,12,70,45,48,33,0,22,42,76,5,30,58,20,43,31,38,25,30,24,31,11,49,19,20,61,31,25,15,21,85,39,78,35,40,36,15,29,25,85,16,14,79,32,30,24,23,61,76,36,39,51,181,15,17
"COG1995",19,150,108,129,135,65,234,177,164,93,156,132,141,141,84,28,221,161,186,102,129,111,229,167,169,229,167,88,50,128,78,151,194,174,201,140,162,73,192,128,152,73,151,123,122,156,172,90,171,198,118,30,96,142,102,136,189,63,178,238
"COG2000",76,11,11,9,13,12,3,5,14,22,4,42,7,13,7,19,2,2,9,3,6,3,9,17,10,10,2,4,34,2,16,9,14,9,13,32,1,8,57,7,16,12,20,15,51,11,27,11,14,4,13,80,6,29,13,10,12,98,7,5
"COG2001",146,97,125,92,105,130,36,98,81,104,87,103,113,119,96,142,82,96,88,117,93,33,38,87,96,79,59,105,91,100,122,105,50,68,65,92,35,125,72,114,76,78,87,91,75,91,81,113,100,43,88,87,96,119,85,89,66,131,76,53
"COG2002",130,57,117,40,71,127,7,99,57,143,56,69,100,97,105,30,30,67,44,70,67,21,49,74,37,69,23,110,101,32,130,61,29,31,39,127,52,167,36,102,55,49,43,91,155,36,45,124,66,43,26,89,85,142,77,117,59,173,40,36
"COG2003",163,234,231,219,144,177,262,159,241,241,327,303,198,186,258,87,255,186,182,174,165,207,259,212,136,236,513,209,232,173,254,183,245,378,195,268,434,273,264,195,211,176,153,242,158,158,154,246,199,309,203,184,239,300,158,253,229,235,169,324
"COG2005",13,42,4,2,6,14,12,8,16,15,7,107,3,10,1,12,15,15,9,5,17,2,7,2,14,14,9,23,30,20,7,9,13,10,14,7,5,9,7,7,18,4,11,19,13,11,14,8,2,5,8,9,13,8,9,12,11,21,30,13
"COG2006",198,43,53,54,25,89,32,13,52,33,13,22,27,33,58,36,14,31,36,19,48,106,46,18,33,40,7,67,76,63,10,19,30,6,34,33,5,36,24,26,20,41,12,27,20,27,28,17,14,10,30,34,10,8,37,7,112,32,12,11
"COG2008",184,132,115,170,171,193,325,123,209,175,118,148,195,163,163,215,230,151,179,173,202,130,286,106,220,226,157,177,190,224,112,194,176,126,227,145,212,149,164,159,206,158,201,183,230,210,162,155,166,291,219,142,196,151,197,176,252,130,226,105
"COG2009",7,34,1,1,2,6,14,3,9,7,4,57,1,2,0,10,8,6,5,0,1,19,11,2,6,6,4,14,12,7,2,24,21,10,4,3,1,1,3,0,6,3,6,10,8,2,24,0,0,6,8,1,13,2,5,9,77,8,22,9
"COG2010",0,54,0,0,0,1,0,2,3,0,4,0,0,0,0,0,0,1,1,0,0,0,0,0,0,0,0,32,0,2,0,1,1,0,1,0,0,0,0,0,1,0,0,0,0,2,0,0,1,0,0,2,0,1,0,0,0,4,13,2
"COG2011",121,81,87,57,47,151,29,62,64,85,192,115,68,37,26,283,54,74,53,42,71,58,53,49,45,87,13,117,98,21,77,70,30,29,46,52,19,83,40,62,64,91,85,42,87,32,69,98,58,43,48,224,83,107,38,71,266,78,96,81
"COG2013",139,22,64,40,27,91,13,128,39,33,40,30,46,50,54,152,14,13,25,36,14,23,28,42,10,31,45,66,106,8,121,39,23,61,32,72,37,47,29,90,17,11,38,58,34,7,27,82,46,51,32,190,81,95,35,62,94,42,18,7
"COG2014",0,0,0,0,0,0,0,0,0,0,0,1,0,0,0,0,0,0,0,0,1,0,0,0,0,0,0,1,0,0,0,0,0,0,0,0,0,0,2,0,0,0,0,0,0,0,0,1,0,0,0,0,0,1,1,0,0,17,0,0
"COG2015",139,115,65,43,34,63,16,29,42,36,11,134,90,29,54,54,35,37,20,35,32,2,59,37,53,103,16,61,6,26,30,39,30,11,234,59,13,73,14,71,36,12,23,33,163,29,22,62,37,20,86,62,31,14,24,19,13,65,9,17
"COG2017",422,396,553,796,742,522,677,540,517,599,595,333,610,692,649,424,749,606,537,600,650,737,680,583,735,624,720,544,575,660,578,666,531,662,655,559,775,507,510,704,497,772,516,554,591,776,546,613,609,720,706,481,495,589,616,519,578,455,464,673
"COG2020",0,23,2,7,0,13,0,1,15,2,0,0,1,0,1,0,2,10,1,2,3,2,1,1,0,1,1,6,2,0,1,4,0,0,3,8,1,10,9,1,8,0,0,1,7,0,5,0,1,0,0,6,3,3,2,12,3,5,0,0
"COG2021",0,51,25,0,0,0,0,4,14,4,10,0,0,0,0,1,1,3,19,0,6,3,3,3,2,3,0,22,0,3,5,13,5,1,16,1,4,7,9,7,8,2,10,3,4,0,0,10,5,1,0,4,2,4,16,10,0,46,2,4
"COG2022",151,120,87,92,103,106,115,79,120,78,95,56,123,101,86,224,108,126,104,99,98,117,82,85,112,109,98,74,154,104,106,139,108,103,93,77,64,51,76,129,137,81,143,124,79,98,57,65,136,99,106,76,89,82,102,108,194,49,100,125
"COG2025",44,188,265,200,145,119,327,188,279,270,158,270,241,201,160,56,200,258,273,167,228,186,242,205,195,217,283,229,181,177,199,274,275,215,238,219,215,224,280,215,307,243,353,193,341,171,244,273,229,281,184,74,231,260,262,261,240,224,150,246
"COG2026",16,113,12,0,5,17,3,4,6,15,6,15,5,3,25,25,11,12,3,7,5,1,8,15,5,9,3,9,10,7,7,9,9,5,3,16,0,22,3,10,4,6,3,2,35,18,8,8,3,14,22,13,2,5,1,4,20,36,31,9
"COG2027",53,134,76,118,83,78,105,39,112,55,101,109,115,99,102,289,155,134,140,156,141,61,33,116,103,120,16,86,55,155,28,98,188,64,99,87,44,39,128,81,150,101,131,97,61,156,79,56,91,37,170,27,144,27,83,88,130,69,183,133
"COG2030",72,170,27,74,201,333,123,101,58,43,107,38,54,106,68,1061,126,145,93,77,96,99,98,121,109,75,135,51,60,165,39,89,84,138,114,67,110,46,75,84,139,99,99,97,50,124,82,51,96,103,100,50,48,79,61,81,527,23,91,111
"COG2031",3,59,6,9,12,4,12,4,24,12,3,87,5,15,5,13,9,20,14,5,7,3,3,7,11,6,6,13,5,13,14,24,10,24,17,7,0,8,27,4,23,17,38,20,38,13,8,7,7,3,48,4,5,2,21,1,4,38,10,7
"COG2032",7,37,2,2,5,13,9,5,8,4,0,145,2,4,4,22,4,4,3,4,1,4,0,2,5,10,0,12,13,3,2,2,5,4,3,3,0,2,6,1,3,4,6,3,12,1,5,6,0,3,20,16,11,4,2,8,3,13,12,2
"COG2033",18,14,17,17,18,20,65,34,40,47,91,22,34,12,10,10,27,46,13,12,21,93,82,33,17,40,63,32,20,4,23,25,35,53,31,39,79,35,14,20,25,9,26,21,53,11,40,33,22,72,33,31,36,78,22,19,81,54,12,59
"COG2035",22,55,70,75,58,29,25,85,75,58,26,62,43,53,21,47,45,46,60,30,76,18,20,31,33,25,10,80,99,23,128,50,85,52,35,148,21,41,108,93,103,43,96,53,31,27,46,102,35,26,40,56,141,78,67,83,71,146,76,37
"COG2038",109,133,116,141,136,132,109,89,157,109,63,140,187,157,164,82,157,162,179,180,156,217,113,99,182,246,15,175,253,188,68,84,89,67,51,51,27,88,70,90,82,71,99,126,96,75,107,75,98,51,77,73,84,41,64,79,213,54,115,43
"COG2039",17,22,11,5,20,108,6,13,12,13,3,2,5,9,6,209,8,28,6,19,19,4,6,4,4,5,3,20,46,5,18,8,11,16,3,15,9,22,5,16,32,6,24,19,5,4,5,18,3,9,16,24,15,9,11,10,58,13,26,10
"COG2040",3,19,8,27,5,7,4,3,8,3,8,6,21,4,10,22,3,17,12,3,29,2,13,5,5,5,1,3,3,7,5,16,10,4,5,4,10,14,19,8,14,29,11,19,13,13,34,0,5,10,5,105,7,9,23,13,17,6,28,9
"COG2041",7,59,1,1,1,4,5,0,5,0,4,65,0,1,1,14,4,0,0,2,3,0,1,0,0,1,2,26,0,1,1,6,8,2,3,0,1,2,1,3,2,2,0,3,2,3,0,2,0,1,5,16,0,1,0,0,0,12,25,7
"COG2043",0,0,2,0,1,3,1,1,3,2,2,0,0,1,5,0,0,0,5,2,0,0,0,1,2,1,0,3,0,1,4,12,1,1,1,8,0,0,0,0,3,0,1,1,2,0,3,1,1,1,4,1,1,2,6,11,1,16,9,2
"COG2045",0,1,0,0,2,1,3,0,11,0,1,18,2,3,0,0,1,1,0,0,2,1,0,0,3,2,0,3,2,0,0,0,4,4,4,0,1,1,4,0,0,3,8,5,1,1,9,4,2,0,28,2,2,2,5,0,0,22,5,3
"COG2046",0,0,0,0,0,0,0,0,0,0,0,0,0,0,0,0,0,0,1,1,0,0,0,0,0,0,0,0,0,0,0,0,0,0,1,0,0,0,1,0,0,0,0,0,0,0,2,3,0,0,0,0,0,0,0,0,0,0,0,2
"COG2048",41,26,16,10,12,31,9,4,37,12,6,0,10,12,9,13,8,8,32,11,28,5,10,11,8,11,1,4,18,8,6,6,2,9,14,11,0,15,25,4,7,2,14,5,3,6,9,15,12,1,7,13,8,2,11,4,1,25,8,6
"COG2049",75,50,33,11,24,27,11,8,13,32,16,69,18,12,6,83,11,21,6,59,10,4,10,9,7,8,3,27,14,6,11,6,4,17,4,3,16,17,2,10,5,3,4,11,6,6,5,16,4,9,5,20,9,9,11,18,10,13,12,8
"COG2050",26,159,99,164,135,27,148,133,176,126,87,218,68,180,68,45,198,161,180,122,159,170,107,105,208,119,126,120,57,170,98,183,153,152,133,141,127,64,181,133,182,113,144,190,116,215,188,73,170,115,174,91,124,151,146,79,132,138,150,138
"COG2052",41,3,29,18,16,31,7,31,22,34,18,0,24,14,30,6,22,26,26,24,26,21,21,12,14,24,5,12,26,0,31,26,20,10,11,28,17,39,6,15,24,34,19,33,37,5,6,49,13,22,16,18,19,21,18,13,45,62,8,7
"COG2055",119,85,27,11,14,76,23,20,46,11,19,294,79,19,31,63,39,16,11,75,24,9,21,25,23,90,26,70,69,18,25,23,59,23,19,20,14,48,35,7,32,25,55,50,47,16,54,68,27,34,69,138,20,31,40,30,125,101,90,25
"COG2056",16,0,2,3,3,0,4,11,20,4,1,38,0,2,1,1,2,8,5,3,1,2,2,1,1,4,0,2,4,0,0,4,1,0,1,0,1,2,9,0,4,5,1,2,3,0,2,0,2,1,16,6,2,1,4,13,1,5,5,0
"COG2057",4,44,10,3,3,11,13,5,47,20,7,58,4,16,5,12,13,19,34,6,19,5,3,5,3,5,1,33,8,3,16,42,15,19,13,9,3,7,51,7,36,8,40,15,16,8,11,10,16,2,27,18,4,8,37,10,19,36,44,10
"COG2059",462,131,309,327,282,241,478,280,347,398,328,147,342,332,317,79,358,253,303,255,289,471,532,457,376,434,518,172,222,317,250,284,274,458,317,236,471,267,338,274,282,254,262,340,395,286,305,261,332,491,385,98,208,415,349,234,277,199,187,388
"COG2060",137,258,107,204,221,27,158,77,240,94,36,204,159,218,191,80,301,112,240,183,213,178,87,134,218,230,7,180,140,310,76,203,231,123,152,141,20,99,268,195,218,229,277,210,147,270,201,83,214,31,263,49,181,45,175,136,281,181,251,329
"COG2062",9,37,0,0,19,27,3,0,8,0,32,35,0,1,0,111,4,23,0,1,0,0,7,1,1,3,0,5,2,1,0,0,6,1,4,0,7,3,1,1,25,0,1,6,1,2,2,0,0,13,2,11,2,3,0,7,39,3,26,16
"COG2063",8,34,0,0,0,3,3,0,2,3,45,49,0,0,0,4,7,0,0,0,0,0,0,0,1,0,1,6,0,0,0,0,6,0,3,1,0,0,0,0,2,1,0,2,0,0,0,0,0,0,3,4,0,1,7,0,0,6,0,22
"COG2064",0,4,9,8,5,0,0,8,2,2,17,0,0,0,0,1,2,4,6,46,0,0,1,3,1,10,3,8,0,0,35,1,2,1,6,2,7,7,0,0,4,3,0,3,0,5,0,10,0,60,0,2,8,10,3,14,0,20,0,0
"COG2065",5,38,15,5,24,48,7,8,22,27,9,1,1,7,4,30,4,27,10,9,3,20,10,13,16,4,6,22,16,2,11,17,30,3,2,25,7,12,10,15,12,5,12,10,11,8,27,15,9,10,11,76,12,17,14,8,89,42,10,3
"COG2066",29,174,114,146,108,22,122,133,156,37,29,159,128,204,133,48,169,25,191,138,131,68,17,72,193,138,8,165,57,185,81,192,87,79,159,24,28,61,111,107,98,154,162,157,109,182,154,57,152,16,118,9,51,32,167,62,13,70,91,71
"COG2067",11,98,62,10,58,17,88,37,119,48,40,52,12,30,37,11,59,69,64,18,47,48,122,33,49,17,90,52,6,50,64,71,89,21,71,81,206,20,123,53,152,55,126,51,27,51,136,41,37,48,110,23,90,65,84,88,0,35,134,220
"COG2068",123,51,18,8,16,82,13,7,29,23,11,70,39,17,34,28,18,26,23,16,19,45,24,10,22,30,5,18,75,26,25,27,33,29,23,24,11,70,22,15,22,12,61,17,35,15,46,19,18,15,65,94,16,14,38,32,108,58,18,6
"COG2069",69,2,9,5,8,36,1,5,8,12,2,0,8,4,12,8,4,8,3,6,1,7,5,2,0,5,0,6,11,1,6,4,2,3,0,5,2,29,5,5,6,2,2,10,14,1,1,28,7,8,0,30,1,4,9,7,6,13,6,1
"COG2070",227,118,245,254,218,267,144,196,288,216,113,127,368,298,334,118,277,262,247,194,301,212,166,236,216,353,16,211,419,278,276,308,229,185,226,249,76,349,309,299,228,241,331,305,368,198,299,225,298,152,279,321,256,148,331,322,487,156,244,139
"COG2071",69,119,124,166,128,124,441,212,182,151,294,135,124,153,151,144,228,241,207,222,157,314,364,282,198,183,488,148,79,188,102,197,181,292,246,164,352,122,182,95,218,123,183,127,76,138,221,145,143,364,129,166,202,307,177,156,55,108,203,356
"COG2072",1,0,0,0,0,0,0,0,7,0,1,0,0,0,0,0,2,0,0,1,0,0,0,0,0,0,0,9,1,0,0,1,3,0,0,0,0,0,1,0,0,0,0,0,1,0,0,0,0,0,1,16,0,0,0,0,0,0,0,9
"COG2073",122,27,96,102,123,119,82,68,140,78,32,24,154,122,166,47,118,70,103,138,144,134,58,77,130,245,7,91,207,117,94,94,113,129,101,81,33,135,69,114,96,151,127,141,203,110,113,112,147,49,142,85,109,61,83,99,175,73,111,76
"COG2076",31,138,21,31,44,20,68,75,41,41,38,178,34,18,32,31,41,15,37,7,16,79,78,92,22,20,9,50,24,57,17,28,71,44,16,37,21,12,42,17,24,58,45,39,24,59,68,22,8,153,55,25,14,27,49,26,145,41,92,24
"COG2077",27,61,57,48,69,21,46,37,79,52,9,59,55,84,68,37,84,26,96,73,68,25,11,31,101,53,3,68,24,135,39,85,100,38,76,69,7,52,88,65,128,79,81,78,47,99,63,36,70,8,76,81,75,14,57,96,3,38,98,35
"COG2078",9,22,1,0,14,33,1,7,4,10,14,30,0,1,4,62,2,70,3,1,3,6,103,1,2,7,238,0,4,11,1,1,15,0,125,2,308,2,6,0,11,2,3,12,0,1,14,3,1,11,16,0,5,109,38,8,0,14,4,229
"COG2079",5,64,4,4,9,0,9,5,35,19,11,127,9,20,4,25,24,10,13,13,12,6,6,12,24,18,5,18,16,8,16,39,7,10,34,4,4,6,48,9,19,11,20,21,23,25,40,19,7,15,24,7,17,11,30,5,24,51,10,13
"COG2080",267,186,72,53,64,197,73,39,126,75,32,534,149,65,94,138,85,111,83,83,58,67,66,54,71,142,25,116,221,35,113,92,67,37,73,78,30,117,60,62,107,48,128,91,139,41,138,107,61,63,249,333,52,59,82,78,191,179,81,38
"COG2081",296,191,244,180,205,317,85,294,246,296,210,203,314,127,231,111,130,284,138,260,206,223,212,200,108,218,162,283,351,82,365,142,137,149,173,293,239,402,105,196,145,108,157,185,265,70,189,320,222,124,58,250,240,298,207,243,237,350,115,127
"COG2082",68,42,57,97,60,72,26,38,68,50,33,22,96,53,70,44,53,45,59,56,87,73,46,41,97,91,4,78,97,24,107,85,68,64,66,59,20,79,49,77,53,128,77,108,89,84,80,82,78,48,86,51,63,40,105,57,127,69,56,40
"COG2084",51,244,44,38,29,78,37,24,45,56,22,407,31,33,44,53,54,54,32,38,25,102,59,33,42,38,14,107,55,31,21,47,117,25,41,42,7,45,41,45,61,21,64,96,146,43,83,51,40,58,83,78,21,28,40,36,373,114,111,31
"COG2085",0,0,0,3,10,2,1,3,0,0,21,0,0,0,0,0,0,1,1,0,0,1,5,5,4,10,0,1,0,0,0,0,2,0,1,1,8,0,0,0,6,2,0,4,1,0,0,1,1,19,14,0,0,6,1,1,0,10,0,1
"COG2086",29,141,201,176,150,87,287,156,205,183,124,192,201,180,141,37,190,155,222,165,182,158,233,194,212,222,185,183,168,180,191,219,209,193,215,208,206,152,194,178,199,197,188,157,221,163,211,209,226,249,130,70,189,217,162,216,217,160,177,213
"COG2087",59,39,78,86,55,57,51,50,71,53,25,59,90,79,97,42,94,64,73,100,89,75,51,48,87,120,8,112,114,111,97,84,95,74,67,74,22,86,74,88,71,87,88,111,95,94,69,92,72,41,65,50,106,49,73,78,66,71,108,44
"COG2088",30,29,100,54,68,82,17,109,47,45,39,65,117,56,118,36,16,63,66,46,62,19,57,50,45,77,15,70,166,17,138,49,36,41,59,98,34,125,38,67,49,54,69,49,83,35,37,149,77,98,59,61,62,63,83,104,61,105,22,30
"COG2089",7,28,63,63,48,6,4,35,45,24,52,1,20,75,49,21,29,11,77,42,74,21,3,42,87,76,40,34,55,54,104,85,76,43,87,26,586,70,148,156,62,218,138,74,74,160,72,83,126,15,77,9,63,93,119,108,8,46,130,50
"COG2091",126,102,55,23,34,75,8,58,29,40,23,147,47,37,82,32,14,44,29,29,35,24,28,53,11,8,18,79,77,7,97,49,25,18,21,39,30,66,14,40,52,18,30,41,21,40,24,65,42,52,38,70,62,28,26,68,14,55,36,21
"COG2094",1,1,5,1,6,39,2,3,2,11,7,0,2,5,0,18,5,14,6,1,1,1,7,1,2,7,0,1,0,0,1,5,1,5,8,8,3,2,12,0,11,1,20,6,2,0,1,7,8,6,9,5,9,3,2,0,5,15,3,0
"COG2095",32,180,90,120,200,22,122,78,129,77,45,188,117,205,170,60,289,116,157,187,181,113,15,104,177,180,28,142,42,373,52,162,181,116,119,123,36,74,263,124,213,157,116,182,107,249,128,74,147,12,187,114,192,37,118,142,12,76,194,66
"COG2096",99,61,67,107,112,31,85,117,138,45,24,13,97,97,121,68,146,75,120,73,126,83,37,64,149,146,13,81,75,134,75,118,145,77,81,90,48,61,128,131,111,118,134,97,85,169,129,67,108,20,163,97,81,56,115,75,73,40,142,50
"COG2099",200,35,107,148,176,140,54,78,142,91,37,39,179,168,203,51,163,85,104,181,195,122,57,86,186,209,14,152,210,132,139,192,83,138,140,76,56,171,96,146,87,204,157,192,212,222,153,135,154,92,168,130,117,63,129,133,137,102,112,68
"COG2102",1,20,7,6,13,13,0,6,18,20,0,0,0,2,0,0,4,8,28,2,9,2,8,0,3,1,0,15,2,4,10,12,11,8,6,1,0,10,19,12,20,3,31,12,3,0,8,6,12,0,0,0,5,2,16,5,0,4,5,10
"COG2103",26,85,35,103,81,16,56,60,73,76,58,61,33,81,61,42,74,19,77,69,68,74,70,36,112,71,67,64,29,73,70,108,80,63,79,20,88,55,80,85,60,110,69,75,58,126,101,47,101,59,89,24,21,44,95,30,113,46,60,64
"COG2104",9,18,0,0,1,8,1,0,3,2,0,24,1,1,1,30,1,5,0,3,0,0,0,0,0,1,0,10,1,2,0,0,3,2,2,2,0,1,1,1,6,1,1,6,1,4,1,2,1,2,3,2,3,0,0,5,16,0,4,4
"COG2105",11,31,0,0,1,6,5,1,5,0,4,50,1,4,1,12,4,0,1,4,1,1,1,0,2,2,4,13,1,3,0,5,13,0,0,2,0,1,0,0,2,3,0,6,1,5,2,0,1,1,7,8,1,0,1,1,1,4,20,4
"COG2107",0,24,0,2,3,0,2,2,21,3,0,0,0,1,0,0,1,1,14,0,9,0,0,1,2,0,0,13,0,1,4,6,3,2,7,1,0,6,8,7,12,0,11,3,1,1,6,8,5,0,0,0,2,1,13,0,0,3,0,8
"COG2108",0,1,10,4,1,0,5,4,21,9,1,0,1,5,0,0,9,0,3,5,5,2,2,1,7,3,0,24,1,0,9,4,0,2,0,13,0,2,5,23,0,1,7,11,5,2,5,5,2,4,12,0,6,0,7,1,0,12,1,0
"COG2109",123,54,54,49,39,86,35,71,68,88,43,99,54,57,84,41,32,49,26,50,49,71,76,39,37,67,14,58,87,20,103,58,87,25,40,58,45,114,50,56,63,62,49,55,74,38,54,57,66,52,58,72,57,84,58,45,263,39,31,26
"COG2110",65,73,122,116,96,170,31,121,128,221,401,73,104,106,150,93,85,124,94,95,100,201,108,138,96,81,153,111,150,100,143,126,80,51,57,146,36,172,105,95,93,69,87,94,158,72,89,97,104,67,67,198,151,117,108,99,108,141,80,58
"COG2111",0,6,13,4,4,0,2,3,22,12,0,21,1,4,0,0,10,3,6,7,6,1,2,7,10,2,1,20,6,1,5,11,4,4,5,13,2,1,18,23,13,3,16,8,20,7,20,10,3,1,22,2,5,1,18,1,2,24,5,2
"COG2113",11,63,14,43,64,6,34,6,62,20,5,64,29,84,43,19,110,10,57,72,62,29,1,21,48,75,7,41,11,68,23,60,29,65,42,2,5,19,67,31,18,47,43,116,45,122,42,12,59,4,53,15,25,5,29,29,1,32,54,35
"COG2114",0,0,6,17,1,1,0,9,1,1,2,13,2,1,1,0,3,6,6,1,4,0,1,33,1,0,2,15,1,0,12,42,2,0,0,0,0,0,4,79,0,1,1,2,2,1,4,23,2,2,10,5,19,13,3,2,0,1,0,0
"COG2115",19,99,37,82,146,68,93,31,103,62,22,140,72,84,84,195,175,154,115,85,88,48,10,45,189,105,20,85,43,149,54,165,139,42,71,129,6,39,79,80,122,98,140,127,84,133,61,93,94,14,87,22,136,46,70,80,92,65,210,74
"COG2116",158,211,85,42,62,132,28,82,57,96,111,293,54,49,68,69,43,81,50,76,68,23,27,60,16,35,24,147,55,30,76,47,33,29,46,62,23,80,19,51,58,88,41,88,40,36,32,97,46,30,32,127,87,70,49,68,37,72,79,36
"COG2119",4,4,14,6,8,29,10,5,2,17,5,0,9,9,7,0,3,13,6,10,12,28,18,17,2,12,2,21,20,5,23,5,28,1,14,27,2,19,3,20,6,17,13,12,8,2,16,19,9,8,0,3,30,6,9,5,82,21,2,2
"COG2120",9,56,34,32,35,3,9,27,41,59,15,56,11,23,15,17,22,11,48,12,29,3,3,24,45,34,7,38,13,50,27,56,30,15,36,37,2,26,51,2,19,51,25,43,21,56,13,28,37,2,40,1,15,32,20,18,5,47,32,13
"COG2121",1,13,2,0,0,0,2,1,1,0,1,8,2,0,0,9,1,0,4,0,1,0,0,0,1,2,0,10,10,0,1,1,5,4,0,4,0,0,12,0,0,3,17,1,7,2,8,0,0,0,23,11,1,3,14,0,1,12,5,0
"COG2122",0,0,7,2,5,0,2,2,5,5,3,0,0,1,0,0,0,1,1,1,1,0,0,1,0,0,0,0,0,1,0,2,0,0,1,0,0,2,12,2,3,2,0,0,3,0,0,3,1,0,0,0,0,0,0,0,1,5,0,0
"COG2127",0,22,5,18,6,9,57,30,16,37,64,29,3,14,13,4,11,16,6,8,7,63,76,44,20,3,102,17,0,5,15,24,27,52,24,11,74,4,9,6,20,14,20,9,7,12,31,13,4,89,2,3,30,38,25,2,0,5,38,50
"COG2128",12,45,4,2,2,11,6,3,17,2,6,60,3,0,1,13,8,1,1,5,2,3,1,2,3,3,2,22,2,2,0,7,27,2,9,3,3,7,10,1,10,2,3,5,3,15,2,0,2,2,9,52,4,1,8,8,0,17,135,18
"COG2129",6,24,49,54,21,52,4,30,32,66,26,8,73,62,15,1,33,49,29,22,29,12,31,40,16,35,5,30,46,10,89,24,39,18,15,50,17,66,42,101,31,9,11,48,44,3,6,56,31,126,2,20,39,81,41,43,38,37,18,15
"COG2130",6,29,0,6,0,5,8,1,5,0,1,53,0,0,0,10,2,0,0,1,0,0,0,0,4,0,2,10,1,0,0,1,0,0,2,0,1,0,0,0,4,0,1,5,0,6,2,0,0,0,4,7,1,0,0,0,0,0,24,7
"COG2131",99,94,181,129,137,122,153,169,121,485,176,53,141,138,133,54,151,152,141,143,132,170,164,155,142,134,157,129,146,126,140,133,120,172,140,198,182,127,143,138,138,138,136,123,143,118,159,165,133,189,87,112,146,193,127,162,116,146,115,144
"COG2132",16,153,0,1,0,74,19,5,8,0,10,168,5,0,0,41,15,1,2,12,3,1,4,0,6,7,8,90,3,3,0,7,21,6,1,1,3,8,4,2,13,2,1,15,0,7,1,1,2,4,13,26,0,3,3,18,0,28,66,24
"COG2133",5,47,0,2,0,7,6,0,6,0,4,64,2,1,0,5,5,0,3,1,2,0,0,1,2,1,1,16,1,1,1,4,10,3,2,0,0,0,1,1,4,6,0,4,1,3,0,0,0,1,34,14,1,1,0,0,1,9,26,6
"COG2134",9,49,0,0,0,6,5,0,7,0,0,73,4,0,0,8,4,0,0,2,1,0,0,0,2,1,2,19,2,3,2,2,5,1,2,0,0,2,0,0,2,4,0,8,1,8,0,0,0,0,7,8,0,0,0,2,0,10,25,4
"COG2135",65,41,9,26,14,47,5,11,19,49,3,54,7,7,9,32,10,11,14,9,33,4,5,15,4,10,4,28,20,21,5,2,5,4,10,5,1,5,11,10,2,10,6,5,12,9,3,14,6,4,13,17,3,9,8,2,9,10,8,5
"COG2137",58,56,37,21,26,57,10,60,47,51,55,32,15,34,19,28,18,28,18,48,19,2,14,18,16,9,14,37,24,12,59,23,22,12,15,47,18,53,27,50,25,10,44,24,33,17,15,53,21,10,27,114,51,63,26,30,9,70,24,14
"COG2140",7,7,11,29,83,8,2,14,55,10,2,4,8,47,29,3,6,3,14,40,45,6,2,8,5,5,1,44,11,46,2,81,19,12,42,14,1,4,41,70,22,60,60,14,6,53,18,22,42,4,1,2,15,8,67,14,8,12,8,8
"COG2141",26,139,2,1,0,34,24,3,26,0,13,191,1,1,0,50,12,1,0,11,3,2,0,1,6,11,4,103,3,7,2,7,47,6,8,0,2,7,3,1,9,7,1,11,9,13,8,3,3,2,21,180,1,3,1,13,2,38,233,22
"COG2142",5,33,0,0,0,5,2,0,4,0,1,53,1,0,0,8,3,1,0,1,0,0,0,0,2,0,1,12,0,2,0,0,3,2,0,0,0,0,0,0,1,0,1,2,0,1,0,0,0,0,2,0,0,2,1,2,0,1,6,2
"COG2143",0,0,0,1,0,0,0,0,0,0,0,0,0,1,0,0,1,0,0,0,0,0,0,0,0,0,0,0,0,0,0,0,0,9,0,1,0,5,0,0,0,0,0,0,0,0,0,0,0,0,0,0,0,0,0,0,0,0,0,1
"COG2145",116,64,77,73,92,167,159,56,80,105,108,86,150,80,80,186,48,106,59,56,51,172,140,55,26,101,125,50,165,32,82,50,80,33,65,93,219,93,36,36,68,21,60,52,127,22,60,61,68,205,32,91,70,92,55,97,295,58,72,101
"COG2146",6,50,0,1,0,7,8,0,3,0,1,77,1,0,0,11,8,0,0,0,0,0,0,0,2,2,0,22,0,2,0,5,9,2,4,0,0,0,0,0,2,3,1,8,4,2,2,0,1,0,10,5,0,1,0,2,1,10,32,2
"COG2148",513,444,674,706,637,537,492,795,591,709,572,384,552,703,721,328,592,515,695,673,691,695,494,565,643,612,575,565,781,807,741,534,518,670,562,580,929,659,655,778,589,891,571,615,625,810,614,648,719,449,919,518,536,624,547,681,449,460,458,425
"COG2149",3,32,0,0,0,3,4,0,2,0,2,57,0,0,0,6,5,0,0,1,1,0,0,0,1,0,2,12,1,0,0,1,13,3,4,0,0,1,0,0,1,4,1,1,1,8,0,0,0,0,2,7,0,1,0,2,0,0,10,3
"COG2151",13,46,48,61,84,92,76,41,71,73,70,51,26,46,38,157,69,58,51,37,48,65,101,61,94,61,122,37,11,53,22,65,72,97,62,55,111,30,90,38,83,45,51,58,22,65,47,24,55,82,44,84,60,76,52,39,65,21,86,94
"COG2152",22,39,147,193,169,59,162,85,130,103,59,26,123,136,229,19,191,80,158,201,218,113,105,207,194,171,104,137,154,309,222,384,224,214,344,213,217,226,258,350,389,576,319,220,198,537,402,312,331,172,607,38,287,221,336,246,21,185,237,332
"COG2153",41,55,2,1,8,31,6,15,24,5,3,47,2,3,4,36,6,3,13,5,18,1,5,0,3,15,1,21,6,2,11,5,12,11,6,6,11,3,13,1,12,6,21,12,5,7,10,9,10,6,15,16,0,6,13,4,2,16,20,7
"COG2155",36,6,25,20,15,16,1,29,19,25,14,11,18,10,7,7,11,14,7,12,16,6,7,5,8,10,2,27,14,6,32,8,3,14,5,38,8,31,5,20,16,6,9,7,34,3,6,30,19,3,10,22,24,21,20,16,8,28,5,6
"COG2156",49,105,35,44,70,9,43,31,92,38,18,87,26,52,50,25,84,41,51,41,40,53,26,32,52,70,1,46,53,80,19,64,90,50,61,55,4,35,124,55,79,39,83,77,46,85,66,34,67,5,85,16,45,23,66,44,106,46,70,85
"COG2158",33,5,14,2,12,10,2,11,15,27,5,0,6,5,31,7,3,6,4,12,3,4,6,3,1,6,3,10,39,0,9,2,7,8,1,13,2,26,5,12,12,2,11,7,5,2,8,10,6,3,3,25,14,8,7,15,2,32,4,1
"COG2159",128,70,111,57,60,77,18,42,78,64,32,92,93,61,45,37,61,80,38,59,35,22,69,67,40,108,15,31,72,28,49,63,45,34,47,68,14,47,57,39,53,31,47,68,64,31,81,88,36,27,57,27,49,68,47,47,93,74,80,40
"COG2160",346,132,216,248,181,241,321,127,199,207,231,135,198,164,160,290,209,212,178,212,182,232,292,116,259,196,276,165,288,244,147,217,225,241,232,151,207,169,142,201,206,384,238,196,174,187,204,202,187,344,146,195,250,148,244,105,406,110,172,294
"COG2161",21,154,4,9,16,0,5,0,11,19,2,65,2,2,6,94,8,10,4,11,3,4,11,6,5,7,3,19,11,5,4,14,12,9,16,8,3,6,4,2,4,4,5,10,9,28,5,10,7,1,5,29,3,3,3,5,28,34,29,3
"COG2162",8,3,4,2,4,9,5,1,8,6,4,68,3,5,0,4,10,4,5,8,2,1,0,2,7,1,7,23,3,2,11,10,2,2,2,7,0,0,3,1,14,4,4,13,7,11,5,9,7,1,7,9,3,0,4,0,3,8,30,7
"COG2163",0,2,2,1,2,0,0,1,5,2,4,0,2,1,0,0,0,2,1,1,0,0,1,0,0,0,0,3,1,0,2,0,0,0,0,1,0,2,3,0,5,0,2,0,1,0,1,4,0,2,0,0,2,2,0,0,0,6,2,0
"COG2165",17,118,2,5,1,8,12,8,17,12,6,151,6,6,0,10,24,2,11,6,3,1,1,7,14,7,8,52,3,5,5,11,23,8,7,1,2,3,17,3,6,7,21,19,9,11,10,1,7,7,25,84,2,2,5,7,5,32,43,11
"COG2166",13,98,58,54,69,13,133,86,106,77,77,85,60,98,78,18,118,63,99,81,94,92,101,90,139,104,135,65,40,136,56,104,113,75,106,43,133,39,104,82,88,74,71,87,45,89,91,35,78,111,103,8,68,75,64,62,11,38,99,105
"COG2168",0,18,0,1,0,2,3,0,1,0,0,53,0,0,0,2,5,0,0,0,0,0,0,0,2,0,2,13,0,0,1,0,1,2,2,0,1,2,1,0,1,0,0,5,1,3,0,0,1,1,2,7,0,0,0,3,0,5,13,3
"COG2169",5,56,20,58,24,6,31,10,68,27,8,63,15,10,38,19,25,14,19,17,47,1,6,18,31,66,3,24,15,41,5,27,41,11,40,11,4,7,84,12,40,26,27,78,26,32,23,5,15,3,83,11,18,5,40,6,2,54,59,11
"COG2170",3,23,0,0,0,3,4,0,4,0,1,34,0,0,0,4,3,0,0,0,0,0,0,0,1,0,2,7,1,1,0,0,8,0,0,0,0,1,0,0,2,1,0,3,0,6,0,0,0,0,2,5,1,0,1,0,0,3,35,8
"COG2171",34,107,7,8,27,80,8,9,33,24,59,69,6,6,3,186,6,24,17,4,17,4,12,8,6,14,4,24,12,20,4,14,15,3,14,6,6,25,21,11,37,7,22,16,17,11,7,23,13,9,30,117,8,12,13,14,75,22,25,27
"COG2172",147,56,86,87,59,100,17,83,80,97,30,67,120,59,78,41,47,77,51,75,56,31,31,62,39,60,23,73,116,63,109,68,34,41,42,96,30,110,77,95,49,83,62,71,73,43,49,148,51,38,66,83,109,100,75,96,44,147,39,41
"COG2173",12,77,45,86,67,10,63,10,93,49,8,38,85,74,113,20,88,8,91,60,80,41,9,57,144,92,7,62,41,101,69,110,53,25,79,16,13,51,69,92,43,156,68,57,45,87,63,60,78,9,95,24,48,19,100,30,3,46,45,41
"COG2175",7,38,0,0,0,3,5,0,6,0,0,61,0,0,0,8,7,0,0,0,2,0,1,0,2,1,1,11,0,1,0,0,11,2,2,0,0,0,1,0,3,1,0,9,4,1,0,0,0,1,3,9,0,0,2,2,0,7,22,3
"COG2176",444,182,531,312,399,835,101,490,352,476,300,167,558,335,353,483,226,535,212,414,337,309,587,471,199,361,102,427,667,93,758,341,246,145,210,653,208,722,186,437,308,391,320,333,582,132,312,760,429,325,192,922,504,599,274,602,864,776,192,184
"COG2177",190,187,239,187,225,194,234,274,220,229,232,171,174,184,169,199,175,242,238,212,179,222,208,225,202,146,219,178,161,146,275,247,194,229,240,227,225,272,231,222,249,199,216,202,200,158,236,258,214,245,179,183,254,297,243,218,186,283,174,195
"COG2179",72,30,73,42,48,105,6,67,59,84,29,33,86,54,41,37,31,59,20,40,55,19,43,56,25,66,12,71,77,8,89,39,22,19,35,101,20,83,28,66,36,55,33,50,63,24,32,96,43,38,33,124,80,95,37,56,37,59,30,20
"COG2180",8,42,0,3,3,10,5,4,5,5,0,63,2,7,0,20,8,4,0,3,11,0,0,3,8,4,2,23,2,7,0,2,10,1,4,1,4,8,0,1,4,0,0,10,6,1,11,0,0,2,8,23,7,0,2,4,2,20,29,14
"COG2181",5,40,0,1,3,7,4,3,3,2,3,45,1,6,0,8,2,2,2,3,5,0,1,3,10,5,0,17,1,11,4,6,9,7,6,5,1,7,5,3,3,3,3,5,6,8,16,6,2,2,10,14,2,1,3,3,3,18,29,12
"COG2182",216,125,254,76,156,290,7,158,72,216,498,114,134,101,155,321,17,175,100,112,198,59,71,220,10,61,17,195,391,25,164,63,52,58,119,128,69,181,49,92,90,285,91,123,48,53,47,341,137,114,14,259,192,64,93,202,77,109,144,288
"COG2183",465,278,407,293,330,240,625,457,351,382,353,303,382,358,334,138,274,435,364,368,322,456,559,353,344,302,360,348,453,305,422,369,366,448,378,455,518,406,349,412,298,299,481,415,299,310,411,475,357,530,299,454,410,484,346,427,442,475,353,426
"COG2184",136,69,194,130,91,154,53,188,83,171,195,56,108,81,110,186,63,77,90,30,72,308,182,141,43,58,247,86,90,74,97,50,148,227,106,99,116,95,57,114,51,88,93,47,104,60,110,110,35,65,50,61,103,123,66,50,19,147,64,96
"COG2185",46,306,267,326,362,29,242,144,341,167,94,120,190,262,235,49,480,398,504,253,290,276,97,125,401,319,42,233,103,386,147,407,515,249,326,286,47,161,415,360,423,355,456,371,243,419,337,243,302,55,302,59,297,136,359,306,518,135,370,191
"COG2186",202,481,91,106,157,156,199,84,157,154,75,941,184,109,76,230,166,95,68,111,156,145,121,90,139,144,60,257,191,109,138,138,271,100,105,144,89,157,140,117,137,125,80,154,241,133,164,112,157,230,344,214,117,106,114,146,428,205,283,85
"COG2188",187,504,193,128,144,508,118,105,178,201,63,695,226,130,190,405,197,180,109,139,183,272,120,94,164,262,43,247,187,144,127,161,314,74,112,204,58,264,222,111,162,276,159,179,211,132,192,192,120,122,514,465,131,89,134,139,617,141,259,62
"COG2189",176,67,202,184,224,79,126,78,207,180,593,1,48,194,237,49,160,305,142,123,132,646,490,242,144,160,398,153,102,130,246,71,183,180,310,161,348,214,168,108,128,63,46,97,77,132,119,250,69,135,31,42,69,240,103,93,152,151,69,253
"COG2190",804,337,153,120,169,736,52,122,85,150,87,682,279,108,244,717,103,160,55,60,131,114,123,95,111,195,31,174,296,85,124,119,96,75,104,222,48,294,139,103,121,195,101,182,283,40,94,166,145,154,234,1284,111,92,92,186,382,153,174,72
"COG2191",3,2,1,0,1,0,2,2,3,11,1,3,3,3,1,0,0,1,1,0,2,0,0,1,0,0,1,2,1,3,5,16,0,0,7,5,0,0,4,3,10,1,0,3,3,3,4,11,0,1,0,4,3,1,5,1,2,9,2,3
"COG2192",0,11,11,22,0,0,3,34,20,5,1,0,1,3,25,0,0,1,0,0,7,0,1,8,4,15,19,0,9,0,19,3,9,1,28,2,3,19,10,0,0,2,2,44,31,0,25,21,1,8,0,0,9,3,10,0,2,25,2,1
"COG2193",15,69,24,33,21,9,28,7,38,24,5,83,21,49,25,5,60,7,58,50,53,26,8,28,41,22,7,49,14,50,12,25,43,36,38,1,1,22,48,34,33,27,31,18,20,30,21,10,28,5,32,5,17,9,37,17,4,22,38,24
"COG2194",57,354,100,66,117,25,130,74,148,87,254,374,63,122,77,60,130,95,129,74,85,293,173,124,109,116,270,100,50,170,112,219,315,654,376,86,290,110,381,206,209,184,152,276,138,300,316,127,171,208,210,117,84,281,189,110,212,200,265,381
"COG2195",303,433,615,624,615,560,1028,592,764,714,879,449,595,690,507,244,623,788,760,625,672,722,959,864,705,525,975,593,532,642,581,699,699,780,735,547,903,593,694,640,627,570,777,733,487,649,754,538,612,907,650,451,617,704,781,558,346,462,699,891
"COG2197",293,865,571,1648,798,457,561,321,769,615,410,675,526,840,956,1169,973,735,1001,874,1285,692,428,788,1177,575,514,721,446,1419,512,1018,1324,658,762,676,380,446,1010,881,1266,1536,812,774,548,1992,1127,502,978,373,1573,351,561,402,1486,625,895,536,918,603
"COG2198",81,464,10,5,7,26,49,11,35,0,20,731,11,9,0,88,64,3,2,20,12,5,0,1,20,26,34,164,10,12,6,11,109,17,23,5,15,9,4,10,29,22,30,78,21,59,10,2,22,8,74,59,14,2,2,14,4,120,222,40
"COG2199",1108,1847,1093,666,560,824,200,899,611,824,714,2631,964,549,752,759,372,570,387,433,691,173,415,973,276,307,204,1414,1676,179,1212,335,370,448,460,868,314,984,392,912,432,920,433,917,504,425,452,865,647,605,1130,768,1243,858,488,1106,506,649,759,505
"COG2200",505,1266,450,258,307,484,119,353,266,274,391,2083,337,206,388,607,222,324,155,147,259,78,185,385,154,138,113,714,658,103,841,102,281,150,175,339,157,392,183,574,192,236,148,436,166,254,273,320,296,277,759,288,535,313,176,422,406,362,525,228
"COG2201",11,43,79,32,34,24,6,60,33,27,84,75,38,36,22,4,16,36,32,31,40,13,13,68,17,18,8,67,106,8,80,11,9,23,26,48,13,28,21,58,14,92,34,63,15,23,48,33,59,36,59,9,67,22,35,81,9,27,6,61
"COG2202",247,603,53,342,53,37,96,31,119,66,94,1076,94,76,91,159,143,18,100,89,154,27,13,49,93,94,26,247,65,172,42,79,101,55,103,33,10,33,183,88,69,148,62,139,72,223,102,34,68,14,296,28,62,105,234,75,40,245,185,92
"COG2203",14,55,11,21,3,21,7,57,6,2,12,71,10,2,2,15,5,6,14,5,30,0,5,0,4,4,8,43,9,1,27,6,17,2,3,51,2,24,3,26,6,6,4,17,7,10,7,17,6,2,62,28,28,1,13,11,2,21,54,14
"COG2204",129,690,616,1028,951,91,1831,700,1147,786,1072,469,902,996,1229,190,1468,781,1337,1229,1175,1169,881,1262,1955,1140,1363,932,514,1931,664,1264,1312,1092,1125,580,893,498,1191,1038,1090,1166,1458,1332,772,1824,1162,887,1249,1162,1327,55,811,660,1334,1086,70,722,1122,1584
"COG2205",358,320,298,326,289,357,130,176,551,301,565,364,419,343,293,139,306,314,263,392,369,721,360,235,304,342,258,382,424,193,313,365,265,737,291,301,439,394,272,288,290,235,319,363,454,219,242,342,319,141,251,206,296,259,332,248,454,340,298,272
"COG2206",236,35,470,437,223,279,10,417,162,316,197,109,554,247,257,61,30,283,213,232,308,128,205,346,55,111,93,327,927,38,432,115,74,235,184,275,177,464,69,283,81,317,204,235,161,120,168,334,235,290,173,161,556,196,234,600,84,179,128,135
"COG2207",2783,2722,3819,7070,5006,3040,3527,2983,4123,3801,2463,2901,3915,5705,5617,1967,5494,3718,4986,4768,5933,3361,2917,4285,4886,4355,3404,4412,3829,7079,3558,4761,6068,3955,4462,4263,2461,3507,4829,4819,5125,5811,4493,4053,4176,7614,4739,3291,4248,3311,7036,2589,4866,2669,5409,3642,1981,3315,5819,3946
"COG2208",530,139,195,131,100,257,56,193,108,177,183,88,203,122,288,96,35,133,99,184,110,39,91,119,37,82,28,183,275,101,169,109,84,77,66,213,82,314,254,142,105,109,171,152,113,67,105,243,110,90,149,214,198,120,122,209,150,318,58,75
"COG2209",1,33,64,74,70,36,154,97,65,60,127,0,54,46,26,6,92,75,85,44,47,115,115,73,60,85,167,40,11,55,44,52,61,105,95,50,141,32,78,50,83,58,46,58,78,62,72,69,70,106,36,6,43,109,56,55,15,16,48,142
"COG2210",49,46,105,184,131,23,147,240,143,70,29,9,180,194,204,30,275,228,204,181,214,102,16,120,318,225,6,69,83,332,93,137,204,165,173,143,55,71,201,178,186,163,200,177,137,272,326,85,155,17,190,4,171,49,158,180,16,72,224,102
"COG2211",671,615,734,469,757,1014,509,514,460,929,953,976,665,586,666,1475,610,953,496,1251,517,1131,745,438,571,570,817,751,1217,337,674,530,563,659,432,599,375,691,435,580,648,488,583,599,1111,465,498,812,679,764,437,1194,531,794,380,835,1442,430,712,483
"COG2212",0,0,0,0,0,0,0,0,0,0,0,4,0,0,0,0,0,0,1,0,0,0,0,0,0,0,0,2,0,0,0,1,0,0,0,4,0,0,0,8,0,2,0,4,0,0,0,1,0,0,2,0,1,0,0,1,0,2,0,0
"COG2213",44,167,3,15,19,46,42,9,24,17,10,250,9,9,8,106,29,30,17,3,7,136,62,15,8,15,16,57,102,16,5,10,102,12,34,38,3,32,11,14,19,13,4,40,25,25,46,3,15,31,22,112,8,13,16,18,329,38,46,25
"COG2214",103,120,136,142,144,145,110,136,125,110,62,117,131,106,133,87,130,167,122,111,138,85,82,162,107,99,64,82,141,127,131,136,116,103,96,170,83,143,88,115,136,162,121,145,127,136,117,158,125,88,80,87,130,131,141,155,43,182,147,101
"COG2215",6,25,0,0,0,18,3,0,1,1,1,32,0,0,0,6,3,0,3,2,0,1,0,0,2,4,2,18,2,1,0,2,13,0,2,0,1,0,1,0,2,1,1,1,1,3,0,0,0,2,1,18,0,0,2,5,0,3,49,6
"COG2216",146,213,120,187,198,35,159,92,269,71,35,220,119,211,155,88,255,168,230,152,172,172,114,128,198,177,10,152,129,248,134,286,289,80,170,139,8,97,244,201,253,208,332,226,140,243,239,108,213,30,301,56,166,49,229,131,383,138,225,310
"COG2217",1316,799,1013,967,1006,1422,621,928,870,811,764,723,1251,1008,1138,1183,859,975,1019,1114,885,836,763,938,756,1012,425,1089,1301,797,1170,1024,629,591,862,994,605,1292,786,875,866,771,1022,1041,1240,789,970,1158,1362,676,618,1377,964,888,861,1044,1521,1223,705,696
"COG2220",52,201,235,335,366,139,342,332,417,269,284,77,227,419,262,82,349,342,422,304,356,284,246,262,325,264,250,220,197,329,261,382,340,351,298,398,246,238,392,409,472,387,436,257,281,309,400,269,331,402,357,130,289,201,360,260,261,267,422,380
"COG2221",322,21,59,23,53,56,20,34,42,35,21,36,61,60,99,26,5,87,32,36,30,38,30,41,16,20,6,33,157,21,76,32,40,27,28,61,21,59,30,53,28,22,53,61,50,10,48,27,41,33,70,140,55,20,40,53,85,41,31,17
"COG2222",166,234,83,92,21,174,53,51,57,74,50,324,191,47,86,83,54,46,30,61,78,35,45,36,78,208,10,87,89,36,53,65,90,48,43,50,19,143,54,37,37,37,93,49,193,26,61,52,42,66,143,123,28,47,41,92,67,92,131,49
"COG2223",17,75,0,2,1,16,9,2,4,5,8,130,1,3,0,19,8,15,1,1,4,3,0,0,9,7,4,39,1,8,3,1,12,6,4,0,2,17,1,5,3,5,2,9,11,13,14,0,0,3,12,47,6,1,6,8,1,26,50,13
"COG2224",6,65,0,0,1,7,6,0,8,0,4,101,1,0,0,11,11,0,0,3,3,0,0,1,2,1,4,26,0,2,0,3,9,4,2,0,0,1,0,0,1,1,0,2,3,12,0,0,0,2,12,10,1,0,0,1,1,7,37,6
"COG2225",14,80,0,1,0,7,10,0,7,0,1,62,2,0,0,12,8,0,0,1,0,1,0,0,5,1,4,33,3,8,0,3,27,1,3,0,0,3,0,1,6,5,1,25,9,22,7,0,1,0,29,7,0,1,0,8,4,39,27,14
"COG2226",86,93,88,80,99,56,155,128,108,95,92,92,68,112,94,39,146,115,142,115,125,111,123,121,126,110,178,90,43,136,52,128,129,124,108,90,131,44,158,110,117,60,91,101,73,103,144,116,76,80,103,38,83,110,57,72,13,96,122,133
"COG2227",3,38,3,51,32,4,8,10,34,77,13,9,2,26,17,7,25,16,54,27,29,2,1,13,67,16,59,27,4,19,30,33,19,11,31,14,2,9,49,26,10,61,54,31,17,57,11,9,18,4,5,4,8,34,67,13,0,19,23,6
"COG2230",176,112,15,32,69,85,17,24,40,31,20,140,92,55,31,160,20,72,28,17,22,47,57,8,22,20,9,44,49,8,20,14,63,16,9,67,15,44,19,79,45,29,17,57,23,21,50,27,14,35,124,108,49,32,27,68,161,31,74,25
"COG2231",9,2,0,1,5,29,0,0,0,0,1,0,0,0,0,0,0,6,3,0,0,0,0,0,0,1,0,0,0,0,0,0,0,0,0,1,0,3,4,0,5,0,0,0,0,0,0,1,0,2,0,22,0,0,0,1,1,11,0,0
"COG2233",479,615,383,292,334,733,500,404,352,376,479,816,514,292,417,876,348,510,275,392,320,474,595,328,271,453,527,417,520,362,452,324,408,381,356,386,409,502,248,301,411,293,385,418,483,295,468,373,304,549,508,613,371,537,279,525,822,414,436,504
"COG2234",384,110,188,232,239,253,236,176,258,153,121,170,318,321,430,94,366,147,267,472,310,307,84,150,351,393,62,246,251,494,129,257,226,248,240,170,61,242,262,248,211,316,263,261,218,293,226,239,249,82,300,162,188,125,232,283,67,224,227,138
"COG2235",17,146,12,6,8,68,2,8,38,42,15,260,1,9,0,43,2,25,17,5,19,2,6,6,1,12,1,34,3,13,36,28,15,11,14,4,3,13,78,9,60,5,16,4,9,6,11,19,20,1,22,31,17,48,28,2,2,74,15,13
"COG2236",0,0,0,0,3,0,1,1,2,0,3,0,0,1,0,0,0,1,2,0,0,1,0,0,4,0,0,0,0,3,1,1,1,0,2,2,1,0,0,0,1,0,3,0,0,1,8,0,0,0,0,0,3,1,1,3,0,2,3,0
"COG2239",283,121,397,276,302,276,112,271,228,294,128,111,366,325,350,147,305,287,282,335,293,114,171,157,355,353,53,238,275,178,300,387,197,144,212,329,124,326,247,274,294,260,299,288,460,225,192,365,362,163,194,198,335,190,289,353,118,308,281,138
"COG2240",162,191,162,149,153,203,183,105,142,162,129,191,213,166,218,243,164,159,135,188,167,216,149,182,135,176,146,177,151,165,181,155,136,130,183,152,148,167,135,162,183,124,123,170,188,120,156,200,159,189,177,229,152,200,139,140,287,157,166,165
"COG2241",193,32,111,114,116,152,76,68,135,84,53,47,202,142,184,69,118,82,97,134,154,102,58,70,118,220,11,169,229,96,163,127,84,105,132,89,45,185,75,117,82,121,96,204,226,132,108,143,158,72,156,142,110,53,175,136,135,74,104,63
"COG2242",211,42,90,124,107,147,75,76,138,78,44,36,170,110,188,77,132,93,113,140,131,86,53,87,127,203,14,131,233,115,132,134,83,124,118,71,55,177,86,140,87,138,135,190,204,139,115,146,127,79,136,123,126,57,146,127,169,80,109,60
"COG2243",90,28,48,79,60,93,36,43,74,64,34,28,93,71,85,51,93,59,45,116,95,76,51,62,86,123,7,68,150,60,102,95,75,46,54,59,33,81,73,78,50,82,71,140,92,110,69,46,79,37,106,57,43,41,84,51,140,52,64,28
"COG2244",845,831,987,1019,1076,1067,824,891,1124,1069,842,541,1018,1148,1106,609,1347,946,1037,908,1063,875,922,950,1224,827,1008,757,928,1122,1013,944,808,1073,1181,1108,1726,917,1001,1123,1065,1229,1008,1135,850,1305,931,1106,1111,508,1093,1097,979,918,966,902,708,926,796,751
"COG2246",24,61,62,49,65,81,1,48,20,89,21,16,56,36,42,99,22,41,16,28,34,14,39,44,24,36,8,53,44,13,49,25,9,15,21,82,19,61,13,49,18,46,20,23,66,17,14,57,28,39,13,84,61,46,32,45,23,51,11,15
"COG2247",0,0,0,0,0,47,0,0,0,0,0,0,1,0,0,0,0,0,0,0,0,0,7,0,0,0,0,0,0,0,0,0,0,0,0,0,1,3,0,0,0,0,0,4,0,0,0,0,0,1,0,0,0,0,0,0,1,1,10,0
"COG2249",57,156,14,54,80,43,26,22,39,13,51,211,12,87,17,88,58,22,54,33,46,12,12,34,58,31,12,75,13,58,27,72,52,22,45,14,11,21,59,50,52,29,40,60,40,90,44,7,28,12,58,156,25,10,62,38,2,32,137,36
"COG2250",0,0,4,0,0,0,0,1,0,0,1,0,0,1,0,0,0,1,0,0,0,0,0,0,0,0,0,0,0,0,1,1,0,0,0,1,0,0,0,0,0,0,1,0,0,1,0,2,1,0,0,0,0,1,0,0,0,2,0,0
"COG2252",352,418,250,127,186,488,299,223,192,258,294,675,178,173,139,506,191,267,141,115,192,260,145,237,129,189,285,265,259,65,294,158,208,130,134,301,287,250,149,169,309,149,257,191,240,91,250,320,154,295,279,461,279,259,101,244,355,241,278,254
"COG2253",0,5,0,0,0,0,2,1,7,6,139,0,0,1,0,0,0,2,3,0,1,3,20,70,0,5,438,0,1,1,20,0,46,16,3,0,83,0,3,0,0,5,1,2,0,0,0,0,1,0,0,0,1,1,1,0,0,0,0,38
"COG2255",180,183,219,202,223,239,244,189,195,234,210,115,235,200,209,258,203,292,243,204,169,198,268,234,185,195,205,243,195,199,243,236,204,227,251,270,223,238,205,203,233,223,264,206,217,154,215,266,232,205,150,231,229,278,259,220,268,267,227,243
"COG2256",284,277,262,211,270,340,286,286,307,291,289,215,253,212,257,353,198,320,269,263,252,238,337,260,231,224,266,305,267,160,306,247,230,235,267,327,309,319,256,250,263,205,294,272,252,186,273,339,267,297,183,309,286,355,276,271,287,359,239,277
"COG2257",0,0,22,17,7,4,3,6,4,9,43,13,16,6,6,0,1,15,9,12,11,5,3,28,2,3,1,15,30,2,34,1,2,4,7,10,1,11,9,18,8,30,8,7,3,4,17,11,14,14,11,3,24,18,9,26,2,4,1,25
"COG2258",78,43,46,38,25,95,21,33,29,35,14,86,77,29,48,43,27,48,11,24,56,45,43,26,16,75,8,41,81,28,44,23,49,26,29,40,28,78,12,21,23,8,36,42,99,27,42,43,43,65,28,74,35,27,32,43,134,45,53,28
"COG2259",17,79,26,47,38,15,31,18,53,18,9,72,30,69,78,21,73,3,47,54,55,33,1,35,42,48,5,60,19,120,20,33,70,34,41,10,7,28,31,47,40,48,36,44,32,71,38,26,50,3,73,12,21,11,23,33,2,36,72,28
"COG2261",5,22,0,0,1,14,1,3,3,1,2,34,1,1,0,17,3,0,0,1,1,0,0,1,1,1,1,1,2,0,0,0,1,0,1,1,0,5,5,1,1,0,0,2,0,1,4,0,0,1,9,41,0,0,0,3,0,2,12,4
"COG2262",309,293,335,217,305,313,334,267,275,277,301,215,295,294,289,357,266,303,283,266,251,323,294,298,276,244,316,279,275,269,250,246,259,358,269,260,294,262,222,256,286,277,309,261,299,205,275,325,256,293,215,292,303,297,253,293,172,216,244,319
"COG2264",147,140,241,179,192,190,133,237,170,208,207,134,192,205,194,105,212,185,195,192,191,214,152,228,194,189,156,228,200,149,234,216,195,194,187,215,154,192,173,201,173,238,252,212,223,183,176,201,195,146,153,213,216,207,236,208,152,183,150,185
"COG2265",425,421,493,366,336,616,399,400,328,436,475,461,505,321,421,437,295,440,357,315,357,307,415,493,274,374,367,505,528,243,451,327,318,315,325,422,363,511,290,377,303,319,351,398,381,304,340,462,378,474,274,666,455,528,328,463,338,421,355,436
"COG2267",342,192,165,109,122,216,37,154,132,153,143,319,186,117,118,230,67,176,78,118,108,43,70,132,59,108,48,157,208,43,167,104,54,80,82,147,66,214,61,99,105,120,92,120,170,69,54,171,85,96,100,167,139,132,127,150,136,166,109,90
"COG2268",50,430,104,197,81,47,31,104,73,58,642,216,132,48,76,62,75,91,118,65,75,17,28,165,50,23,19,132,91,75,155,86,89,26,88,72,44,95,105,109,70,159,40,88,41,85,139,121,92,42,121,46,84,64,82,64,32,201,36,41
"COG2269",4,79,1,1,0,8,2,3,4,0,2,153,2,2,0,14,11,0,0,2,0,1,0,0,3,2,6,33,1,6,0,3,16,1,4,0,4,3,0,1,2,5,1,7,1,7,0,0,0,1,14,6,1,1,2,15,0,15,26,8
"COG2270",42,52,64,66,42,106,16,42,43,45,21,42,146,28,51,239,55,88,27,50,73,28,48,30,43,94,5,54,87,9,69,50,14,33,30,33,32,107,14,52,59,15,45,49,105,15,32,74,54,55,22,44,45,29,22,82,123,68,38,29
"COG2271",39,282,66,124,132,32,273,71,182,161,98,307,39,209,46,65,172,54,140,62,77,43,7,49,80,72,187,145,31,220,38,96,99,83,153,82,25,86,213,123,208,83,185,153,130,193,87,84,255,340,220,145,35,20,73,100,7,107,187,272
"COG2272",17,50,110,62,149,283,352,96,152,244,343,6,47,92,162,197,142,239,74,132,98,310,510,95,132,61,411,84,57,57,133,166,128,190,208,118,498,186,57,128,131,203,96,101,47,86,68,174,61,465,36,101,80,261,83,119,145,45,64,370
"COG2273",66,150,185,385,149,15,191,230,193,104,137,2,188,157,252,29,182,166,192,158,198,268,220,395,286,201,262,166,311,298,223,168,154,256,149,205,94,150,214,160,340,272,130,190,93,291,256,173,120,63,390,14,105,281,152,199,156,132,264,188
"COG2274",414,373,379,487,221,155,307,185,757,312,1368,90,432,250,480,210,303,169,378,619,468,955,801,961,425,310,1914,411,246,566,157,182,136,470,251,130,503,190,267,177,73,139,107,118,155,257,266,68,165,62,65,153,65,186,176,113,28,154,142,717
"COG2301",163,44,24,64,17,67,23,73,52,25,20,89,62,17,56,34,20,14,39,34,33,22,26,40,31,65,6,33,50,37,51,59,43,26,31,16,27,55,31,13,34,27,100,32,32,14,70,10,48,10,59,86,21,34,40,49,48,44,93,12
"COG2302",124,30,114,82,77,128,16,102,64,105,53,29,115,46,67,42,51,105,48,108,93,51,64,45,36,72,21,65,124,10,100,62,51,39,40,114,48,147,24,72,44,50,53,72,101,29,36,146,71,61,36,178,107,82,71,90,152,102,36,31
"COG2303",15,96,2,0,1,6,6,3,5,1,8,135,3,1,0,11,5,1,2,7,3,0,0,1,2,2,2,41,1,2,1,4,10,3,16,0,1,2,3,3,14,1,0,8,2,8,2,2,0,0,3,20,2,3,0,3,2,23,71,17
"COG2304",13,203,292,311,417,84,384,474,297,340,300,67,154,332,250,221,361,309,390,249,277,419,313,280,322,200,438,207,147,383,281,366,285,400,338,286,391,143,317,416,339,281,277,326,138,366,392,221,319,264,358,66,310,376,310,187,81,197,253,317
"COG2306",0,4,1,3,1,0,0,7,0,0,0,0,1,0,0,0,0,7,0,1,6,0,0,0,0,0,0,1,0,0,5,1,0,0,0,25,0,0,1,2,0,0,0,3,0,0,0,10,0,1,0,0,10,1,1,0,0,9,0,0
"COG2307",26,20,0,1,44,39,0,0,0,0,0,0,1,0,0,161,0,27,0,1,0,0,1,0,0,0,0,2,1,0,0,2,0,2,1,0,0,1,0,0,17,0,2,6,0,0,0,4,0,6,0,0,0,0,1,0,1,0,25,0
"COG2308",13,18,0,0,56,48,0,4,0,22,2,0,1,2,3,207,2,34,1,2,0,0,0,1,9,0,1,6,0,8,0,2,6,0,0,3,6,5,1,0,13,0,5,5,2,9,0,2,0,7,3,1,6,14,5,4,0,0,36,0
"COG2309",205,80,148,101,78,309,35,109,103,91,83,137,199,108,176,79,65,158,70,82,122,93,106,145,39,152,17,144,244,36,232,143,88,89,69,160,62,300,71,155,95,44,109,120,197,38,108,164,133,107,134,274,160,187,145,169,230,200,80,50
"COG2310",321,8,24,10,8,37,6,304,35,13,7,0,22,159,48,46,9,8,11,18,13,14,17,84,6,66,193,50,104,3,6,19,48,133,5,13,62,14,11,22,3,4,7,14,11,2,1,42,7,8,0,75,11,4,18,18,13,7,71,4
"COG2311",19,262,91,213,84,19,137,129,214,66,150,69,164,136,204,49,195,106,212,261,208,140,234,110,145,100,163,193,60,340,57,144,177,177,264,101,202,69,246,124,251,219,163,156,82,271,118,33,130,22,282,7,161,102,175,134,8,100,271,168
"COG2312",1,13,6,0,1,3,2,4,9,4,3,0,19,89,3,0,2,0,0,17,7,1,2,2,3,3,0,4,39,11,7,0,35,7,7,4,1,0,0,0,1,3,0,11,19,1,20,1,5,0,4,0,0,1,1,8,4,6,8,0
"COG2313",16,51,9,1,13,2,4,4,16,14,11,41,3,9,3,17,12,3,4,5,10,0,3,4,1,2,7,13,3,0,11,7,6,0,15,7,1,7,5,4,21,1,6,5,11,17,4,13,6,4,18,0,9,6,10,1,0,61,1,4
"COG2314",1,13,10,0,18,24,0,5,4,7,37,7,4,6,0,73,7,14,2,4,5,2,1,10,7,1,0,4,11,1,3,4,21,2,2,14,0,8,3,2,21,11,0,0,3,2,0,6,0,2,3,10,4,13,0,1,64,3,1,10
"COG2315",173,92,92,128,138,116,53,114,121,110,70,78,102,129,168,57,138,90,130,130,155,91,81,121,161,108,81,115,142,167,132,127,104,120,99,122,54,139,151,141,89,194,101,140,78,167,114,101,136,83,223,164,111,90,175,97,28,115,94,71
"COG2316",44,37,20,16,23,38,11,22,42,37,24,17,65,25,30,12,11,32,23,24,31,12,23,22,16,27,6,31,56,6,22,30,19,11,20,34,8,52,7,50,37,13,26,26,29,20,35,37,23,21,17,44,30,50,33,29,90,63,17,26
"COG2317",15,44,27,33,24,36,20,46,29,36,16,54,72,37,17,14,33,30,28,43,44,19,23,19,22,64,3,55,38,4,27,35,21,48,19,19,16,62,22,29,42,8,79,27,95,11,31,61,23,24,36,22,39,37,21,41,20,84,70,23
"COG2318",1,0,0,0,0,0,0,1,0,0,1,0,0,0,0,2,0,0,0,1,0,0,0,0,0,0,0,3,0,0,0,0,1,1,0,0,0,0,0,0,1,0,0,0,0,0,0,0,0,0,0,0,0,0,0,0,0,0,37,5
"COG2319",0,43,5,50,5,0,3,224,27,24,227,0,50,22,5,6,6,1,42,4,35,371,50,11,29,9,230,1,7,1,53,2,4,254,25,27,0,4,29,11,4,35,8,34,5,50,31,3,10,3,39,1,10,84,84,1,1,17,16,15
"COG2320",9,9,7,43,12,22,4,8,8,6,5,27,6,14,17,4,10,11,7,21,13,13,1,26,23,3,10,14,9,0,14,9,11,40,7,5,2,29,10,12,10,32,31,10,34,18,12,11,3,0,27,13,12,23,40,15,6,25,40,9
"COG2321",8,38,15,0,2,9,10,3,8,3,4,74,2,2,0,9,15,3,8,8,4,0,1,2,7,2,6,28,1,16,1,1,10,1,3,1,3,5,0,2,1,2,0,3,1,8,0,0,0,1,5,22,2,1,6,12,0,9,27,9
"COG2323",135,85,62,39,64,61,5,109,79,75,52,53,62,76,78,52,45,54,22,82,49,11,30,53,43,55,12,70,14,18,73,35,31,13,30,123,37,105,31,59,60,5,29,38,98,24,16,109,52,32,33,92,47,84,43,37,27,161,59,19
"COG2326",146,135,89,60,86,93,30,77,76,71,47,73,119,73,79,270,33,128,42,42,87,16,65,60,38,52,8,124,149,62,84,46,43,34,60,87,35,64,43,51,85,88,51,67,61,58,56,80,44,84,80,81,100,110,59,105,102,70,57,29
"COG2327",75,82,35,132,82,63,51,63,103,60,79,3,43,62,63,162,13,88,15,73,134,70,48,47,27,44,48,124,39,53,53,42,65,32,65,24,12,79,69,57,62,55,36,41,51,49,82,48,78,209,47,46,40,77,109,54,244,73,32,18
"COG2329",1,0,0,0,0,2,0,5,5,0,0,0,6,1,0,0,2,1,0,0,1,0,0,4,0,9,2,4,0,0,0,2,4,2,4,1,2,1,0,1,2,5,0,1,1,1,0,0,0,0,10,10,11,2,1,2,0,0,11,3
"COG2331",1,3,0,0,13,19,0,1,0,1,4,0,0,2,0,35,0,3,0,0,0,0,0,0,1,2,0,0,0,7,2,0,0,0,4,0,1,0,0,1,8,0,0,4,2,0,10,0,0,0,0,2,6,1,3,0,15,0,1,1
"COG2332",4,21,0,0,2,4,5,1,2,1,0,48,0,3,0,3,6,2,3,1,4,2,0,0,5,6,0,14,0,2,2,1,4,1,2,1,6,3,1,0,2,2,5,5,3,4,3,1,0,0,7,6,5,0,1,14,0,5,13,2
"COG2333",461,146,265,155,148,326,63,216,222,258,119,232,213,166,254,167,82,214,109,152,157,158,234,109,90,149,40,265,381,66,319,185,142,72,119,332,74,367,106,259,115,134,153,249,267,96,136,275,176,138,125,420,205,279,144,197,438,373,147,86
"COG2334",11,74,5,11,17,31,6,14,7,6,11,133,1,3,5,117,10,3,8,3,11,1,3,0,8,9,9,41,13,13,6,13,21,4,3,3,4,23,17,7,8,4,11,23,7,11,4,12,1,4,35,16,15,6,16,15,78,41,34,13
"COG2335",0,0,2,0,0,0,3,3,0,2,1,0,0,0,0,0,0,1,0,0,0,0,0,8,0,0,102,5,0,0,0,0,12,0,15,4,0,0,0,0,0,0,0,0,0,0,0,0,0,0,0,0,4,4,0,0,0,0,0,0
"COG2336",5,21,0,0,0,0,0,0,2,0,0,111,3,2,0,13,11,0,0,0,2,1,0,0,5,0,0,2,0,4,1,0,0,1,0,1,0,0,0,1,2,5,0,4,3,6,1,0,1,0,19,0,0,0,0,0,0,2,0,6
"COG2337",130,63,253,188,144,193,37,118,142,225,105,271,281,504,270,68,128,99,131,648,197,110,109,112,384,508,34,193,169,28,189,119,97,65,91,258,67,200,74,200,155,177,139,288,547,71,90,220,214,94,95,96,134,141,148,164,199,242,137,50
"COG2339",5,5,20,29,15,18,7,11,13,30,15,0,18,8,1,0,1,29,11,12,12,3,7,16,6,2,2,17,0,0,17,8,0,1,5,41,0,14,4,14,8,22,3,4,12,2,2,34,9,6,0,23,23,32,5,19,1,29,1,1
"COG2340",2,5,55,14,47,32,5,36,23,50,25,21,19,12,18,1,9,22,18,58,23,10,19,39,7,4,15,35,92,4,115,12,5,10,11,23,9,68,20,42,19,20,16,49,11,10,26,61,26,19,30,5,39,28,16,42,0,52,11,7
"COG2342",0,0,0,0,0,0,0,0,0,2,0,0,0,0,0,0,0,7,2,0,0,0,0,0,0,0,0,0,0,0,0,0,0,6,0,0,0,0,0,0,8,0,0,0,0,0,0,0,0,0,20,0,0,0,9,0,0,0,0,0
"COG2344",96,53,170,148,189,150,62,112,147,141,49,47,180,190,178,48,177,117,161,162,170,100,76,143,147,195,23,115,152,181,109,154,175,75,113,189,43,165,140,141,170,165,124,147,159,145,115,153,171,73,104,120,153,79,125,177,112,128,124,80
"COG2346",0,0,0,0,0,0,5,0,3,0,2,0,0,0,0,0,0,0,2,0,0,0,0,0,0,0,0,0,0,0,0,1,1,0,1,2,0,0,1,0,6,0,5,6,0,0,7,0,0,0,0,0,0,0,0,3,0,0,3,0
"COG2348",17,100,7,3,72,160,5,120,18,17,31,3,13,73,52,432,12,111,24,79,16,11,10,14,28,1,13,20,10,7,85,15,8,1,16,106,17,114,63,8,30,5,6,63,25,2,8,68,27,15,6,279,31,84,15,20,232,140,15,1
"COG2350",2,21,8,3,0,4,0,0,3,1,3,25,6,1,2,3,6,0,8,5,7,0,0,0,2,2,0,10,0,0,0,1,6,3,2,0,2,4,21,1,1,4,1,5,2,1,3,1,0,1,6,6,2,0,2,4,0,2,23,6
"COG2351",7,42,3,6,5,5,11,16,4,5,4,37,1,0,0,8,11,40,6,2,1,0,0,0,7,1,1,12,0,1,0,10,26,5,3,33,0,3,2,0,46,0,9,3,2,12,7,9,0,3,4,5,19,6,0,32,0,5,62,7
"COG2352",19,81,1,2,20,125,3,3,5,0,2,70,5,0,3,285,4,26,0,2,1,0,6,1,2,2,2,17,6,2,1,13,17,8,9,2,13,29,24,0,53,3,3,24,2,15,20,2,2,12,9,274,5,4,6,25,255,14,84,13
"COG2353",6,45,0,0,0,1,2,0,10,0,3,40,1,0,0,8,7,0,8,1,3,0,0,0,14,4,2,17,2,2,0,1,4,1,1,0,0,4,0,1,1,1,0,3,0,4,6,0,13,0,5,2,0,2,0,2,1,8,24,9
"COG2354",6,13,0,0,0,4,3,1,1,0,0,36,0,0,0,12,4,0,0,1,0,3,0,1,1,1,3,20,1,0,0,1,7,1,0,0,3,2,0,0,2,2,0,4,1,4,0,0,0,0,7,4,0,0,0,9,0,4,26,7
"COG2355",87,73,177,161,120,89,450,226,222,233,221,102,162,172,167,105,241,235,151,236,196,302,408,278,194,210,454,163,114,173,158,208,182,295,268,211,378,160,166,133,219,133,202,149,206,155,236,169,158,406,137,82,228,246,91,163,48,168,207,303
"COG2356",6,29,152,22,0,10,30,101,15,38,85,48,0,67,0,11,5,77,97,0,4,0,4,89,44,7,68,19,0,2,48,6,63,44,23,40,68,4,22,10,10,3,20,9,6,6,175,41,3,1,4,8,13,74,8,7,1,22,31,26
"COG2357",313,79,189,144,145,344,29,156,158,162,105,154,252,118,186,322,76,134,68,143,156,92,112,140,63,147,38,162,451,63,212,100,78,115,92,204,75,335,79,149,115,139,111,163,139,56,99,144,126,92,114,413,187,200,131,234,309,163,97,40
"COG2358",144,16,100,130,90,90,27,49,82,56,59,70,156,104,107,14,44,60,47,65,73,28,83,103,52,149,15,68,130,40,67,42,11,15,38,45,34,48,15,42,31,18,22,38,38,12,17,50,43,36,24,16,47,46,40,44,22,36,22,22
"COG2359",3,13,7,1,16,0,1,10,5,22,6,0,0,12,0,0,1,11,1,1,1,10,2,17,1,1,0,2,3,0,9,2,5,1,2,28,0,17,0,6,6,0,2,2,0,0,2,10,14,4,0,2,14,12,4,0,27,15,1,0
"COG2360",6,33,7,44,19,3,97,47,45,24,78,60,14,32,14,13,20,22,16,60,35,51,114,78,50,18,151,62,6,26,45,46,37,65,73,18,165,7,19,34,19,28,42,15,13,59,54,15,23,134,4,6,30,76,41,4,7,5,52,106
"COG2361",1,22,60,42,30,9,37,86,34,105,73,0,9,29,24,14,35,23,60,31,48,64,22,106,27,33,48,22,14,38,31,34,73,104,17,31,23,4,78,26,73,45,35,47,18,36,17,24,25,77,54,8,47,13,47,22,2,34,28,7
"COG2362",5,16,7,3,6,23,0,0,10,6,4,65,4,7,6,1,4,7,8,3,7,0,5,2,11,1,1,1,3,4,4,10,2,4,11,7,0,15,11,5,18,1,9,10,22,1,9,15,0,6,27,1,0,0,9,1,3,51,2,2
"COG2363",6,38,0,0,3,3,3,3,0,0,2,46,0,2,0,9,5,0,0,0,1,0,0,0,1,7,1,15,0,6,0,0,15,1,5,1,2,1,0,0,0,1,1,9,5,5,0,1,0,1,4,4,4,1,2,5,1,8,19,4
"COG2364",193,92,124,119,102,164,146,165,108,129,91,64,81,73,133,19,61,143,94,122,86,120,71,99,96,104,57,96,218,89,93,83,152,61,113,235,152,226,80,71,150,69,148,124,105,78,101,144,121,269,142,90,144,143,116,184,133,100,176,86
"COG2365",109,73,89,151,115,215,12,62,76,73,25,13,116,117,127,112,140,58,98,90,113,35,22,53,127,142,8,69,40,115,72,113,82,57,91,41,48,102,106,108,84,191,80,125,223,195,75,76,109,28,192,144,79,51,123,52,39,64,89,36
"COG2366",2,0,0,0,0,0,1,0,0,0,0,0,0,3,0,0,1,4,2,0,0,0,0,0,0,16,0,0,1,0,0,0,0,0,5,3,0,1,0,1,7,0,0,9,0,0,0,0,0,0,0,0,0,0,0,0,0,0,0,0
"COG2367",357,80,118,160,154,101,226,83,166,184,24,205,143,107,139,73,269,134,142,131,264,257,262,169,215,197,339,137,104,128,109,144,263,483,154,130,345,130,175,106,145,106,126,201,162,611,144,102,165,285,113,388,100,173,142,140,133,54,136,163
"COG2368",11,21,14,5,8,13,20,7,40,22,11,10,11,10,18,13,12,21,7,3,10,0,8,13,9,26,2,15,11,3,9,30,5,8,38,8,0,3,66,9,55,11,6,11,17,17,12,9,9,2,21,8,2,6,17,2,11,44,40,14
"COG2369",0,137,32,0,4,4,11,8,45,28,11,6,12,50,0,6,69,2,6,54,4,1,3,55,1,13,4,2,4,18,29,3,17,11,19,17,6,24,73,2,18,3,6,1,0,140,57,16,3,2,137,12,24,10,3,36,0,17,5,35
"COG2371",72,2,22,0,9,17,0,7,12,1,28,0,3,14,6,1,1,6,8,2,1,3,5,2,0,2,0,8,6,0,7,5,5,7,4,10,4,6,21,7,3,2,6,6,6,2,3,4,9,2,0,28,7,1,6,4,2,3,18,6
"COG2372",4,28,0,0,0,7,3,0,1,0,1,35,1,0,0,6,4,0,0,3,1,0,1,0,1,1,3,8,0,2,0,1,6,0,3,0,0,0,0,0,2,0,0,4,0,4,1,0,0,0,3,5,0,0,3,1,0,6,12,3
"COG2373",72,533,436,816,375,44,1155,507,614,302,486,321,407,469,306,89,591,472,806,424,547,736,530,576,518,443,565,490,121,710,265,517,703,859,737,324,795,179,760,501,584,586,565,566,333,799,769,298,465,332,649,58,377,359,801,359,21,382,589,647
"COG2374",0,1,19,5,0,1,0,14,3,16,5,1,0,72,38,14,28,1,49,51,42,11,2,12,26,74,0,11,0,141,7,10,14,51,41,6,10,22,8,10,1,3,2,16,31,3,16,9,24,3,0,37,2,5,51,34,0,8,0,13
"COG2375",5,49,0,1,1,4,5,0,5,0,1,55,0,1,0,8,9,0,1,2,0,0,0,0,2,1,4,31,1,2,0,2,14,0,1,0,0,2,0,0,1,4,0,5,2,6,0,0,0,0,4,9,0,0,1,1,0,6,15,6
"COG2376",175,131,47,67,28,84,61,29,97,53,12,327,34,42,21,93,43,44,83,34,35,152,86,42,44,77,20,92,134,36,44,78,156,35,51,74,6,38,92,19,33,57,95,59,55,52,130,33,47,29,186,284,27,22,118,47,588,123,91,31
"COG2377",8,49,18,4,31,4,12,12,31,45,45,62,1,18,14,17,13,4,25,25,34,4,3,6,38,14,2,34,5,15,32,69,9,0,22,6,10,15,4,24,21,26,46,39,13,19,21,32,15,1,11,26,16,6,60,25,4,47,32,28
"COG2378",49,73,81,89,47,45,33,95,71,83,85,317,84,64,82,54,94,106,76,170,70,56,19,96,35,69,17,103,48,98,76,94,103,108,118,49,26,106,87,84,89,60,51,199,53,67,57,122,73,14,212,63,58,55,119,65,32,176,86,64
"COG2379",8,17,35,96,39,60,8,25,38,47,19,27,117,37,21,0,46,43,37,39,66,19,35,32,24,66,4,60,5,10,57,42,10,3,9,23,16,58,16,40,50,10,15,28,120,10,28,54,41,7,13,1,54,38,36,20,47,53,47,24
"COG2382",91,143,147,171,279,61,580,177,283,222,210,166,117,193,217,29,261,177,182,186,343,495,395,196,270,187,454,216,147,162,217,244,199,345,333,169,194,109,180,218,160,250,276,199,112,173,156,161,146,229,159,38,252,246,219,221,3,75,271,345
"COG2384",129,15,81,36,63,103,12,57,48,98,32,40,75,35,94,62,7,44,36,25,38,52,43,59,13,51,9,62,124,23,81,38,43,39,39,87,23,89,23,62,30,44,40,60,46,28,51,89,51,50,35,175,77,93,47,70,149,64,17,29
"COG2385",194,71,317,261,269,212,121,215,226,225,127,117,398,234,290,83,278,266,290,249,257,172,168,188,237,309,34,222,430,201,357,234,208,156,206,306,77,296,181,333,211,203,277,298,325,186,190,311,328,106,157,182,336,304,264,313,247,244,208,139
"COG2386",3,15,1,1,1,2,5,4,2,3,0,25,0,1,2,6,2,1,0,2,3,0,1,2,1,10,0,9,1,6,2,4,2,1,2,0,2,2,0,1,4,0,3,6,0,2,11,2,0,1,7,4,5,4,2,12,0,3,23,5
"COG2388",12,61,25,44,19,10,20,17,74,30,21,54,35,45,40,19,68,21,45,30,48,17,5,30,41,37,5,26,10,63,9,29,31,24,24,16,3,24,89,29,56,34,39,36,10,48,35,12,34,4,48,12,49,12,49,25,4,17,51,26
"COG2390",45,128,30,22,28,92,20,29,53,35,15,96,27,20,8,62,29,54,15,32,18,121,36,18,14,33,15,53,91,20,19,33,84,26,5,55,10,46,21,26,58,17,29,40,43,30,41,30,26,36,94,155,12,15,29,38,370,32,203,30
"COG2391",20,116,1,1,6,15,10,4,10,2,1,167,6,2,0,11,17,1,0,9,4,1,0,1,4,17,9,34,2,2,1,1,8,1,13,0,7,8,12,2,5,2,1,18,5,12,4,0,0,9,25,94,4,1,3,18,1,23,24,10
"COG2404",0,0,5,0,0,2,0,4,0,11,0,2,0,2,15,2,1,0,2,0,1,0,1,6,17,0,5,4,0,0,4,6,0,10,5,0,0,4,0,0,0,0,5,1,1,0,0,0,1,1,0,48,2,5,29,2,0,8,0,0
"COG2405",0,2,0,0,0,3,0,4,1,1,0,10,2,0,12,0,0,1,1,1,0,1,2,2,0,1,1,4,0,0,1,3,3,0,1,5,1,5,0,0,1,1,6,3,9,1,1,0,3,10,0,0,0,3,0,9,0,0,0,1
"COG2406",0,8,10,25,11,2,11,1,17,7,1,0,20,5,23,8,18,2,12,9,20,1,0,8,21,7,3,3,2,37,3,24,32,5,13,1,0,0,33,13,17,39,16,19,7,34,9,4,3,0,43,0,6,3,16,2,0,21,16,7
"COG2407",577,245,338,474,393,337,509,409,384,378,480,438,451,463,495,182,427,407,493,595,482,631,461,408,641,389,562,396,437,473,417,561,415,420,459,370,293,355,260,503,332,684,517,355,288,481,462,415,508,505,375,308,385,306,372,438,544,278,470,427
"COG2409",0,0,0,0,0,64,0,0,0,0,0,0,0,0,0,45,0,0,0,0,0,0,0,0,0,0,0,0,0,0,0,0,0,0,0,0,0,0,0,0,0,0,0,0,0,0,1,0,0,0,0,1,0,0,0,0,0,2,6,0
"COG2414",44,158,35,44,27,73,22,23,37,50,14,158,105,34,12,20,66,31,42,29,27,27,31,33,65,126,5,60,6,17,38,15,15,9,48,22,12,63,4,32,39,5,25,43,130,13,26,11,77,24,16,6,29,29,26,37,41,42,32,29
"COG2421",3,15,3,3,5,3,12,3,21,13,4,83,2,1,1,11,3,4,18,9,3,1,2,4,20,5,0,11,5,2,10,20,10,11,9,6,1,5,17,8,15,10,38,12,15,2,18,6,4,7,58,12,1,5,11,0,2,13,18,7
"COG2423",2,10,76,27,29,35,8,17,71,50,25,46,27,10,54,8,5,14,20,20,47,5,5,41,8,10,10,24,17,0,21,24,10,6,31,43,4,19,54,8,24,10,16,39,17,15,25,49,40,19,4,64,43,116,33,25,3,47,6,4
"COG2425",21,90,51,123,69,18,232,26,89,94,121,139,54,101,96,25,127,63,118,120,101,167,257,189,84,30,260,115,26,145,50,83,127,112,128,81,166,23,57,63,90,116,91,55,41,141,63,59,62,182,140,11,55,128,92,94,4,40,132,141
"COG2426",1,9,9,2,12,7,0,5,18,20,21,0,2,9,3,0,3,9,2,14,6,1,2,11,7,3,7,7,0,0,5,7,1,2,3,24,0,4,8,2,5,1,5,3,6,2,4,4,1,11,3,52,2,27,12,6,0,26,2,3
"COG2431",19,99,90,134,129,14,194,116,143,107,99,89,122,172,122,45,216,92,152,163,157,171,155,135,200,168,157,116,73,232,92,178,166,123,178,124,94,68,165,133,235,166,193,148,100,229,129,80,129,101,231,28,167,81,165,153,53,68,230,168
"COG2440",16,64,0,0,1,1,3,0,2,0,0,71,1,0,0,9,7,8,1,1,0,1,0,0,2,0,2,19,1,2,0,0,6,1,4,0,0,5,0,0,3,5,0,7,1,7,4,0,1,0,10,8,1,0,0,2,2,10,0,4
"COG2452",418,11,22,21,26,193,5,11,7,26,11,0,25,34,24,27,6,44,12,9,46,34,30,14,5,35,2,19,25,36,26,17,42,26,24,40,194,53,5,12,28,18,23,30,39,6,22,18,38,50,1,131,19,12,30,100,85,11,20,24
"COG2453",6,62,0,0,0,0,4,0,4,0,1,76,2,0,0,7,5,0,1,0,2,1,0,0,8,2,2,14,0,0,0,0,3,2,6,1,0,0,0,1,1,4,0,4,0,0,0,0,0,0,21,0,0,0,0,2,1,0,0,2
"COG2454",0,0,0,0,2,7,0,0,2,0,0,0,2,0,0,0,0,0,0,0,0,1,0,0,0,0,0,0,0,0,0,0,0,2,1,0,0,0,0,0,0,0,1,2,0,0,0,0,0,0,3,0,0,0,0,1,0,0,0,0
"COG2461",105,5,50,34,23,197,4,219,24,32,21,33,38,10,65,105,2,67,17,10,26,12,5,60,4,10,4,39,61,5,96,15,3,14,31,26,92,86,19,42,24,41,9,27,11,42,165,34,27,18,47,326,46,30,19,48,37,8,30,13
"COG2501",55,29,55,23,47,80,8,39,40,50,29,48,55,42,33,33,33,24,16,43,36,16,27,45,22,46,6,32,63,8,52,16,22,19,21,41,17,52,29,36,27,46,26,28,57,15,20,47,29,18,26,125,42,30,28,42,28,38,16,11
"COG2502",139,107,179,155,160,203,310,100,142,195,242,138,161,174,143,105,192,164,169,156,149,216,229,157,167,194,295,149,126,157,89,130,151,195,201,146,269,166,172,141,139,124,142,162,197,163,133,161,166,311,131,246,150,164,130,183,69,165,184,251
"COG2503",0,0,1,0,0,1,6,2,0,1,1,0,0,0,0,3,0,2,6,2,0,0,0,0,2,5,0,0,1,0,0,0,8,0,2,1,2,5,5,0,0,2,7,0,0,0,7,0,0,0,15,40,1,7,0,12,0,0,6,0
"COG2508",671,117,323,197,245,628,24,297,225,361,149,296,351,280,383,339,98,283,141,209,201,78,165,255,129,199,52,243,641,95,350,221,120,120,141,297,145,502,128,191,234,241,147,181,331,75,138,369,229,241,214,468,259,194,222,320,347,293,170,71
"COG2509",453,209,509,401,377,400,331,432,366,481,331,122,482,387,463,152,328,460,401,464,374,394,376,396,344,448,307,427,421,252,550,448,310,400,333,463,317,545,306,452,317,245,408,424,496,317,318,467,452,342,220,200,463,443,386,398,406,386,292,307
"COG2510",87,18,46,27,23,49,9,47,60,55,39,29,28,35,42,5,24,65,28,31,27,11,30,36,18,10,11,26,59,4,79,24,11,11,33,74,7,52,22,42,22,11,21,38,71,13,24,57,44,57,26,32,40,106,35,30,3,53,6,83
"COG2513",11,55,28,28,29,0,9,31,20,12,9,82,138,123,23,9,8,9,27,105,26,13,18,17,60,16,5,60,85,23,27,11,25,58,37,10,346,27,84,124,11,97,48,33,9,111,48,18,40,16,70,2,51,16,122,36,10,55,51,49
"COG2514",2,4,0,0,0,1,0,0,0,0,0,0,0,0,0,7,0,0,0,0,0,0,0,0,0,0,0,0,0,0,0,0,0,0,0,0,0,2,4,0,1,0,0,0,0,0,2,0,0,0,0,51,0,1,0,0,0,0,0,0
"COG2515",18,58,6,26,11,12,11,8,28,15,13,85,8,11,4,11,17,8,9,2,19,5,5,5,15,14,93,34,10,11,12,16,12,5,17,6,10,9,28,8,16,10,24,10,11,20,13,21,2,4,73,41,9,17,17,18,12,42,15,14
"COG2516",1,0,0,0,0,0,0,0,0,0,2,0,0,0,0,0,0,0,0,0,1,0,0,0,0,0,0,0,0,0,18,0,0,0,0,0,0,0,1,0,0,0,0,0,0,0,0,13,0,0,0,0,2,0,0,0,3,18,0,1
"COG2518",3,17,1,0,0,1,4,0,1,0,2,27,1,0,0,4,0,0,1,0,0,0,0,0,0,0,3,10,1,3,1,4,1,0,6,0,0,0,2,1,1,2,0,0,3,2,0,1,0,0,1,6,1,0,0,0,0,5,5,2
"COG2519",11,23,0,0,18,34,1,1,1,0,0,0,2,0,1,184,0,13,1,0,0,0,1,3,2,0,0,1,3,5,0,1,1,0,2,0,1,0,0,0,13,0,2,3,1,2,4,3,0,2,0,4,2,0,0,1,65,11,1,0
"COG2602",103,8,45,19,26,90,5,43,13,50,16,89,18,26,27,55,18,28,13,26,43,9,20,114,9,37,8,49,93,13,29,7,34,8,8,33,7,21,28,30,9,6,6,7,23,3,16,7,14,26,6,28,17,8,11,19,23,19,6,11
"COG2603",8,46,0,0,0,16,10,0,2,0,5,72,1,0,0,4,5,0,6,0,0,3,2,0,1,1,4,27,0,2,1,0,13,9,5,0,1,0,3,0,0,4,17,4,0,1,1,0,0,0,29,10,1,0,0,5,0,9,27,7
"COG2604",0,1,10,23,15,0,0,34,8,14,205,0,36,10,26,0,0,3,27,28,12,10,11,2,2,19,2,18,200,2,27,0,3,41,2,14,23,59,0,92,3,0,17,3,0,17,29,6,21,6,0,2,26,15,15,87,1,2,8,100
"COG2605",36,53,127,236,141,99,152,176,201,133,103,83,188,122,282,21,307,225,240,189,202,114,151,142,214,249,33,120,173,563,131,174,241,227,256,132,81,133,166,200,192,117,221,151,209,148,234,148,179,36,308,38,184,96,248,222,46,166,145,255
"COG2606",134,209,163,112,182,129,77,111,147,143,107,142,102,142,120,126,113,152,124,140,133,84,65,89,107,78,33,170,126,124,155,155,181,76,107,172,53,124,130,113,157,110,138,138,140,103,93,156,129,66,147,125,150,122,163,129,180,159,142,75
"COG2607",212,26,175,108,73,128,30,134,96,157,49,58,183,105,163,63,70,130,56,128,115,110,107,110,45,103,29,131,212,58,177,110,116,64,75,154,77,200,40,120,62,146,102,96,212,47,93,161,118,100,49,114,180,137,85,163,263,87,42,49
"COG2608",209,15,56,52,62,174,18,54,40,94,104,35,61,45,53,52,17,105,44,75,75,35,34,60,28,55,6,75,187,26,90,42,25,30,45,68,55,132,27,63,30,39,43,78,101,26,11,99,64,41,16,147,62,44,74,83,83,77,49,63
"COG2609",17,79,0,3,0,18,12,3,6,0,4,123,2,1,0,15,7,0,0,5,2,1,0,0,3,19,8,53,3,2,1,9,14,4,7,1,5,4,1,1,3,2,2,13,3,10,3,0,0,2,13,32,3,0,2,26,1,14,41,13
"COG2610",348,455,84,122,118,206,117,73,177,79,59,721,381,154,130,316,109,107,118,79,128,184,143,92,130,127,45,158,220,173,75,146,206,99,138,126,45,94,158,109,121,164,163,174,237,149,145,68,161,71,456,133,155,58,136,143,457,134,243,96
"COG2703",1,1,54,25,26,17,2,45,19,34,24,0,70,40,36,0,1,36,20,19,43,13,18,31,2,12,1,35,74,8,61,10,10,27,10,18,25,35,10,38,9,31,25,49,7,13,19,17,22,32,0,2,70,24,38,75,5,11,12,22
"COG2704",47,213,86,109,170,22,120,79,148,101,124,584,83,177,107,111,233,92,156,213,116,121,39,143,225,266,15,122,127,261,38,121,93,46,70,63,19,40,91,78,96,57,85,95,56,136,93,26,75,35,105,27,85,12,57,76,96,63,122,64
"COG2706",137,112,103,154,132,126,79,80,109,88,137,169,154,131,172,56,115,102,111,151,113,235,48,109,104,133,79,144,188,221,99,114,144,171,134,113,37,153,82,96,117,288,108,152,103,105,145,138,101,33,227,128,155,91,142,165,151,51,210,82
"COG2707",6,22,0,0,0,20,5,0,2,0,1,34,0,0,0,12,2,4,0,2,1,20,6,0,1,4,0,8,16,1,0,0,12,0,1,6,2,1,1,1,3,1,1,5,1,5,5,0,1,3,5,15,0,0,0,2,33,5,11,2
"COG2710",0,8,13,34,36,78,9,12,55,55,7,38,19,36,34,14,25,28,15,27,17,8,9,39,24,18,12,34,64,8,71,41,18,56,40,56,14,73,35,45,56,29,53,50,109,34,57,48,85,45,146,71,46,19,37,29,18,50,124,52
"COG2715",69,41,202,169,168,78,318,186,134,174,232,58,159,173,177,34,181,178,198,170,141,237,293,182,199,168,316,98,134,141,123,208,169,255,179,166,335,140,176,120,139,173,207,157,121,162,200,145,156,253,118,42,166,199,148,195,40,152,147,234
"COG2716",3,42,0,0,0,3,2,1,1,0,2,53,0,0,0,7,3,0,0,1,1,0,1,0,1,0,3,7,0,0,0,0,3,0,1,0,0,0,2,0,2,1,0,1,2,5,0,0,0,0,3,6,0,0,1,1,0,6,19,1
"COG2717",23,48,9,8,14,20,13,2,8,5,4,61,22,2,9,8,58,5,6,13,12,6,7,37,45,15,2,13,42,2,9,15,11,3,10,7,2,17,0,0,8,1,16,38,7,7,31,9,62,11,45,11,35,1,10,15,1,10,31,14
"COG2718",7,58,0,1,1,7,2,2,9,0,0,85,2,0,0,18,9,0,0,6,2,0,0,0,3,1,6,26,2,2,2,1,6,3,4,4,0,1,0,0,6,0,1,11,0,12,0,0,1,0,9,6,1,0,0,0,1,6,33,4
"COG2719",2,32,1,0,0,11,5,0,9,0,6,57,0,1,0,10,2,1,0,6,0,3,0,0,3,1,6,20,0,2,2,1,8,0,3,1,1,0,0,0,4,1,0,7,1,6,0,0,1,0,12,11,0,0,2,1,0,4,45,7
"COG2720",150,37,119,84,79,129,15,185,69,86,44,96,66,63,90,17,22,78,35,50,70,27,55,39,39,39,19,116,143,33,151,62,17,44,63,200,50,188,49,104,54,117,84,49,72,28,73,219,67,69,51,49,133,166,93,104,71,284,24,22
"COG2721",48,202,201,190,210,193,355,130,228,252,106,596,230,226,162,108,291,264,224,172,241,176,315,237,306,298,301,222,208,193,187,216,259,283,255,151,235,183,134,259,187,236,283,203,735,218,245,214,258,276,343,168,316,164,220,196,286,165,291,305
"COG2723",1291,496,340,182,189,803,89,183,196,253,189,834,357,175,315,483,301,238,110,137,319,197,171,92,419,115,93,370,471,41,383,207,200,144,184,318,145,662,305,269,194,263,172,263,627,99,129,371,219,209,473,697,240,286,144,272,341,212,618,158
"COG2730",72,101,425,341,468,171,599,249,405,449,328,56,71,348,203,426,213,280,203,172,310,247,803,357,369,58,554,335,186,143,632,302,214,98,557,538,940,231,157,576,214,344,298,274,134,210,182,394,391,959,231,116,393,664,309,299,265,148,87,602
"COG2731",21,189,85,126,106,71,106,53,110,91,131,241,110,159,83,50,164,142,152,124,139,147,64,165,157,97,148,136,82,151,90,119,186,147,81,136,69,107,204,111,142,123,122,175,115,132,141,87,128,109,172,98,93,124,112,106,216,72,171,93
"COG2732",4,18,1,0,0,2,5,1,2,0,4,45,1,0,0,5,5,0,0,1,1,0,0,0,1,0,3,12,1,2,0,0,2,1,0,0,0,0,1,0,0,2,0,1,0,1,0,0,2,0,2,1,0,0,0,3,0,1,4,1
"COG2733",18,75,2,1,14,9,24,1,13,0,25,110,1,3,0,22,18,47,0,4,1,94,42,0,3,23,8,29,44,6,2,8,91,10,4,27,8,28,6,2,30,1,2,8,1,8,42,0,1,38,11,40,9,9,0,11,257,12,49,17
"COG2738",129,64,128,127,120,99,61,100,90,103,32,25,131,131,142,41,145,104,129,120,115,77,44,103,141,137,26,131,120,170,89,123,106,96,94,100,36,129,114,131,125,137,108,118,102,107,84,137,134,43,66,80,129,102,106,150,40,133,98,65
"COG2739",46,17,65,60,57,74,7,72,50,67,37,25,66,53,65,39,40,54,31,35,52,21,31,61,31,47,7,57,82,14,106,34,32,33,30,92,42,88,23,54,49,36,30,48,110,18,26,69,33,46,17,74,75,88,39,57,44,69,31,23
"COG2740",59,12,55,34,40,71,8,45,48,48,21,17,49,36,50,22,24,42,22,52,34,19,17,27,16,42,10,49,63,9,63,23,21,21,23,67,18,76,25,39,18,36,37,27,51,8,22,64,33,30,24,89,36,69,43,45,61,75,25,10
"COG2746",7,76,9,16,18,16,0,34,17,14,65,191,38,10,13,39,7,20,26,9,8,7,13,28,0,9,1,0,23,12,27,6,4,10,32,7,1,16,9,15,6,55,13,32,5,0,3,7,34,7,1,4,16,14,20,27,0,5,10,1
"COG2747",0,4,0,0,0,1,0,0,0,0,0,5,0,0,0,0,0,0,0,0,0,0,0,0,1,0,0,0,0,0,0,0,0,0,0,0,0,0,0,0,0,0,0,0,0,0,0,0,0,0,1,4,0,0,0,0,0,0,0,0
"COG2755",229,280,655,827,844,385,836,593,620,672,541,139,973,928,696,172,993,839,750,882,820,926,941,696,809,939,1071,633,721,915,570,708,856,1075,804,733,679,533,664,824,738,669,735,903,733,957,623,664,819,779,662,462,845,859,794,800,539,394,641,995
"COG2759",368,197,324,274,300,386,370,378,305,348,332,62,351,295,350,397,306,336,276,308,258,386,387,352,244,319,361,283,373,247,338,342,230,286,293,339,390,321,313,287,344,262,344,364,328,248,380,433,332,411,190,383,347,371,286,279,420,351,253,306
"COG2761",1,60,2,0,2,33,3,0,3,1,4,1,0,1,0,10,1,0,1,0,0,0,0,0,2,2,0,8,0,0,1,1,2,1,0,2,0,0,0,12,0,2,1,0,0,3,4,3,1,0,8,19,4,0,0,1,0,4,31,6
"COG2764",6,36,1,8,2,2,3,1,3,0,1,50,0,18,0,6,6,0,4,1,2,0,0,0,0,0,2,11,0,3,0,1,6,1,2,0,0,1,3,0,1,6,0,3,1,13,2,0,0,0,3,4,0,0,3,0,0,6,51,2
"COG2766",13,54,0,0,2,15,10,0,4,0,2,87,1,0,0,16,3,0,0,14,2,2,0,1,1,0,3,28,11,2,1,4,22,7,4,3,0,1,1,0,4,5,0,18,5,11,0,0,1,1,14,8,1,0,1,1,0,13,58,9
"COG2768",190,88,164,92,122,146,40,79,120,140,41,44,135,137,56,111,98,134,121,124,120,118,86,89,119,160,14,158,173,86,120,169,115,45,110,105,48,134,117,105,121,54,143,146,223,125,127,159,111,71,71,98,84,75,129,94,307,139,72,62
"COG2770",0,0,0,1,0,11,0,3,1,1,5,0,0,0,0,0,1,0,0,16,0,0,0,0,0,2,0,11,2,0,0,2,6,0,0,0,0,0,0,0,0,0,0,3,0,0,0,0,6,4,1,45,0,0,3,0,0,0,27,5
"COG2771",78,375,1,7,4,24,33,9,46,6,21,522,6,7,1,81,66,3,1,17,7,1,4,9,12,7,23,91,7,18,6,14,48,27,15,3,8,10,7,5,24,16,13,55,14,63,12,11,3,5,89,34,5,12,5,23,38,73,166,25
"COG2801",1267,3649,834,760,1324,1099,1745,804,720,720,1227,2223,500,710,450,1370,798,801,425,352,710,1091,812,1174,788,877,2496,460,725,435,925,684,1357,603,688,1199,1171,780,783,456,931,437,1176,529,663,521,1084,783,505,1634,409,921,573,1868,631,683,1150,1419,590,810
"COG2804",226,582,176,71,86,160,50,148,70,131,87,281,110,49,64,93,49,93,78,35,99,64,82,107,36,41,33,413,102,30,271,67,102,33,69,212,20,139,104,171,87,92,55,141,49,37,75,202,99,84,104,230,182,260,85,78,206,225,104,44
"COG2805",136,349,162,57,88,122,29,111,80,99,55,94,132,56,68,42,34,103,64,48,79,71,82,150,15,61,11,272,113,25,168,44,69,23,58,162,28,123,41,154,66,85,101,100,37,25,81,198,90,83,74,104,142,176,100,97,187,116,53,48
"COG2807",12,100,1,2,0,6,23,1,38,0,5,157,1,0,0,16,15,7,6,3,0,2,1,1,2,5,3,61,5,4,0,2,12,6,16,4,1,5,17,0,18,6,16,26,3,14,33,2,1,3,39,178,1,1,2,4,3,12,60,12
"COG2812",570,364,516,441,592,596,594,638,467,543,509,303,518,491,575,535,503,605,538,520,535,546,645,539,482,494,521,459,592,513,564,619,560,556,547,577,569,617,418,494,508,482,613,525,402,524,547,544,485,547,384,504,621,592,509,581,710,538,509,622
"COG2813",42,149,13,2,20,61,10,14,11,6,65,149,10,3,3,108,9,15,1,4,6,1,4,9,7,13,8,66,3,7,10,3,13,3,9,14,3,20,6,11,16,8,2,22,7,13,5,19,2,2,19,82,5,26,2,12,26,39,48,33
"COG2814",65,342,87,130,150,102,236,138,166,127,218,395,33,106,83,302,133,174,101,72,129,291,226,65,112,148,201,218,79,168,125,136,238,177,179,105,188,58,144,126,131,91,129,135,84,158,196,94,111,183,238,141,108,156,152,79,469,91,367,199
"COG2815",320,121,120,98,98,255,14,154,43,94,42,63,146,53,97,423,15,108,59,44,61,16,70,74,22,84,21,117,128,29,157,86,22,39,65,131,27,140,34,115,56,135,98,121,103,28,43,201,66,51,64,299,113,153,65,109,150,149,46,14
"COG2816",83,120,137,130,135,157,134,119,114,141,164,141,154,112,107,242,153,176,124,124,141,129,134,147,77,80,187,95,143,127,104,88,95,161,129,139,180,101,82,104,140,113,111,157,140,121,134,61,144,165,98,74,125,144,128,169,126,66,118,137
"COG2818",11,62,30,35,59,33,20,31,55,23,10,56,35,52,41,18,50,19,59,61,49,24,7,16,56,28,15,45,27,61,62,112,62,64,80,81,15,87,87,69,58,69,73,99,38,108,74,41,72,15,97,105,47,47,109,52,17,84,79,29
"COG2819",130,28,136,119,93,96,36,95,86,122,37,0,156,85,111,25,112,84,80,79,101,97,100,57,145,122,25,93,64,55,72,52,64,37,72,141,54,109,62,136,55,72,68,112,257,48,51,107,103,70,46,154,88,97,95,56,155,41,106,34
"COG2820",111,126,155,124,158,76,141,194,171,133,117,153,142,151,137,53,156,125,170,119,156,123,144,179,158,129,100,116,116,128,116,198,114,183,164,140,142,128,185,127,149,109,215,136,171,145,174,151,126,134,135,118,119,164,167,133,72,151,156,140
"COG2821",10,36,1,1,1,3,8,1,5,9,4,39,1,2,0,7,4,0,4,0,0,1,1,2,2,8,1,17,0,5,3,11,17,6,9,0,8,3,4,4,15,3,1,21,5,8,14,1,0,1,9,9,9,5,10,17,1,12,34,15
"COG2822",8,68,0,1,0,7,3,1,2,0,3,66,1,1,0,7,2,0,0,2,0,0,0,1,0,1,0,10,2,1,0,0,6,3,3,0,0,4,1,1,5,1,1,9,2,5,1,0,0,3,12,73,0,2,0,1,2,7,28,6
"COG2823",6,37,0,1,1,5,8,2,5,1,18,68,3,6,0,4,8,1,0,1,5,1,0,0,9,5,2,30,1,7,0,10,12,5,8,3,2,2,3,1,5,3,2,21,8,15,14,1,0,3,15,12,15,1,6,14,1,25,50,34
"COG2824",10,37,0,1,0,22,12,0,5,1,2,64,2,0,0,15,11,1,1,3,1,2,0,0,1,1,5,14,2,0,0,2,10,2,3,1,3,8,1,0,3,5,2,10,1,9,10,0,0,1,12,34,1,1,3,4,0,10,21,1
"COG2825",5,40,0,16,5,6,12,6,14,7,39,60,5,8,6,11,20,1,9,9,5,0,2,8,11,7,1,19,2,32,7,8,40,5,16,2,3,2,9,9,17,32,9,15,12,29,16,3,7,1,49,11,6,3,5,19,3,11,36,27
"COG2826",1753,187,314,128,320,934,72,329,399,383,328,198,231,226,291,533,145,381,550,78,136,480,234,538,87,178,433,392,703,47,328,332,3572,227,221,298,3306,411,153,950,219,1114,95,247,1079,168,205,518,209,435,83,749,599,216,298,329,216,172,64,241
"COG2827",57,29,20,14,5,79,11,30,24,34,12,30,20,16,25,33,16,27,12,15,13,16,15,14,10,25,2,15,24,5,13,27,20,10,17,31,7,49,22,13,22,9,15,15,24,3,24,15,30,22,26,89,13,20,18,11,47,18,33,12
"COG2828",8,58,4,7,2,36,9,6,7,20,4,73,49,15,3,17,10,8,10,6,21,0,2,6,6,34,7,24,21,22,19,5,15,5,9,2,3,9,7,1,4,9,15,16,9,14,7,5,10,5,6,12,6,8,8,7,50,16,21,13
"COG2829",5,47,53,1,7,9,4,3,32,19,11,56,0,5,4,3,12,8,22,6,3,0,1,7,7,17,6,18,3,13,1,5,11,2,3,0,3,0,27,3,5,3,2,5,0,7,0,12,2,0,3,2,2,1,7,1,0,13,22,8
"COG2830",2,4,41,31,35,4,28,12,22,13,31,0,33,40,31,2,48,13,52,48,37,20,2,8,41,38,1,15,12,59,29,88,91,57,50,47,4,21,83,60,84,67,71,75,49,81,57,59,76,7,84,2,49,16,92,61,1,26,70,53
"COG2831",1,5,3,5,0,4,9,10,33,12,69,0,4,24,0,2,13,4,15,27,16,5,0,15,10,29,11,14,9,5,74,22,29,11,7,4,1,20,35,1,1,24,31,16,50,18,11,8,2,5,94,51,16,0,28,30,5,34,49,58
"COG2832",42,53,9,9,7,23,6,9,14,18,8,55,23,27,44,33,5,34,13,11,19,26,15,12,3,17,4,32,49,6,7,14,28,10,10,27,15,13,39,7,17,6,15,25,15,12,16,18,5,11,13,113,20,13,10,13,64,16,25,6
"COG2834",37,42,3,2,0,6,6,24,9,12,51,68,2,5,2,9,6,1,6,2,6,1,2,4,4,8,4,27,4,4,19,4,12,5,7,16,1,17,5,5,14,2,3,14,4,6,9,7,2,2,8,14,4,29,17,15,0,21,20,20
"COG2835",1,7,0,0,2,2,3,2,1,0,0,21,0,1,0,5,0,1,0,0,0,1,0,1,3,3,1,5,0,1,0,1,3,0,1,0,1,1,1,1,2,1,0,1,1,1,3,0,0,1,3,1,1,0,3,3,0,2,8,2
"COG2836",0,1,5,1,2,4,0,12,1,9,1,0,2,6,1,0,0,1,1,18,5,0,4,3,0,23,0,0,3,11,4,2,5,2,6,1,2,9,0,1,3,0,0,7,5,0,0,3,4,4,0,12,13,12,7,39,25,5,3,5
"COG2837",11,111,6,29,14,8,11,5,17,10,4,103,30,6,31,18,18,1,19,23,34,3,1,9,11,13,7,43,7,44,9,14,15,13,22,1,1,11,30,12,27,57,7,31,19,50,38,9,11,5,66,148,17,3,49,8,1,19,68,11
"COG2839",0,0,8,17,17,3,8,12,15,11,3,1,3,29,12,1,18,3,20,17,13,7,1,1,25,16,1,5,1,34,7,25,22,8,9,2,3,5,19,27,24,26,20,30,21,41,19,6,26,0,23,0,11,1,12,5,0,7,16,7
"COG2840",6,71,4,0,4,8,8,1,7,5,33,93,0,3,0,18,5,1,1,1,0,4,1,0,8,3,1,24,2,12,0,6,18,2,4,1,2,3,1,1,5,2,8,12,7,5,9,2,0,1,10,7,4,1,3,12,1,19,36,25
"COG2841",2,12,0,0,0,0,2,2,0,0,1,26,0,0,0,1,1,0,0,1,3,1,0,0,1,1,1,2,0,1,0,0,2,0,1,0,1,0,0,0,0,1,0,1,0,3,0,0,0,0,2,1,0,0,0,0,0,1,0,0
"COG2842",0,2,23,10,7,0,4,7,15,5,3,5,30,26,24,5,7,4,7,4,11,0,4,9,6,10,7,1,1,9,22,16,3,12,20,29,8,17,13,11,13,45,54,12,11,13,11,3,11,3,14,2,28,3,19,81,10,42,10,17
"COG2843",245,154,354,306,256,256,57,208,201,222,92,25,299,282,257,299,229,198,268,240,281,136,79,545,252,268,39,286,245,283,284,196,135,140,164,277,99,310,179,314,221,315,154,263,168,282,176,349,270,87,171,292,244,165,287,266,184,217,119,90
"COG2844",43,198,2,0,50,96,28,18,14,7,116,198,6,8,0,358,12,38,4,5,8,2,6,11,8,13,7,38,11,26,8,7,24,2,14,5,7,8,2,8,45,5,6,32,10,14,18,4,0,6,11,42,23,3,8,44,196,29,41,74
"COG2845",0,0,1,0,0,0,1,0,1,1,0,0,0,1,0,0,0,0,3,0,0,1,0,0,0,0,0,1,0,1,0,2,4,0,4,0,0,0,0,0,5,0,0,1,2,0,1,0,0,0,0,0,0,0,0,0,0,0,0,1
"COG2846",11,29,12,23,84,18,25,19,38,40,9,38,34,49,33,10,58,72,24,46,45,188,3,20,82,30,66,45,16,69,38,63,57,19,38,48,6,34,14,68,63,52,57,15,15,59,18,38,40,6,19,11,38,8,41,72,2,20,62,19
"COG2848",209,70,189,98,143,206,202,125,114,212,185,66,197,102,137,219,118,271,120,132,141,233,307,205,58,147,309,159,225,43,201,113,151,166,159,204,169,223,98,132,143,74,152,123,197,48,111,264,142,256,66,306,270,235,109,189,252,110,157,190
"COG2849",1,18,34,85,87,2,58,30,48,37,10,0,19,29,55,1,81,33,75,27,36,14,0,12,62,161,7,15,7,55,13,79,120,69,48,44,3,36,124,108,86,81,158,83,65,109,54,19,48,7,293,10,99,2,81,26,5,17,127,7
"COG2850",11,47,0,2,1,7,2,2,4,0,1,80,1,1,0,14,6,0,0,5,2,1,0,1,30,6,3,32,1,1,1,3,10,0,3,1,3,1,4,2,2,5,1,27,1,15,3,0,1,3,6,16,1,0,3,16,0,8,59,10
"COG2851",7,7,27,36,12,81,8,20,16,20,3,39,174,27,17,0,34,33,18,17,33,9,25,38,14,87,11,16,27,23,10,34,10,28,26,13,11,22,16,16,12,18,28,27,16,6,18,9,25,22,41,3,8,10,20,56,57,5,12,19
"COG2852",1,12,9,2,9,12,5,11,6,29,15,6,3,9,0,2,34,12,13,8,7,3,4,19,12,5,4,11,0,1,24,7,18,14,13,38,12,13,6,26,39,4,6,23,72,2,9,27,7,28,7,1,17,51,14,15,5,31,21,15
"COG2853",8,41,11,0,2,7,16,6,10,11,44,82,4,4,0,10,10,4,7,2,8,2,0,4,5,11,5,19,2,15,2,6,6,8,5,3,4,4,1,3,11,4,19,13,5,6,13,1,0,2,14,7,8,3,16,15,1,14,46,20
"COG2854",6,32,4,1,3,7,13,2,6,16,57,49,0,5,0,8,2,1,8,3,6,3,1,2,6,6,5,13,2,7,2,6,6,4,4,3,1,4,3,0,6,4,9,9,3,2,16,1,1,1,3,7,6,2,20,16,0,6,26,22
"COG2855",138,212,147,182,148,139,230,162,260,133,159,129,103,212,127,268,183,133,235,180,212,204,266,132,171,108,118,177,47,173,129,206,187,315,229,122,426,192,277,170,177,114,181,191,128,257,168,105,151,30,133,239,115,213,162,111,168,130,158,455
"COG2856",21,60,94,178,96,157,158,277,164,223,181,158,117,105,82,87,85,85,73,29,74,67,242,304,54,50,133,85,39,29,135,87,217,108,31,148,294,155,97,75,78,105,186,96,121,150,137,89,128,51,56,117,96,186,67,77,66,141,75,335
"COG2859",8,8,58,34,82,5,128,110,76,60,120,15,34,90,49,4,89,97,73,50,55,155,130,118,119,51,180,38,17,85,52,92,69,148,73,56,197,30,56,99,77,34,69,57,34,46,92,45,73,92,32,0,67,105,59,59,3,13,75,131
"COG2860",123,124,81,73,119,85,48,46,92,63,34,160,35,90,83,149,116,92,95,74,79,63,40,48,114,80,52,103,65,93,47,93,109,60,94,90,18,44,120,81,151,88,76,100,67,106,60,54,81,34,71,90,74,42,99,65,143,74,114,56
"COG2861",9,63,3,3,4,7,13,8,19,15,9,83,4,5,3,17,26,8,8,3,4,3,6,13,10,14,12,18,13,4,7,18,7,5,10,2,5,2,8,3,6,9,9,7,20,13,6,4,3,6,25,12,1,5,38,12,2,19,29,20
"COG2862",8,44,1,0,0,3,10,2,5,0,3,71,0,0,0,6,8,0,1,0,0,0,1,0,4,6,2,12,0,4,0,2,10,0,2,2,3,6,2,1,8,1,7,7,0,6,10,0,0,1,7,14,2,1,0,14,0,15,23,4
"COG2863",0,0,0,0,0,0,3,0,1,0,2,0,0,0,0,0,0,1,1,0,0,0,0,0,0,0,0,0,0,0,0,1,0,0,0,0,0,1,0,0,1,0,3,3,0,0,1,0,0,0,0,1,0,0,0,3,1,0,1,0
"COG2864",9,64,0,1,0,6,1,4,8,8,5,106,1,3,0,14,14,0,3,6,7,5,0,1,5,4,7,29,1,13,1,8,12,5,6,3,3,6,0,6,8,4,3,10,8,7,4,1,0,0,10,8,3,0,1,19,1,12,50,7
"COG2865",667,428,514,473,588,708,729,1172,633,836,1053,35,503,416,586,614,404,500,644,642,604,1069,1269,899,440,451,1510,502,539,612,488,471,643,1095,734,451,619,754,473,567,714,498,471,415,406,403,568,696,441,1961,369,324,588,797,699,535,337,512,500,507
"COG2866",253,53,62,63,41,15,11,64,72,105,27,65,24,67,96,18,41,19,45,45,83,4,24,186,115,18,6,120,131,15,173,50,22,25,52,66,11,74,29,88,95,72,106,72,35,110,61,73,38,6,50,84,52,54,106,43,19,106,29,24
"COG2867",9,30,0,0,0,2,2,1,3,0,2,49,1,0,0,3,2,0,0,1,0,0,0,0,2,0,4,5,1,0,0,0,7,3,2,0,0,0,1,1,2,2,0,7,0,3,1,0,1,0,4,4,0,0,0,0,0,2,19,2
"COG2868",58,6,59,24,31,46,17,37,23,58,28,16,51,26,50,35,13,47,22,46,31,27,27,49,11,16,5,50,70,16,68,28,28,19,12,42,23,60,17,35,30,25,47,30,21,12,27,41,29,18,21,62,50,53,20,37,78,56,24,12
"COG2869",3,36,57,65,63,11,85,89,63,69,106,6,30,77,21,5,90,79,97,46,61,82,86,90,68,52,102,47,8,81,34,58,76,93,94,53,95,15,103,59,76,35,73,52,36,111,82,34,59,77,52,5,36,72,54,60,3,40,73,109
"COG2870",9,121,17,17,42,3,44,19,52,17,258,107,14,31,13,27,34,38,31,37,33,67,26,17,47,28,24,87,41,25,45,45,79,26,35,24,9,27,39,36,53,37,80,41,44,27,77,7,14,31,62,52,23,41,61,34,176,39,74,64
"COG2871",7,50,95,109,88,18,199,197,125,93,202,2,93,111,78,27,106,133,177,94,114,137,137,143,114,77,163,76,26,134,65,112,107,142,150,107,178,41,170,98,192,89,130,73,56,114,157,87,110,148,89,16,95,133,142,123,1,45,107,194
"COG2872",124,23,58,45,53,167,17,36,81,77,39,48,102,44,50,44,40,49,48,46,66,29,44,44,28,93,6,68,110,23,62,50,40,46,50,54,39,103,29,32,57,80,59,39,149,18,31,93,51,57,56,106,63,49,69,28,62,91,66,25
"COG2873",593,292,525,448,433,468,742,510,418,461,666,135,612,443,591,478,402,590,505,535,442,657,620,560,479,567,697,417,644,506,548,450,392,569,514,511,700,537,241,502,373,363,472,548,529,305,474,441,562,815,297,436,555,610,383,536,620,331,345,672
"COG2875",83,52,104,160,110,90,78,78,115,73,40,22,185,147,186,51,116,49,96,131,146,112,71,59,150,210,10,117,142,128,106,150,77,115,102,68,36,132,92,127,80,147,155,179,189,139,125,118,125,50,121,76,118,51,146,102,179,82,96,61
"COG2876",134,78,212,196,178,143,355,239,228,211,183,49,229,224,160,62,267,219,231,201,201,322,293,246,260,288,208,179,144,191,189,216,275,206,220,190,234,200,211,207,220,161,247,221,346,183,227,177,211,219,207,67,169,201,238,154,405,142,179,231
"COG2877",18,99,85,102,135,17,186,52,131,114,161,76,85,139,110,23,162,121,156,96,80,260,103,74,136,121,163,100,48,171,58,133,150,156,148,92,209,64,142,93,116,115,148,103,80,122,108,55,112,160,119,29,83,98,120,98,110,59,141,183
"COG2878",111,66,172,130,142,109,218,93,145,142,148,86,170,124,131,47,116,163,175,134,120,99,172,116,139,118,159,131,160,79,138,154,118,125,151,138,137,128,115,168,155,132,183,179,205,130,90,181,167,165,117,77,130,170,152,163,40,88,143,184
"COG2879",6,24,0,0,0,2,3,0,2,0,2,47,1,0,0,4,1,0,0,0,0,0,0,0,3,1,4,13,1,1,0,1,8,0,5,0,0,2,0,0,2,1,1,3,0,4,0,0,0,1,9,5,0,0,0,2,0,7,18,2
"COG2882",1,28,0,0,0,4,2,0,1,0,31,41,2,1,0,2,2,0,0,2,1,0,0,0,2,0,0,8,0,1,0,0,3,0,1,0,2,0,0,1,2,3,0,5,2,4,0,0,0,0,2,1,0,0,0,1,1,5,0,11
"COG2884",155,149,203,155,190,153,159,246,174,169,162,104,184,169,142,221,164,202,160,230,176,145,214,228,189,157,174,163,164,149,195,193,165,176,178,201,197,193,166,183,187,206,180,150,174,153,167,245,173,226,102,128,183,241,176,211,205,215,139,181
"COG2885",127,329,334,262,167,65,646,294,369,421,729,329,137,230,158,61,335,267,463,357,230,707,748,483,349,336,1178,253,44,481,139,340,382,546,579,215,895,84,395,200,234,225,299,304,182,365,448,190,239,637,332,85,184,479,229,183,20,227,339,571
"COG2887",37,86,11,0,75,146,0,1,1,16,0,0,7,0,1,666,0,85,5,1,4,0,11,0,0,0,0,0,20,6,8,4,1,0,2,1,1,6,0,2,55,0,0,3,0,16,1,12,6,5,6,33,1,0,34,0,297,23,5,0
"COG2890",208,210,200,173,205,239,282,246,220,182,329,196,245,208,220,297,206,257,216,244,194,240,279,222,175,238,204,224,214,204,244,169,226,210,227,221,302,217,159,212,171,181,198,214,191,171,205,210,203,256,133,217,221,219,218,217,196,194,208,268
"COG2891",7,50,0,1,0,8,13,3,10,7,35,74,0,5,0,7,13,0,1,1,8,0,1,1,5,9,1,16,2,9,4,3,10,6,8,3,3,4,5,2,8,0,1,4,2,6,11,0,0,1,3,99,7,1,5,4,5,6,24,15
"COG2893",104,199,30,61,38,132,43,43,32,32,12,230,85,47,56,115,35,54,11,23,67,95,34,21,64,81,21,66,104,48,25,33,65,26,31,74,5,109,62,20,43,29,46,54,212,16,67,23,26,42,56,372,34,35,33,45,354,65,137,24
"COG2894",116,89,112,45,74,78,27,86,52,89,87,111,98,75,111,50,26,90,44,46,56,48,57,73,13,38,7,106,199,21,149,57,45,37,55,124,28,164,30,97,51,74,56,77,57,45,63,143,72,78,39,114,87,122,51,106,158,164,58,54
"COG2895",175,141,123,163,190,69,51,95,119,63,52,88,104,142,156,45,154,221,142,85,114,43,49,112,169,127,31,136,229,124,175,152,139,79,99,159,74,117,119,168,166,109,183,171,97,145,90,105,150,252,82,88,158,67,181,196,33,91,153,89
"COG2896",114,83,66,36,28,172,48,35,52,76,32,110,96,38,47,72,42,57,28,53,58,73,63,30,25,101,36,63,128,37,48,43,66,45,37,51,51,126,31,21,49,11,69,77,112,8,53,87,71,50,118,114,53,74,63,70,188,93,90,48
"COG2897",16,90,3,4,4,38,8,3,8,9,4,148,7,3,2,12,7,3,3,2,4,1,7,3,9,6,10,38,3,10,6,10,18,4,8,3,6,14,4,3,6,3,3,7,4,10,18,0,0,3,8,30,10,5,9,13,1,22,46,6
"COG2898",34,45,7,4,36,88,6,1,7,6,3,20,10,8,5,339,5,30,1,4,4,0,13,18,3,19,1,0,29,7,4,10,2,2,5,7,2,24,19,1,30,4,1,13,11,6,14,6,8,0,39,313,9,6,11,17,171,0,8,5
"COG2900",5,12,0,1,0,1,6,1,2,0,3,33,0,0,0,3,1,0,0,0,0,1,0,0,1,1,2,8,0,1,0,0,6,0,1,0,2,1,1,0,1,1,0,0,2,5,0,0,0,0,3,6,1,0,0,2,0,6,8,2
"COG2901",4,41,0,0,1,3,8,3,6,0,3,55,1,0,0,5,9,1,1,0,0,1,0,0,1,1,3,10,0,2,0,4,5,2,4,0,0,3,1,1,3,2,3,9,3,10,3,1,0,2,8,3,2,1,1,8,1,6,13,0
"COG2904",10,60,6,0,0,5,10,3,9,5,49,100,2,4,0,7,5,1,3,3,3,1,0,2,3,5,3,25,2,2,0,2,8,0,2,0,0,0,16,0,4,1,0,3,3,1,6,1,0,0,5,1,2,1,0,7,0,8,15,10
"COG2906",4,14,0,0,0,3,2,1,2,0,0,35,0,0,0,3,0,0,0,0,0,0,1,0,0,0,2,2,0,1,0,0,3,1,0,0,0,0,0,0,2,1,0,3,0,2,0,0,0,0,2,3,0,0,0,1,0,1,4,1
"COG2907",0,0,0,0,0,1,0,0,2,3,1,0,0,0,0,0,0,0,0,0,0,0,0,0,0,0,0,9,1,0,0,0,2,0,0,0,0,0,0,0,2,0,0,0,0,0,0,0,0,0,0,0,0,0,15,0,0,0,26,5
"COG2908",20,153,89,128,125,19,161,82,147,86,181,87,84,144,109,32,184,156,145,140,125,209,145,137,192,161,158,123,36,192,66,140,160,199,152,116,168,45,188,131,151,150,142,132,84,187,147,77,135,131,162,9,145,118,112,126,3,71,159,180
"COG2909",68,67,23,19,16,16,10,36,17,48,17,59,35,18,16,13,17,32,19,26,28,3,27,31,6,9,11,42,14,6,28,51,47,22,18,45,14,78,25,40,40,48,16,104,43,16,17,43,30,22,33,51,81,27,35,23,31,100,92,59
"COG2910",4,24,43,22,21,30,2,6,15,40,37,2,10,12,52,6,4,18,18,8,16,0,2,8,21,11,0,7,3,18,17,8,10,5,20,1,21,13,56,6,21,35,11,7,11,24,7,5,3,6,46,5,15,20,18,8,88,19,5,13
"COG2911",20,117,4,9,27,13,62,27,63,18,233,244,4,20,0,45,33,56,24,30,15,146,89,22,14,61,12,43,76,6,37,48,133,28,21,60,28,48,40,9,54,24,42,58,28,39,112,10,7,55,72,101,7,23,21,81,464,54,106,124
"COG2912",8,33,0,0,1,5,6,4,8,0,1,62,1,1,0,10,7,0,0,2,1,0,0,0,0,5,4,16,1,1,0,1,11,5,1,0,6,1,2,1,4,3,0,10,1,6,1,1,1,0,0,9,1,0,1,4,1,12,26,11
"COG2913",8,34,1,0,0,1,4,2,2,3,31,45,2,0,0,6,10,1,1,1,1,1,1,1,3,4,0,14,1,8,1,1,8,0,5,1,2,4,0,1,3,5,1,8,1,5,1,1,0,3,5,13,7,1,5,19,0,4,11,20
"COG2914",1,20,0,2,0,2,4,0,4,0,1,27,0,0,0,6,5,0,0,0,1,0,1,0,1,2,0,9,0,0,0,1,2,0,2,0,2,0,0,0,1,0,0,1,0,3,0,0,0,0,6,4,0,0,1,5,0,1,18,6
"COG2915",1,25,0,0,0,3,3,2,2,0,33,39,1,0,0,2,3,0,0,0,0,0,0,1,0,2,2,19,0,0,0,0,5,0,2,0,4,3,0,2,1,2,0,7,0,1,1,0,0,0,3,4,1,0,0,10,1,6,8,14
"COG2916",6,42,0,0,1,6,3,4,7,1,22,148,0,0,0,19,12,2,1,2,2,1,0,1,5,4,2,15,2,6,0,4,23,0,2,0,2,2,0,2,3,0,6,9,4,10,4,0,0,0,4,5,2,0,2,6,1,7,57,18
"COG2917",5,27,0,1,7,4,7,1,2,2,19,39,1,4,0,7,5,0,3,0,0,0,2,1,5,4,8,9,0,3,0,1,1,1,4,2,3,1,2,2,8,0,4,6,3,8,12,1,0,0,8,6,5,2,3,12,0,7,28,10
"COG2918",14,74,7,15,1,24,13,16,7,1,6,86,2,0,1,25,6,3,1,9,49,1,0,1,45,16,5,23,5,3,1,20,97,3,4,1,8,11,35,3,154,11,0,15,2,10,64,2,4,4,14,194,4,3,6,115,26,15,55,6
"COG2919",7,30,4,1,13,28,4,1,1,6,17,23,3,3,1,118,2,12,3,1,0,0,5,4,0,6,0,8,5,3,0,2,6,2,2,1,1,6,3,2,17,3,3,5,3,4,2,1,0,3,5,88,3,5,3,10,55,6,20,16
"COG2920",3,31,1,1,0,2,2,5,3,1,29,42,0,0,0,7,6,3,0,0,2,0,0,0,3,2,3,14,0,3,0,6,3,2,2,0,2,2,4,0,4,0,0,4,1,7,0,1,1,0,8,3,2,2,0,5,0,4,16,11
"COG2921",3,18,1,0,2,2,2,1,1,1,2,34,1,0,0,3,6,4,1,0,0,0,1,0,1,4,4,11,0,2,0,2,2,0,3,0,2,0,1,0,4,1,4,4,1,1,4,0,0,0,1,6,2,1,0,5,0,6,11,0
"COG2922",11,27,0,0,0,8,4,1,4,0,1,34,2,0,0,5,7,0,0,0,0,0,0,0,2,1,6,12,1,2,0,4,4,3,0,0,0,0,0,0,1,0,0,3,0,7,0,0,1,0,4,5,0,0,1,0,0,13,31,7
"COG2923",5,26,0,0,0,6,2,1,5,0,3,44,2,0,0,3,2,0,0,1,0,0,0,0,1,0,3,12,1,4,0,0,6,1,1,0,0,1,0,0,2,0,0,3,1,5,0,0,1,2,5,4,1,0,1,8,0,2,14,4
"COG2924",4,27,0,0,1,4,3,1,4,1,1,33,0,2,0,5,1,1,0,3,2,0,0,0,0,2,2,11,1,4,0,1,3,1,1,1,3,0,1,1,7,3,3,4,1,6,14,0,0,3,0,1,5,4,3,10,0,6,6,2
"COG2925",7,43,0,2,5,8,9,7,9,4,5,51,3,6,0,7,10,4,6,2,4,0,1,4,8,10,2,20,0,14,0,8,12,3,9,4,5,5,1,2,4,4,2,14,3,7,25,1,0,6,5,15,15,2,2,22,0,5,36,9
"COG2926",2,33,0,0,0,1,5,0,4,0,1,39,2,0,0,10,2,0,7,0,2,0,0,0,2,3,6,2,0,3,0,0,10,5,3,0,0,1,1,0,2,3,8,2,3,6,0,0,0,0,10,11,0,0,0,4,1,5,13,4
"COG2927",4,44,2,1,0,3,5,2,5,1,6,71,1,3,1,7,6,0,0,1,2,1,1,2,4,3,3,17,0,4,0,1,6,1,2,0,1,1,1,1,1,2,2,7,3,4,8,0,2,3,2,8,5,1,13,11,0,9,13,7
"COG2928",0,1,2,0,2,0,9,0,0,0,0,0,0,1,0,0,0,2,10,0,0,23,8,0,0,2,0,0,17,0,0,0,18,7,3,5,5,1,4,1,0,2,12,1,0,1,2,0,0,2,13,3,6,0,4,0,69,0,1,1
"COG2929",2,12,5,0,1,21,1,11,19,17,9,55,0,6,15,5,21,9,8,7,7,1,4,3,23,18,6,9,0,3,6,4,0,2,11,7,4,9,12,0,22,0,1,8,2,0,0,9,2,3,0,9,3,5,13,3,2,5,2,1
"COG2931",0,7,90,74,32,13,3,40,11,48,16,0,15,14,74,4,12,9,31,7,39,5,1,62,35,9,4,38,13,32,25,13,39,7,21,79,1,19,47,28,36,121,17,23,27,93,86,42,45,6,156,2,33,19,138,11,1,13,22,14
"COG2932",65,69,72,34,37,70,25,49,60,63,44,28,102,71,76,39,66,20,34,29,74,30,31,39,32,47,15,73,103,21,55,40,40,31,31,74,19,74,26,35,51,68,51,55,54,31,36,29,50,60,34,158,59,46,56,82,35,94,51,33
"COG2933",6,42,1,1,1,9,8,2,5,0,4,72,0,1,0,8,3,1,1,1,0,0,0,1,1,6,4,12,1,0,0,4,10,0,7,0,4,2,1,2,4,0,0,6,2,5,2,1,0,3,7,14,2,0,0,10,1,7,25,6
"COG2935",0,0,0,0,4,0,4,0,9,0,2,0,0,0,0,0,1,1,0,0,0,0,1,0,0,0,0,0,1,0,1,0,0,0,0,1,0,0,3,0,10,0,0,12,0,0,0,0,0,0,0,0,3,1,0,0,0,0,0,0
"COG2936",20,29,56,70,115,37,77,35,50,65,14,24,92,171,127,16,187,131,104,159,82,74,7,52,92,106,1,69,61,199,32,64,85,74,99,36,13,80,45,75,49,59,70,67,52,52,56,110,126,33,38,2,57,36,37,87,3,43,67,22
"COG2937",23,153,0,3,0,13,17,7,10,0,143,220,4,0,0,26,15,0,1,6,3,1,0,1,7,15,5,71,3,4,1,0,17,5,9,1,3,5,0,1,5,4,0,8,4,11,2,0,0,3,7,14,1,1,0,8,1,11,23,34
"COG2938",1,30,0,0,0,2,1,0,3,0,3,42,2,0,0,5,2,0,0,1,1,0,0,0,0,2,0,8,1,2,0,0,3,3,1,1,0,2,1,0,0,1,0,0,0,4,0,0,0,1,4,7,0,1,0,5,0,2,15,7
"COG2939",0,11,0,0,1,0,0,0,0,0,2,0,0,0,0,0,5,19,2,0,0,0,3,0,0,0,1,1,0,0,0,0,0,0,2,3,0,0,2,0,3,0,1,2,0,0,0,3,0,9,0,2,0,4,0,0,0,10,0,0
"COG2942",229,233,163,209,313,109,169,122,261,177,206,172,122,228,217,230,289,153,233,241,274,289,236,156,291,171,288,242,156,234,168,312,189,258,272,245,244,118,237,233,276,384,206,220,154,352,130,222,202,204,199,78,107,187,245,135,122,144,190,356
"COG2943",19,125,3,2,0,8,9,2,9,8,10,168,2,0,0,20,13,0,3,1,0,0,0,0,3,4,3,41,1,4,1,1,12,3,8,0,0,2,2,1,3,2,2,12,6,9,3,0,1,1,13,16,1,1,23,2,1,32,71,15
"COG2944",13,51,9,0,5,3,2,5,9,21,1,44,2,1,8,25,12,7,0,5,18,0,0,12,1,7,6,15,8,5,4,2,8,1,5,10,0,16,1,3,8,7,0,6,38,31,5,1,6,5,28,5,1,3,1,5,0,12,17,13
"COG2945",0,0,2,0,3,0,0,0,0,1,0,0,0,0,0,0,0,0,2,0,0,0,0,0,0,0,0,0,0,0,0,2,0,0,0,0,0,0,0,0,0,0,2,0,0,0,3,0,0,0,0,0,0,1,6,6,1,0,5,0
"COG2946",380,85,78,97,49,243,26,157,68,64,42,323,197,50,155,121,14,53,37,135,41,26,62,86,22,147,6,74,187,42,86,102,51,40,38,92,50,172,62,40,31,62,69,78,146,30,31,87,65,84,81,412,46,23,66,119,158,67,52,24
"COG2947",0,0,0,1,1,1,4,2,6,4,5,0,0,2,0,0,1,0,4,0,6,1,0,5,3,3,0,0,0,6,1,0,1,0,2,0,1,1,3,1,7,0,2,5,0,0,11,0,1,0,0,0,1,0,4,0,0,0,0,0
"COG2948",7,1,18,0,2,0,3,4,2,20,0,0,3,0,0,37,5,0,9,0,5,57,1,0,5,5,6,0,0,4,1,9,31,8,0,0,1,3,2,0,0,0,3,2,5,0,0,1,0,0,0,6,2,0,65,0,0,2,34,5
"COG2949",8,65,26,41,12,4,14,24,14,26,85,67,8,6,8,10,18,18,28,8,17,1,1,22,17,6,13,39,3,42,52,8,23,7,9,30,2,29,33,54,47,12,8,22,12,31,16,31,13,6,52,11,33,42,11,13,2,53,31,31
"COG2951",17,64,6,2,4,6,9,5,14,7,54,83,5,3,0,16,9,5,7,6,5,1,0,3,8,9,5,16,1,8,2,6,13,2,10,1,3,3,1,1,8,5,4,8,8,13,20,1,0,0,20,13,8,3,15,18,1,8,26,37
"COG2954",124,34,105,124,100,105,171,123,98,116,204,31,94,111,110,188,133,146,111,111,100,192,246,91,98,93,274,61,110,108,120,74,104,220,166,93,274,106,98,102,112,111,111,101,82,91,104,93,93,239,82,51,147,147,67,118,94,78,110,181
"COG2956",7,40,0,1,4,5,17,7,6,4,67,61,2,5,0,9,9,0,2,3,10,1,0,3,1,6,4,22,1,8,3,5,9,3,12,0,10,12,1,3,2,3,6,10,8,4,13,1,1,3,6,10,16,1,6,34,0,5,36,25
"COG2957",207,72,137,165,145,53,207,296,126,106,119,0,119,188,157,16,154,184,153,175,117,338,116,264,137,106,137,89,128,251,129,124,161,238,186,159,86,128,139,119,178,166,128,142,92,189,173,108,155,80,119,17,164,130,96,167,26,62,112,108
"COG2958",1,0,0,0,0,1,0,0,0,7,2,9,1,0,0,0,0,0,2,0,1,0,0,38,0,0,1,14,34,2,9,4,3,2,0,10,0,0,6,98,0,0,0,0,35,0,0,0,0,0,0,0,0,18,0,3,0,3,1,1
"COG2959",2,11,0,0,0,16,3,3,1,0,92,14,0,1,0,4,1,0,0,1,0,3,0,0,2,3,2,19,2,0,0,2,17,1,0,0,6,1,0,0,3,2,0,2,3,5,1,0,0,3,4,14,1,0,1,7,0,4,42,24
"COG2960",3,23,0,1,0,1,0,0,0,1,2,45,0,0,0,5,3,0,0,0,0,0,0,1,1,0,5,10,0,1,0,0,4,1,0,0,0,0,0,1,2,1,0,2,0,4,2,0,0,0,2,3,0,0,0,0,1,4,9,2
"COG2961",8,39,14,44,17,16,8,12,6,10,43,56,2,8,29,10,12,1,37,28,48,1,2,23,11,12,8,28,3,51,15,4,39,8,14,3,8,5,22,12,24,58,3,5,10,48,8,5,17,2,50,11,11,2,43,19,0,7,41,20
"COG2962",9,32,3,6,3,11,14,9,38,22,5,56,2,15,0,7,18,15,5,10,10,2,5,14,14,19,5,20,7,29,20,17,11,17,12,5,6,16,14,2,17,12,14,25,18,9,33,5,5,5,33,67,13,12,17,16,18,34,36,23
"COG2963",286,1908,119,52,106,167,92,199,102,46,49,1172,105,99,38,430,271,116,45,52,131,124,131,84,65,169,87,142,158,62,86,110,483,93,77,93,56,186,150,44,129,35,99,128,81,88,109,165,105,55,149,184,106,89,27,129,571,157,137,114
"COG2964",44,57,16,17,10,40,15,9,42,32,9,87,24,22,14,30,17,20,14,22,22,9,10,7,19,31,7,26,18,9,24,45,37,12,34,31,17,68,48,30,79,20,47,26,29,12,45,32,23,27,46,93,20,46,40,34,48,81,50,25
"COG2965",6,15,1,0,1,3,3,2,1,1,1,40,1,3,0,5,3,0,1,2,6,0,2,0,1,3,7,15,0,3,1,4,7,1,4,1,1,4,1,1,3,3,4,6,5,4,8,0,0,2,2,6,2,2,4,20,0,5,16,4
"COG2966",191,155,215,199,209,287,371,297,250,251,251,176,234,235,186,94,308,241,256,257,217,334,326,245,228,322,286,207,245,207,183,272,282,291,275,284,351,319,226,198,275,116,246,211,276,191,326,212,233,334,186,276,217,303,195,270,239,121,242,317
"COG2967",4,32,3,1,0,3,3,0,1,5,3,49,1,0,0,15,2,0,0,0,0,0,0,0,1,1,5,15,1,2,0,0,8,1,4,0,0,0,0,0,2,0,0,4,0,2,1,0,0,0,3,4,0,0,6,0,0,7,12,5
"COG2968",5,62,16,7,26,9,6,27,24,22,59,97,7,12,8,12,19,22,14,12,19,33,18,10,9,24,6,39,25,10,10,22,28,8,15,29,4,22,13,6,15,13,32,15,12,16,28,34,3,15,35,18,11,9,23,13,79,50,23,36
"COG2969",4,34,0,0,2,3,7,0,10,1,39,67,3,2,0,13,5,0,1,3,3,1,0,0,3,1,1,18,3,4,0,6,8,3,6,2,1,3,0,1,8,5,3,10,2,8,8,0,0,1,6,9,6,0,3,5,2,4,13,17
"COG2971",16,17,14,9,13,32,3,22,16,49,4,17,7,4,16,48,1,15,9,15,16,1,4,8,11,2,3,4,38,3,6,8,21,6,9,20,3,21,22,3,11,6,8,14,28,2,15,23,6,3,33,8,8,12,15,19,5,77,9,2
"COG2972",4332,713,1985,1232,1168,2138,145,1582,879,1782,743,1714,1917,892,1927,1381,612,1156,720,1030,1421,535,927,1244,745,1094,457,1580,2434,499,1750,785,580,781,865,1615,807,2221,1198,1426,869,1713,951,1117,1341,641,993,1920,1351,1240,1081,2814,1913,1018,980,1722,1171,1263,530,504
"COG2973",0,4,0,1,0,1,1,0,1,0,0,4,0,0,0,2,0,0,0,3,0,1,0,0,0,0,0,5,0,0,0,0,3,0,1,0,0,1,0,0,0,0,0,0,0,0,0,0,0,0,0,10,0,0,0,3,0,1,7,0
"COG2974",11,190,0,0,0,10,7,2,8,0,38,95,2,0,0,19,9,0,1,0,3,0,1,1,2,4,4,21,0,5,0,6,23,4,0,0,3,4,2,0,2,4,0,6,4,6,1,0,1,0,7,11,1,0,1,15,2,7,27,18
"COG2975",3,15,0,0,3,1,3,2,0,2,2,18,0,1,0,4,2,0,1,0,1,0,0,0,2,1,1,3,0,0,0,2,1,2,1,1,2,1,0,0,2,0,0,3,3,2,1,0,1,0,0,2,2,0,1,3,0,4,8,2
"COG2976",8,49,1,0,2,4,7,0,4,0,44,61,1,0,0,8,6,1,1,5,7,0,0,0,5,7,4,20,0,12,0,3,2,2,7,3,1,3,0,3,5,1,1,6,1,4,8,1,1,2,6,10,8,1,3,7,2,9,18,24
"COG2977",7,28,4,0,0,2,1,0,5,0,1,42,0,0,0,38,4,0,3,1,20,38,0,0,1,1,3,15,1,5,0,0,1,0,2,0,0,0,0,0,1,1,0,5,1,2,0,0,9,0,2,2,0,0,0,0,0,3,5,3
"COG2978",21,94,59,73,91,72,86,63,71,65,144,225,72,111,70,25,134,90,92,79,92,45,14,67,111,107,15,76,59,199,67,117,87,107,80,59,7,42,94,86,55,122,171,109,67,112,66,55,101,16,346,29,46,71,56,71,91,51,111,92
"COG2979",4,37,0,0,0,3,2,0,2,0,2,52,0,0,0,9,5,0,0,3,0,0,1,0,0,1,1,16,1,3,1,1,9,0,3,0,0,3,0,1,0,1,0,4,1,6,2,0,1,0,5,10,1,0,0,10,0,6,9,2
"COG2980",4,16,0,0,2,2,5,1,6,2,54,32,1,1,0,4,0,0,4,1,1,1,3,0,2,2,0,15,0,6,1,3,3,6,6,0,3,3,2,0,3,0,4,5,1,2,4,0,0,2,0,13,4,1,3,14,1,3,20,29
"COG2981",3,6,5,2,0,3,9,5,6,3,50,30,1,2,1,2,2,1,10,4,2,1,0,0,0,5,4,12,0,2,1,0,18,8,2,1,1,7,43,4,1,4,17,2,3,3,0,3,0,1,23,14,0,1,3,12,0,3,19,27
"COG2982",37,181,12,3,2,12,16,4,15,20,7,302,6,2,0,38,30,0,8,6,1,0,0,0,13,12,15,76,0,6,0,2,14,1,4,0,1,2,0,0,2,3,1,15,2,12,3,1,1,0,18,10,1,1,31,1,2,25,31,14
"COG2983",6,46,3,0,0,1,3,1,1,5,2,45,3,0,0,6,4,0,0,1,0,0,0,0,1,2,5,12,0,1,0,1,6,0,0,0,0,0,0,0,4,2,1,2,0,6,0,0,0,0,2,4,0,0,6,5,0,9,10,4
"COG2984",169,50,204,128,140,211,65,149,108,216,102,76,214,166,154,113,130,126,103,203,163,57,132,92,109,203,39,167,264,44,100,57,35,42,71,62,46,99,46,51,56,86,72,52,128,30,63,95,65,76,75,190,89,70,65,110,61,77,55,27
"COG2985",107,380,453,660,723,69,1280,728,779,465,689,219,535,816,647,110,1069,420,940,764,733,852,823,715,1072,876,965,462,272,1078,413,880,634,842,964,376,986,308,837,684,794,721,755,797,550,1053,940,380,851,883,650,37,565,568,688,610,48,328,700,900
"COG2986",50,94,132,196,160,56,99,108,205,101,60,73,144,224,219,114,192,86,251,265,259,87,12,155,299,248,12,153,75,327,143,217,140,140,145,38,39,89,177,191,170,219,177,143,146,284,197,76,219,18,282,48,87,64,200,119,15,87,145,57
"COG2987",39,55,135,170,143,19,110,126,163,62,40,64,156,195,154,27,192,70,241,175,150,76,11,93,309,276,10,113,78,275,104,219,85,133,135,25,24,81,213,218,116,181,216,212,153,218,187,86,232,26,167,56,72,61,150,85,7,77,112,93
"COG2988",9,35,0,0,0,6,5,0,1,0,3,37,1,0,0,4,1,0,0,2,0,0,0,0,2,1,1,9,0,1,0,0,7,1,2,0,0,1,0,0,1,2,0,3,3,5,0,0,0,0,1,12,0,0,0,0,0,9,39,2
"COG2989",6,37,12,37,5,12,203,9,66,131,126,69,9,4,44,9,16,61,33,33,18,124,225,106,21,10,246,38,9,65,7,26,53,95,116,34,215,6,37,18,23,53,29,25,14,33,15,6,11,206,90,16,6,169,19,11,1,32,60,191
"COG2990",11,73,1,4,1,17,13,8,22,12,5,88,2,2,0,23,14,12,8,7,1,3,2,14,10,12,6,24,5,6,4,10,23,14,8,2,5,19,7,3,11,6,10,20,11,17,11,2,8,0,45,45,3,0,5,23,5,18,61,13
"COG2991",0,0,0,0,0,1,0,0,0,0,0,0,0,0,0,0,0,0,0,4,0,0,0,2,0,0,0,3,0,0,0,0,1,0,0,0,1,2,0,0,0,0,0,0,0,0,0,0,0,0,0,4,1,0,0,2,0,0,2,0
"COG2992",15,84,7,1,1,3,12,1,8,4,1,113,1,1,0,19,7,0,1,1,2,1,0,0,3,0,7,24,2,2,0,0,15,13,3,0,0,1,8,2,4,7,24,11,6,11,0,0,1,0,37,9,0,1,12,2,0,14,15,9
"COG2994",0,2,1,3,0,0,1,3,6,4,0,0,0,1,0,0,2,0,1,3,2,0,0,4,1,0,0,0,0,0,4,1,7,0,0,0,0,1,2,0,0,1,1,2,2,1,1,0,1,0,4,0,0,0,2,0,1,1,0,0
"COG2995",15,123,0,8,0,7,6,2,18,0,68,185,4,0,0,28,10,0,0,4,0,5,1,0,6,6,6,48,0,6,0,2,20,6,8,0,2,7,0,1,7,3,0,10,2,11,1,1,1,3,15,24,1,0,3,11,2,26,57,30
"COG2996",179,57,151,172,151,151,240,182,157,158,170,51,191,180,141,94,212,152,183,153,174,200,160,161,136,180,174,91,183,236,161,139,148,221,162,123,205,141,188,169,150,155,154,158,96,204,216,94,148,210,158,245,159,158,131,169,145,92,143,160
"COG2998",6,3,2,0,1,0,2,1,6,1,2,0,0,2,2,0,2,0,3,1,5,1,1,3,1,1,0,2,4,3,0,4,1,2,1,0,0,0,2,1,1,0,2,1,5,0,2,0,0,0,0,0,0,0,3,2,0,0,0,2
"COG2999",7,42,0,1,0,1,1,1,2,0,0,58,1,0,0,6,7,0,1,1,1,1,0,0,2,6,5,17,0,1,0,0,2,0,2,0,1,2,0,0,1,2,0,8,2,4,0,0,0,2,1,2,1,0,0,9,0,8,0,3
"COG3001",7,28,0,1,12,40,0,1,0,0,3,12,0,0,0,68,0,6,0,0,0,0,3,2,0,1,1,3,2,0,2,2,6,2,2,1,3,1,1,0,19,2,0,4,2,3,2,0,0,2,0,10,1,1,1,9,52,8,27,3
"COG3004",40,136,88,128,76,73,81,37,130,33,30,93,99,140,122,166,103,93,166,131,105,118,40,55,144,119,8,80,63,160,51,88,98,68,112,50,24,83,142,101,78,101,103,130,70,133,123,50,98,27,124,56,47,25,103,47,276,66,83,49
"COG3005",19,81,15,50,24,3,29,1,48,16,9,101,26,4,21,15,28,24,25,14,33,4,3,11,53,18,11,31,3,46,8,37,33,13,39,33,5,9,36,31,50,59,41,45,14,41,25,15,13,2,58,19,47,7,30,49,5,28,44,25
"COG3006",7,66,0,0,0,5,8,1,2,1,1,96,4,0,0,16,6,0,0,2,0,0,0,1,1,8,2,38,2,2,0,1,13,2,8,1,8,3,0,1,4,3,0,5,2,12,2,0,1,1,4,7,1,1,0,11,0,12,25,1
"COG3007",97,0,25,13,4,9,3,28,3,27,76,0,13,6,8,11,0,10,2,0,2,25,28,2,0,7,0,11,35,4,10,3,14,2,1,17,0,12,3,15,3,2,2,12,8,0,2,31,11,4,0,47,8,67,4,11,91,4,3,29
"COG3008",28,151,5,3,0,18,15,11,10,15,112,189,1,12,1,29,18,0,3,5,11,5,1,4,20,18,9,82,4,26,4,11,27,5,13,3,5,9,9,4,5,7,3,19,11,20,4,1,1,9,19,33,18,1,24,29,1,28,91,32
"COG3009",10,41,0,2,0,4,6,0,3,0,45,44,0,1,0,6,4,0,0,2,0,0,1,1,2,2,2,12,0,0,0,0,4,2,0,0,2,0,1,0,3,4,0,4,0,7,0,0,0,0,11,4,0,0,1,3,0,7,19,14
"COG3010",171,51,25,44,38,33,35,34,25,40,16,97,75,21,42,53,21,35,39,43,33,49,43,14,21,36,13,37,73,17,24,18,49,40,24,30,29,68,33,28,23,22,80,40,67,30,40,35,39,28,61,130,32,28,32,89,132,29,43,27
"COG3012",10,37,1,0,1,4,10,2,8,1,6,54,0,0,0,2,8,0,5,2,5,0,1,1,0,10,7,4,0,3,0,0,2,2,2,0,0,2,1,0,2,1,3,4,1,2,3,2,1,0,11,3,1,0,0,2,0,4,4,2
"COG3013",7,40,0,1,0,11,7,0,1,0,1,60,0,23,0,10,3,0,0,0,0,0,0,0,2,1,2,13,1,1,0,0,7,0,2,0,0,16,0,0,2,3,0,3,2,2,1,2,2,0,6,10,1,0,0,2,1,8,16,3
"COG3014",0,2,6,3,0,0,0,3,5,0,0,0,0,6,0,0,1,0,3,0,3,0,0,1,0,0,0,3,0,0,1,2,1,0,2,0,0,0,46,1,13,0,1,1,1,0,0,1,1,0,0,0,0,4,0,0,0,4,2,1
"COG3015",14,54,23,22,24,12,105,39,52,44,84,30,31,42,52,15,66,9,39,49,54,83,87,121,76,54,153,55,16,99,33,19,39,119,71,8,153,24,32,30,44,27,27,52,14,76,63,15,35,93,61,5,17,60,28,24,1,25,42,77
"COG3016",9,120,11,3,4,5,73,6,48,24,73,6,23,11,1,3,64,2,21,3,19,24,5,46,33,5,4,14,31,9,27,37,47,8,18,21,47,6,39,24,28,17,22,21,21,25,89,9,34,6,42,6,21,7,26,1,51,9,11,14
"COG3017",4,23,0,1,1,1,8,0,6,0,38,39,1,2,0,6,4,0,1,1,0,0,0,0,1,2,3,12,1,1,0,3,0,1,1,1,0,0,1,3,5,6,3,8,0,5,1,0,0,2,6,3,6,2,1,5,0,3,21,13
"COG3019",0,0,0,0,0,1,0,0,1,0,0,0,0,0,0,0,0,0,0,0,0,0,0,0,0,0,0,0,0,0,0,0,0,1,0,0,0,2,0,0,0,0,0,0,0,0,0,0,0,0,0,0,0,0,0,0,0,0,0,0
"COG3021",16,105,66,145,140,19,181,129,134,123,179,72,63,136,67,18,204,116,168,166,126,195,190,139,138,99,252,111,33,157,65,131,145,188,163,94,252,55,175,105,151,95,149,126,77,170,145,63,151,172,142,8,113,141,91,85,5,35,140,159
"COG3022",229,111,69,96,133,156,175,171,114,164,125,150,104,143,91,98,128,129,116,117,109,147,196,103,120,99,168,89,91,144,88,93,167,198,122,77,244,109,150,115,110,122,115,140,76,145,157,61,115,155,140,230,90,130,110,91,41,66,130,123
"COG3023",84,118,125,314,149,66,301,81,216,191,358,78,90,209,229,52,215,109,216,239,245,525,362,187,220,165,503,142,69,340,119,198,188,254,282,102,222,59,230,224,229,369,207,170,182,356,172,87,197,244,387,11,118,283,274,93,13,232,160,473
"COG3024",0,0,1,0,0,0,1,1,1,1,20,0,0,1,0,0,2,1,1,0,0,1,0,0,0,5,1,3,0,4,0,0,0,0,0,1,0,0,0,0,2,0,0,4,2,0,0,0,0,0,1,4,3,1,1,5,0,0,9,7
"COG3025",9,63,6,14,1,6,20,11,49,35,2,85,4,10,1,9,16,9,10,19,8,27,18,13,12,16,4,23,13,0,16,21,49,5,5,13,4,6,17,8,6,10,16,25,32,20,14,19,11,11,42,13,0,1,15,10,99,41,22,7
"COG3026",9,45,1,0,0,10,5,6,5,0,3,87,1,2,0,10,8,0,0,1,2,1,0,1,1,5,3,20,0,2,1,4,13,1,4,0,2,6,0,1,3,2,1,7,1,8,3,0,0,3,7,9,2,0,0,16,0,10,18,7
"COG3027",8,49,3,1,3,17,7,6,15,2,1,58,0,7,0,9,11,3,3,5,7,1,0,7,2,4,4,14,2,1,9,7,3,2,5,12,3,0,9,10,18,2,4,7,9,6,6,8,3,0,8,4,5,0,10,15,1,20,16,3
"COG3028",8,32,1,1,3,6,4,1,7,6,35,40,1,2,0,9,1,0,3,3,3,3,0,4,4,4,2,20,1,9,0,7,15,3,5,0,5,4,3,3,10,3,7,4,6,8,10,0,0,0,2,3,5,1,4,11,0,6,28,28
"COG3029",8,29,0,1,0,2,3,2,2,0,25,43,0,0,0,7,5,0,0,1,0,0,0,0,0,2,3,11,0,2,0,3,1,1,0,0,1,2,1,1,3,2,0,6,0,2,0,0,0,1,2,6,0,0,1,10,0,8,15,13
"COG3030",6,28,0,0,0,3,1,0,1,0,10,46,1,0,0,3,0,0,0,1,1,0,0,0,0,0,1,6,1,1,0,0,2,0,0,0,0,2,0,0,0,0,0,3,2,4,0,0,0,0,4,4,0,0,0,1,1,4,1,11
"COG3031",7,72,0,0,0,0,8,0,3,0,6,67,3,1,0,3,4,0,0,0,1,0,0,0,2,2,4,19,0,3,0,0,16,1,2,0,0,2,0,0,2,3,0,2,0,3,1,0,0,0,8,1,0,0,0,1,0,11,21,3
"COG3033",13,158,59,57,53,3,26,18,89,50,23,176,16,62,46,27,57,51,94,49,60,11,10,26,62,31,11,87,14,37,47,89,48,59,62,15,4,31,108,79,57,62,71,65,43,77,25,50,77,6,82,6,18,30,94,38,31,66,33,18
"COG3034",5,50,2,2,3,4,6,2,4,0,41,37,5,5,0,10,4,0,3,5,1,0,1,1,2,6,2,24,4,9,1,3,4,2,8,0,0,1,37,2,4,3,0,3,5,3,8,0,1,1,12,3,0,4,2,2,17,6,17,24
"COG3036",0,12,0,0,0,1,2,2,3,0,1,16,0,0,0,4,3,0,0,1,0,0,0,0,0,3,0,7,0,0,0,0,2,1,0,0,2,4,0,0,2,0,0,1,1,1,0,0,0,1,2,11,1,0,0,4,0,1,20,1
"COG3037",82,139,10,22,37,32,43,11,17,9,12,84,31,12,55,34,17,43,19,2,4,65,23,6,5,27,6,59,78,15,4,45,74,19,14,35,2,20,33,3,14,20,36,35,39,9,12,25,21,12,74,105,4,18,2,21,321,22,113,19
"COG3038",11,105,0,1,0,3,8,0,3,0,1,146,2,2,0,15,8,0,0,0,1,0,1,0,0,4,2,26,2,5,0,0,3,1,4,0,0,2,1,1,7,3,1,13,1,12,0,0,0,0,24,5,0,1,0,3,0,16,10,3
"COG3039",14,648,91,323,87,61,71,87,1345,172,248,236,46,1221,118,97,35,298,269,19,351,9,48,96,1033,221,7,440,76,54,27,764,38,122,42,66,59,95,24,80,64,30,7,59,60,6,3295,101,14,6,53,31,133,38,59,129,8,67,8,77
"COG3040",9,68,20,44,18,5,23,6,51,17,9,54,27,12,41,18,35,56,28,19,29,2,6,11,33,25,10,51,7,63,4,51,55,21,34,37,2,5,84,26,54,58,27,41,14,60,23,25,12,1,68,12,26,12,38,12,1,27,81,25
"COG3041",86,27,84,135,42,42,16,52,49,52,55,43,64,44,31,5,32,38,60,36,62,128,52,185,26,29,47,73,26,26,41,52,62,135,27,48,146,58,37,20,29,37,34,42,14,25,17,57,53,118,8,34,31,58,41,21,26,33,17,64
"COG3042",6,34,0,0,0,1,3,0,4,0,2,49,0,0,0,10,6,0,0,1,0,0,0,0,1,0,2,17,0,0,0,1,1,1,3,0,0,0,0,0,1,1,1,3,0,2,1,0,1,0,6,4,0,0,0,0,0,3,9,3
"COG3043",7,25,0,0,0,2,4,2,4,3,0,39,2,3,0,10,4,0,0,0,3,1,0,1,4,5,2,6,0,3,1,2,2,0,0,0,1,2,0,1,2,1,3,6,2,2,5,0,1,0,3,1,3,0,0,12,1,5,4,1
"COG3044",249,20,28,46,37,153,6,68,15,18,10,69,87,39,62,49,13,32,28,45,40,19,32,14,10,57,6,34,152,18,42,35,19,41,25,47,23,110,24,35,16,20,62,78,56,20,51,25,41,33,28,153,36,21,40,43,42,51,21,19
"COG3045",7,37,0,0,1,3,10,0,5,3,0,68,1,3,0,10,7,0,2,1,4,0,0,1,1,5,1,22,1,7,0,3,10,2,4,1,0,2,1,0,5,2,1,4,3,3,12,0,0,0,5,3,0,3,2,9,0,9,14,8
"COG3047",2,21,0,0,0,1,0,1,3,0,2,29,0,0,0,6,3,0,0,1,0,0,0,0,1,0,4,9,0,1,0,0,5,0,0,0,0,0,0,0,1,1,0,1,0,3,1,0,0,0,2,6,0,0,1,0,0,3,15,3
"COG3048",16,75,6,6,5,49,29,9,40,7,8,131,74,7,11,12,16,10,7,6,11,7,11,14,12,6,4,44,6,3,8,8,29,8,28,16,4,20,13,10,12,4,17,34,4,14,12,10,23,8,50,18,5,14,11,7,4,54,69,12
"COG3049",170,106,214,192,193,120,100,206,225,194,75,66,173,287,290,195,230,244,240,266,238,77,66,139,247,185,34,134,220,336,229,248,183,167,176,236,47,234,256,262,245,270,267,260,172,283,175,220,246,64,265,165,309,166,246,232,104,170,204,101
"COG3050",0,18,0,0,0,4,3,0,0,0,2,16,0,0,0,8,3,0,0,1,1,0,0,0,1,3,0,8,0,1,0,1,1,1,0,0,1,0,0,0,2,0,0,4,0,1,0,0,0,0,1,10,1,0,0,7,0,3,13,4
"COG3051",28,79,25,60,11,125,36,79,65,19,27,145,99,22,34,41,32,21,62,45,47,14,26,57,37,99,11,44,27,25,73,35,43,29,27,13,21,56,19,10,43,27,80,39,56,15,112,9,25,23,106,43,18,35,60,56,61,63,57,34
"COG3052",3,34,5,11,4,24,8,41,28,13,16,44,19,3,16,15,14,3,13,7,11,3,4,11,7,24,1,10,4,5,15,10,10,6,11,1,13,10,1,5,12,5,17,11,14,11,33,4,10,5,28,8,1,10,10,16,10,17,11,5
"COG3053",35,74,16,25,16,106,17,123,24,15,34,131,31,9,8,38,14,69,28,10,10,11,21,25,12,35,12,28,13,7,20,22,17,15,22,11,46,26,5,3,25,6,33,22,12,14,10,13,7,12,49,17,10,34,21,63,22,39,24,18
"COG3054",11,44,0,1,0,6,3,2,4,0,3,68,1,1,0,10,4,0,0,4,0,1,0,0,3,1,1,22,2,2,0,2,14,0,4,0,1,2,0,0,1,2,0,3,5,4,0,0,0,0,10,6,1,1,0,13,0,11,20,3
"COG3055",24,212,33,55,35,3,63,87,129,13,25,166,75,84,70,26,85,25,118,93,85,79,36,69,149,76,19,76,32,146,65,120,65,113,107,63,46,94,57,73,91,97,82,95,24,96,94,37,74,6,102,3,22,23,28,66,164,62,115,157
"COG3056",8,50,0,0,0,8,6,1,6,0,2,77,0,0,0,5,4,0,1,6,3,1,0,0,2,3,1,17,0,1,0,0,5,0,5,0,1,3,0,1,4,1,0,5,1,1,1,1,1,1,10,4,0,0,0,13,0,7,24,5
"COG3057",2,12,0,0,1,3,1,0,1,0,4,12,1,0,0,5,3,0,0,2,1,0,0,0,1,2,0,11,0,1,0,0,7,0,1,0,3,1,0,0,1,1,0,9,1,2,0,0,1,2,2,4,0,0,1,3,0,1,24,4
"COG3058",9,54,1,0,1,5,9,3,6,2,3,94,1,2,0,12,6,1,2,1,2,1,0,1,8,10,7,27,3,12,2,9,12,7,7,3,3,4,1,2,13,7,4,6,5,7,20,0,2,0,12,11,9,1,6,8,1,18,32,10
"COG3059",18,77,30,74,66,6,42,11,54,12,3,72,47,60,81,24,96,5,51,45,66,25,3,24,102,83,13,44,27,136,33,74,59,40,56,6,9,25,62,58,30,76,62,67,48,109,46,15,80,8,78,4,27,8,68,34,3,38,39,33
"COG3060",3,29,0,0,0,6,3,2,0,0,2,45,0,0,0,8,3,0,0,1,2,0,0,1,2,4,5,14,0,0,0,0,4,0,0,0,0,1,0,0,0,2,0,1,0,7,0,0,1,0,3,1,1,0,0,2,0,7,15,2
"COG3061",3,14,1,0,0,1,0,1,1,0,2,21,0,0,0,5,0,0,0,4,0,0,0,0,0,3,1,7,2,0,0,0,5,0,1,0,2,1,0,1,1,1,0,0,0,2,1,0,0,2,2,9,1,0,1,9,0,4,28,2
"COG3062",1,16,1,0,0,0,1,1,0,0,0,25,2,0,0,4,1,0,0,2,0,1,0,0,1,2,0,9,0,0,0,0,0,0,1,0,0,1,0,0,0,0,1,4,1,3,2,0,0,1,5,3,1,0,0,3,0,7,0,1
"COG3063",0,0,0,0,0,1,0,2,0,0,0,0,0,0,0,0,0,0,0,1,0,0,0,0,0,0,0,0,0,0,0,0,0,1,0,0,1,0,0,0,0,0,0,0,0,0,0,0,0,2,0,3,0,0,0,2,0,0,0,0
"COG3064",8,65,0,0,0,10,1,2,8,0,35,56,4,0,0,3,5,0,0,8,2,0,0,0,1,5,3,30,0,0,0,0,5,0,3,0,3,3,1,0,2,2,0,7,5,0,0,2,0,5,5,21,2,0,0,10,1,15,35,19
"COG3065",6,36,0,0,1,1,2,0,2,0,3,61,0,0,0,12,7,0,0,2,0,0,1,0,0,4,2,11,0,3,0,1,4,0,1,0,3,3,0,1,1,1,1,2,1,6,0,0,2,0,10,9,0,0,0,9,1,8,8,2
"COG3066",4,37,34,1,0,7,5,5,1,0,47,48,0,2,0,8,8,0,4,2,1,0,0,1,2,2,1,15,0,1,0,0,14,3,0,0,1,1,0,0,3,2,0,8,1,1,1,0,0,5,5,2,0,0,1,4,0,6,27,28
"COG3067",7,61,0,0,0,5,12,5,1,0,81,98,2,0,0,16,8,0,0,5,3,0,0,0,4,8,3,31,3,3,0,0,5,1,0,0,3,2,0,0,3,2,0,7,2,3,0,0,0,0,4,4,0,0,0,7,0,4,21,23
"COG3068",8,43,0,1,0,4,4,2,2,0,33,74,1,0,0,11,7,0,0,4,2,0,1,2,2,2,3,11,1,2,0,3,11,2,1,0,5,1,0,0,1,1,0,2,4,1,0,0,1,0,5,8,3,1,0,3,0,4,17,15
"COG3069",48,146,40,20,53,37,72,27,57,74,19,383,31,46,32,49,43,28,71,26,53,13,8,156,70,86,22,73,14,125,72,38,33,41,77,46,42,42,24,29,56,29,86,71,70,76,157,9,15,44,162,45,140,28,146,87,4,38,109,44
"COG3070",36,72,43,29,17,67,19,38,20,34,17,81,14,16,21,24,13,15,14,12,30,9,3,14,11,15,6,70,42,22,23,19,18,9,12,32,16,47,19,18,17,45,5,13,21,12,4,26,4,6,15,63,29,24,26,35,11,26,25,12
"COG3071",13,54,2,0,0,5,1,1,2,0,4,83,2,0,0,15,6,0,2,9,2,1,0,0,1,6,4,19,0,3,0,1,11,1,4,1,1,8,1,0,1,2,0,5,2,11,1,1,0,3,5,19,0,0,2,13,1,9,46,14
"COG3072",29,122,1,0,0,15,13,7,7,0,150,188,4,0,0,20,9,0,1,7,3,0,1,2,6,8,7,43,3,1,0,7,26,1,8,2,10,9,0,2,12,5,2,16,3,17,3,1,3,1,13,23,2,0,0,32,0,26,91,61
"COG3073",5,32,0,0,0,5,2,2,1,0,2,53,0,0,0,6,4,0,0,1,0,0,0,2,5,3,5,10,2,3,2,2,4,3,0,1,0,0,0,0,0,2,0,11,1,11,1,0,1,0,5,11,0,0,0,13,1,4,22,4
"COG3074",5,24,0,0,0,2,2,3,3,0,0,34,0,1,0,5,2,0,0,4,0,0,0,0,0,0,2,10,1,1,0,0,6,0,3,0,0,1,0,0,0,1,0,6,0,4,0,0,0,1,8,7,0,0,0,3,0,1,3,2
"COG3075",9,81,16,9,40,4,12,21,19,17,24,53,11,73,1,6,49,24,45,24,15,16,1,15,63,66,10,31,1,39,2,43,32,43,18,6,12,19,53,36,19,2,18,61,30,58,31,17,57,3,9,18,12,3,3,29,2,10,33,15
"COG3076",5,36,0,0,0,7,5,2,4,0,2,62,0,0,0,11,7,0,0,1,2,1,0,1,2,3,4,10,1,1,0,0,7,1,2,0,0,5,0,0,4,1,0,5,1,6,0,0,0,0,4,8,2,0,0,7,0,6,15,2
"COG3077",60,43,126,60,31,77,11,72,23,96,63,68,93,60,79,31,72,49,19,52,81,18,36,50,45,46,34,93,63,27,74,58,33,24,34,42,39,107,19,39,31,43,35,37,63,23,17,103,67,38,12,41,61,79,40,47,51,59,27,28
"COG3078",4,29,0,0,0,3,0,1,0,0,0,32,1,0,0,5,3,0,0,2,0,0,0,0,0,3,1,7,1,1,0,0,4,0,1,1,0,1,0,1,0,2,0,6,0,4,0,1,1,0,4,6,1,0,0,5,0,1,0,1
"COG3079",8,43,0,1,0,5,3,3,3,1,4,63,3,0,0,13,6,0,0,4,1,1,0,1,0,2,6,11,0,2,0,2,7,2,1,0,2,1,1,0,1,1,0,3,0,5,1,0,4,0,10,3,2,0,1,8,0,5,25,1
"COG3080",2,32,0,0,0,3,2,1,1,1,23,37,0,0,0,3,4,0,0,1,0,0,1,1,0,2,0,6,0,1,0,0,5,2,2,0,3,2,2,1,2,2,0,3,2,4,0,1,0,1,6,5,0,0,1,5,0,9,17,12
"COG3081",4,26,0,1,3,0,5,1,4,0,3,39,2,0,0,3,2,0,0,1,0,0,0,0,0,1,0,5,0,1,0,3,14,3,2,0,3,2,0,0,3,2,0,4,0,7,0,0,0,1,10,13,0,1,1,7,0,9,35,7
"COG3082",2,22,0,0,0,0,6,0,0,0,1,33,0,0,0,2,2,0,0,0,0,0,0,0,1,0,0,10,0,1,0,0,2,0,2,0,1,1,0,0,2,1,0,2,0,3,2,0,1,0,1,6,0,1,1,6,0,7,16,5
"COG3083",12,96,6,13,30,11,18,10,12,23,77,133,4,29,10,22,25,3,14,23,17,2,6,123,53,25,14,53,7,47,32,54,33,6,23,8,6,17,56,20,15,36,25,44,18,25,11,7,12,11,10,19,22,106,52,38,1,24,62,32
"COG3084",10,36,0,0,1,1,5,1,1,0,3,86,0,1,0,9,8,0,0,2,1,1,0,0,3,1,6,10,2,2,0,2,10,1,4,0,4,4,0,0,2,2,0,6,3,9,0,0,0,1,14,8,0,0,1,4,2,3,25,3
"COG3085",8,38,0,0,0,5,4,3,2,0,23,73,0,1,0,3,9,0,0,0,0,1,0,0,3,4,7,11,0,2,2,3,9,0,2,0,1,2,0,0,7,2,1,4,2,2,0,0,0,0,5,12,1,0,0,8,0,4,18,10
"COG3086",5,17,0,0,0,4,9,0,1,0,3,63,3,0,0,10,4,0,1,1,1,1,0,1,0,2,4,5,1,0,0,0,6,4,2,0,1,3,4,0,1,1,9,3,2,4,0,3,0,1,25,10,0,2,1,9,1,13,15,2
"COG3087",13,72,0,1,4,7,13,0,7,2,3,96,2,2,0,12,8,1,3,3,3,0,0,1,1,3,0,31,0,8,1,2,8,5,4,1,3,2,1,0,5,2,3,12,1,4,13,1,0,1,4,6,4,5,4,15,1,10,18,17
"COG3088",16,80,1,0,1,5,18,3,4,4,4,135,0,4,0,10,16,0,4,7,7,2,0,3,5,10,1,30,0,7,0,3,11,1,5,4,4,13,1,2,8,3,8,11,7,7,22,0,0,4,16,11,9,1,5,14,1,11,13,4
"COG3089",0,14,0,0,0,1,0,2,3,0,0,28,0,0,0,1,1,0,0,3,0,0,0,0,0,1,1,7,0,0,0,0,3,1,1,0,1,0,0,0,0,0,0,1,2,3,0,0,0,0,3,2,0,0,2,1,0,0,12,1
"COG3090",92,118,79,96,78,132,53,58,90,98,42,431,240,96,60,39,98,97,64,50,99,65,82,97,135,225,30,62,184,66,79,73,63,77,74,90,60,120,81,46,42,82,146,92,176,49,149,79,108,63,326,75,67,54,109,155,230,54,81,50
"COG3091",8,23,0,0,0,24,2,1,2,0,0,36,0,1,0,14,2,0,0,2,0,1,0,1,1,2,2,14,0,1,1,0,2,1,2,0,0,4,7,0,0,2,0,4,0,2,4,0,0,1,8,70,1,0,1,9,1,3,12,7
"COG3092",7,30,0,1,0,5,2,3,3,0,22,56,0,0,0,7,5,0,0,1,0,2,0,0,0,0,4,9,0,1,0,1,4,0,0,1,4,0,0,2,2,1,0,4,1,4,0,0,0,1,5,10,0,1,0,1,1,4,19,5
"COG3093",107,79,35,44,8,19,10,83,58,56,73,91,37,97,8,40,36,28,75,41,76,20,42,103,13,11,49,42,4,47,29,36,58,23,46,15,51,47,23,16,20,26,6,22,25,65,96,16,18,11,8,28,23,43,36,61,7,50,5,158
"COG3094",8,17,0,0,0,3,1,0,5,0,0,55,3,0,0,4,5,0,0,2,0,0,0,0,4,3,1,15,0,0,0,0,5,1,2,0,1,1,0,0,3,2,0,6,0,5,1,0,0,0,4,6,2,0,0,4,0,4,15,1
"COG3095",4,38,0,0,0,3,5,1,3,0,0,57,1,0,1,0,6,0,0,2,1,1,0,0,2,4,5,10,0,3,0,0,9,1,2,0,0,2,0,0,2,1,0,2,2,4,2,0,0,0,8,7,1,0,1,5,1,7,21,8
"COG3096",27,171,0,2,0,16,26,10,13,0,8,229,1,1,1,18,14,0,0,7,2,4,1,2,8,15,4,60,4,1,2,3,31,3,6,1,6,14,4,1,3,3,0,16,2,20,11,0,2,3,18,40,3,0,0,31,0,25,109,18
"COG3097",3,30,0,0,0,1,4,2,1,0,1,36,0,0,0,6,3,0,0,1,0,0,0,1,3,1,5,6,0,0,0,0,3,1,8,0,0,1,0,0,1,0,0,2,0,1,0,0,1,0,4,5,0,0,0,4,0,3,12,1
"COG3098",4,25,1,1,0,2,1,0,2,0,22,34,0,0,0,4,5,0,0,1,1,1,0,0,0,0,1,5,0,1,0,0,4,1,0,1,0,4,1,0,0,1,0,5,1,5,1,0,1,3,4,1,0,0,0,3,0,8,5,6
"COG3099",3,18,0,0,0,2,6,0,3,0,1,32,2,0,0,7,1,0,0,0,0,1,0,0,1,2,2,5,0,0,0,0,5,1,2,0,1,1,0,0,1,1,0,6,2,3,0,0,1,0,3,1,0,1,0,8,0,1,12,1
"COG3100",2,37,0,1,0,3,1,0,2,0,20,41,0,0,0,6,8,0,0,1,0,0,0,0,2,5,4,7,0,5,0,1,2,2,2,0,0,3,0,0,1,0,0,1,0,4,0,0,0,0,5,3,1,0,0,2,1,10,11,7
"COG3101",0,20,0,0,0,4,4,0,1,0,1,29,1,0,0,4,4,0,0,2,1,1,0,0,2,1,1,12,0,1,0,1,7,4,0,0,2,0,0,1,2,0,0,3,1,0,0,0,0,0,5,2,0,0,1,5,0,1,15,1
"COG3102",3,18,0,0,0,4,1,3,1,0,0,32,1,0,0,3,0,0,0,2,0,0,0,2,2,2,1,22,0,1,0,1,3,0,0,1,1,1,0,0,0,0,1,4,1,4,0,0,0,0,3,3,1,0,1,11,0,11,16,1
"COG3103",31,68,127,44,43,155,12,84,40,151,46,154,53,48,108,25,22,38,42,42,67,13,43,43,23,57,15,171,182,35,129,55,27,48,60,87,25,192,20,106,30,145,51,45,56,28,50,156,53,35,53,66,120,54,52,100,53,167,54,35
"COG3104",58,424,169,186,393,123,344,280,240,152,163,457,105,263,147,120,332,249,309,161,179,191,175,195,301,188,289,273,55,280,138,298,330,224,253,210,236,65,369,225,315,204,269,232,127,342,263,151,221,185,253,101,184,187,232,201,1,146,363,249
"COG3105",12,48,0,1,0,2,3,2,0,0,2,76,0,2,0,9,7,0,0,2,0,0,0,0,4,3,5,16,0,1,1,0,8,1,4,0,3,2,0,1,3,3,0,4,3,8,1,0,0,0,7,2,0,0,0,2,0,10,18,5
"COG3106",7,65,0,0,0,5,11,4,5,0,2,83,1,0,0,8,5,0,0,0,1,1,1,0,2,5,1,27,0,1,0,0,11,3,2,0,2,2,0,1,1,1,0,8,0,12,1,0,0,2,9,15,0,0,0,13,0,6,30,6
"COG3107",20,89,0,3,0,4,24,6,9,0,89,125,3,0,0,8,8,1,1,1,1,0,0,0,3,12,3,38,2,3,1,4,23,1,4,1,3,13,1,1,4,4,1,21,1,4,1,0,2,2,7,12,4,1,1,27,0,8,51,43
"COG3108",3,26,0,0,0,5,4,0,5,0,0,57,0,0,0,4,6,0,0,4,0,0,0,0,1,3,0,17,2,2,1,0,1,0,2,0,0,2,0,0,2,1,0,0,0,3,0,0,2,0,1,6,0,0,0,4,0,4,7,0
"COG3109",3,19,0,0,0,5,3,2,3,0,27,53,1,0,0,2,3,0,0,1,2,1,0,0,5,2,0,16,1,2,0,0,10,0,1,0,1,2,0,0,2,0,0,8,1,3,1,0,0,1,7,7,1,0,1,5,0,11,11,17
"COG3110",2,41,0,2,0,3,2,0,0,0,0,74,1,0,0,10,7,0,0,1,0,0,0,0,3,4,1,5,1,1,0,0,2,0,8,0,1,0,0,2,1,2,2,6,0,2,1,0,0,0,4,1,0,0,0,2,0,8,0,1
"COG3111",8,66,3,1,0,2,10,4,7,9,2,85,3,1,0,9,6,5,6,5,1,26,5,3,4,7,1,24,7,9,0,5,24,1,4,7,1,3,3,1,5,2,5,8,2,9,13,0,1,2,10,9,1,3,25,15,50,9,26,6
"COG3112",2,19,0,0,0,5,2,3,3,0,1,37,1,0,0,5,5,0,0,3,1,0,0,0,0,1,1,5,0,0,0,0,2,2,1,0,0,0,0,0,2,0,0,2,1,2,0,0,0,0,8,9,1,0,0,7,0,4,9,2
"COG3113",4,33,0,0,0,1,3,1,3,0,0,46,1,0,0,4,2,0,0,0,0,1,0,1,0,3,0,10,0,2,1,0,6,2,4,0,2,0,0,1,1,2,0,6,1,3,1,0,0,0,5,3,1,0,0,3,0,5,10,0
"COG3114",1,6,0,0,0,0,1,1,1,0,1,5,0,0,0,1,0,0,0,0,0,0,0,0,1,0,0,0,0,0,0,0,0,0,1,0,0,0,0,1,0,0,0,1,1,1,0,0,0,0,0,4,0,0,0,4,0,0,6,1
"COG3115",0,4,0,0,0,4,1,3,3,0,53,14,1,0,0,3,0,0,0,2,1,2,1,0,0,2,1,11,1,0,0,1,6,0,0,0,3,3,0,0,0,1,0,2,1,8,0,0,0,1,4,9,0,1,1,12,0,4,10,24
"COG3116",6,30,0,0,0,4,1,2,6,0,0,39,1,0,0,6,11,0,0,1,0,0,0,0,0,3,6,19,0,2,1,1,7,0,1,0,0,0,0,0,1,1,0,4,3,2,0,0,0,0,8,11,1,0,0,3,0,1,19,1
"COG3117",10,57,0,0,3,7,12,1,6,2,48,78,3,0,0,11,11,3,2,3,0,0,2,3,4,5,3,6,0,4,0,5,14,1,8,1,5,1,1,2,6,3,4,14,0,9,9,1,0,4,9,8,2,2,3,16,1,14,29,27
"COG3118",13,20,0,0,13,28,0,6,4,0,47,18,0,0,0,77,1,8,0,1,0,0,1,0,2,2,0,12,0,0,0,2,4,0,2,0,3,5,0,0,4,1,1,5,1,4,2,2,0,4,5,10,2,0,0,8,0,8,25,35
"COG3119",487,1387,1093,3049,2101,214,1482,816,1475,1082,547,623,1528,2333,2429,301,2229,910,2115,2712,1968,1400,345,1115,2768,1903,777,1354,626,3449,1271,1746,2055,1880,1649,902,324,780,2400,1786,2010,5166,1862,2076,1092,3255,1781,897,1942,536,3939,157,1338,739,2647,1516,129,1283,1718,1085
"COG3120",7,41,0,1,0,4,4,2,1,0,1,60,0,0,0,3,3,0,0,2,0,0,0,2,0,2,1,11,0,2,0,0,7,0,0,0,1,3,1,0,1,1,0,2,0,4,0,0,0,0,8,13,1,0,1,7,0,8,15,2
"COG3121",87,513,0,3,3,48,34,4,30,1,23,632,4,2,1,91,57,0,2,12,6,2,0,1,14,9,35,168,7,24,1,8,88,17,25,3,3,8,5,6,23,22,3,43,20,63,5,0,9,1,71,62,2,1,3,8,8,75,280,55
"COG3122",3,34,0,0,0,3,5,1,2,0,2,64,0,0,0,7,3,0,0,2,2,0,0,0,1,1,0,16,1,1,0,0,2,1,1,0,0,0,0,0,0,1,0,2,1,7,1,0,0,0,7,4,1,0,0,1,0,1,23,3
"COG3123",5,34,0,0,0,4,1,0,3,1,0,22,0,0,0,3,2,0,0,1,1,0,0,0,2,1,2,12,0,0,1,0,2,2,1,0,1,0,2,0,1,1,0,4,0,6,2,0,0,1,7,2,0,0,0,0,0,5,16,3
"COG3124",4,23,3,2,22,4,4,4,15,3,3,38,2,17,5,6,8,1,6,15,6,0,0,1,30,0,2,21,0,5,18,22,9,1,17,1,0,6,33,23,13,16,23,15,7,16,10,2,4,1,4,5,3,1,15,3,0,6,21,9
"COG3125",2,8,0,0,0,2,4,0,1,0,1,16,1,0,0,3,0,0,0,0,0,0,0,0,1,0,0,15,1,0,0,6,5,1,1,0,0,0,1,0,0,0,0,2,1,2,1,0,0,1,3,3,1,0,0,1,0,2,10,3
"COG3126",2,23,0,0,0,5,2,0,3,0,2,27,0,0,0,5,7,0,0,1,0,0,0,0,0,0,1,11,1,1,0,1,5,1,1,0,0,0,0,0,0,2,0,0,0,3,2,0,0,0,5,5,0,0,0,0,0,0,12,2
"COG3127",15,99,0,0,0,10,11,0,8,0,3,140,5,1,0,13,11,0,0,3,1,0,1,0,3,3,2,33,0,4,1,3,9,2,3,0,0,1,1,1,3,1,0,10,2,7,0,0,0,0,8,9,0,0,1,0,0,7,56,5
"COG3128",6,43,0,0,0,0,3,0,3,0,2,63,1,0,0,9,3,0,1,1,1,0,0,0,3,0,1,11,0,0,0,0,3,1,2,0,0,4,0,0,2,3,0,6,1,4,0,0,0,0,6,0,0,0,1,1,0,4,17,2
"COG3129",4,20,1,13,4,3,0,0,9,6,1,20,9,0,13,7,4,0,5,8,5,1,1,4,6,3,0,11,1,26,4,9,9,6,16,2,0,4,8,12,11,32,13,22,11,37,9,2,9,4,69,8,4,3,13,1,1,26,16,12
"COG3130",1,8,0,0,0,0,1,0,0,0,0,17,0,0,0,2,0,0,0,0,0,0,0,0,0,0,1,1,0,1,0,0,0,0,0,0,0,0,0,0,0,0,0,0,1,2,0,0,0,0,0,1,0,0,0,1,0,2,0,0
"COG3131",16,138,4,1,1,18,18,2,16,7,5,206,1,1,0,30,16,0,1,5,0,0,0,0,5,4,8,62,1,3,0,3,15,2,7,1,1,3,0,0,11,4,1,16,6,15,3,0,0,3,20,23,0,3,17,6,2,26,66,13
"COG3132",12,41,0,1,1,1,0,0,3,0,1,46,0,1,0,11,2,0,0,1,0,0,0,0,2,2,1,10,2,2,0,1,4,0,2,0,0,1,0,0,1,1,0,6,1,7,0,0,0,0,6,5,0,0,0,0,1,9,10,4
"COG3133",4,33,0,0,0,1,2,0,1,1,2,23,0,0,0,2,5,0,0,2,0,0,0,0,2,2,1,16,0,0,0,0,2,1,2,0,1,1,0,0,2,0,0,1,0,2,0,1,0,0,1,5,1,0,0,5,0,6,14,3
"COG3134",5,38,0,0,0,1,3,1,3,0,2,51,0,0,0,6,7,0,0,2,0,0,0,0,1,0,4,17,0,3,1,0,2,1,3,0,0,0,0,0,1,1,0,2,1,3,1,0,0,0,8,5,0,0,0,0,0,7,17,0
"COG3135",0,10,0,0,0,1,2,0,2,0,1,6,0,0,0,1,1,0,0,0,0,0,0,0,1,0,0,15,0,0,0,1,1,0,1,0,0,0,0,0,0,0,0,1,0,0,0,0,0,0,4,4,0,0,0,0,0,0,23,4
"COG3136",1,15,0,0,1,1,3,0,0,0,0,19,1,0,0,4,1,0,0,0,0,0,0,0,0,0,0,5,0,2,0,0,4,0,0,0,0,0,0,0,1,2,0,6,0,0,0,0,0,0,1,1,0,0,0,1,0,3,6,4
"COG3137",3,20,0,1,0,2,3,2,3,0,3,27,0,0,0,3,2,0,0,1,1,0,1,0,1,1,1,10,0,3,1,0,4,2,1,0,0,0,0,0,2,0,0,3,1,3,0,0,0,0,3,8,0,0,0,1,0,1,21,7
"COG3138",5,45,0,0,0,6,1,1,3,0,3,45,3,0,0,5,8,0,0,1,1,0,0,0,0,1,0,20,0,0,0,1,11,0,1,0,0,3,0,0,0,1,1,2,0,6,2,0,0,0,8,20,1,0,1,2,0,5,29,6
"COG3139",3,18,0,0,0,2,3,0,1,0,1,24,1,0,0,6,4,0,0,1,0,1,0,0,1,0,1,6,0,1,0,0,2,0,2,0,0,2,0,1,3,1,0,0,0,2,0,0,0,0,1,1,0,0,0,0,0,3,9,3
"COG3140",0,9,0,0,0,1,2,1,0,0,1,14,1,0,0,2,3,0,0,2,0,1,1,0,0,1,1,3,0,0,0,0,2,0,1,0,4,2,0,0,0,0,0,3,2,0,0,0,0,0,3,2,0,0,0,1,0,1,3,0
"COG3141",4,29,0,1,0,3,2,0,0,0,4,29,0,0,0,6,5,0,0,1,2,0,1,0,0,1,2,9,0,0,0,0,4,0,2,0,0,0,0,0,0,0,0,2,1,3,1,0,0,0,6,3,0,0,0,0,0,3,4,2
"COG3142",106,58,89,81,100,111,65,108,78,63,75,56,122,99,87,56,137,67,108,76,90,122,42,50,112,120,99,56,57,116,58,104,107,132,66,90,52,121,126,99,124,141,106,136,133,81,100,110,129,37,103,114,90,97,73,85,87,60,105,63
"COG3143",7,43,0,2,0,2,9,0,3,0,32,68,4,0,0,4,5,0,0,0,0,0,0,0,4,0,4,13,1,2,0,0,7,0,1,0,0,3,0,1,4,0,0,4,1,5,0,0,0,0,6,3,0,0,0,1,0,5,0,26
"COG3144",10,63,41,4,10,23,7,31,16,40,26,55,48,18,10,13,5,35,23,22,27,12,3,26,5,17,2,54,31,2,94,7,4,1,31,17,6,10,1,56,10,114,5,51,10,14,0,41,14,10,6,2,73,16,15,35,2,18,12,9
"COG3145",7,32,0,0,0,3,2,0,2,0,1,53,1,1,0,5,6,0,0,0,0,0,0,0,0,2,1,14,2,0,1,0,6,0,0,0,1,1,0,2,1,3,0,10,2,3,0,0,0,0,3,2,0,0,1,1,1,5,11,3
"COG3147",4,20,0,0,0,7,0,0,2,0,0,20,0,0,0,2,0,0,0,1,0,0,0,0,1,0,0,7,1,1,0,0,6,1,0,0,0,0,0,1,0,1,0,1,1,1,0,0,0,0,1,2,0,0,1,0,0,1,12,3
"COG3148",2,17,0,1,0,2,2,0,1,0,0,41,2,1,1,6,2,0,0,2,0,0,0,0,0,0,1,8,0,1,0,1,6,1,1,0,0,1,0,1,2,1,0,10,1,1,2,0,1,0,3,5,1,0,0,2,0,8,10,3
"COG3149",4,15,0,0,0,7,1,0,2,0,2,3,1,0,0,8,5,0,0,2,0,0,0,0,1,0,2,8,1,0,0,0,8,0,1,0,0,0,0,0,2,2,0,2,2,2,0,0,0,0,6,1,0,1,0,1,0,4,8,4
"COG3150",7,36,0,2,2,1,8,4,12,14,18,61,3,6,1,8,13,31,10,1,3,0,0,10,11,5,6,13,0,7,1,12,9,6,3,9,8,3,7,3,9,6,14,14,13,10,9,1,2,2,17,11,13,13,6,16,0,14,39,25
"COG3151",6,26,0,0,0,4,1,0,4,0,1,42,0,1,0,2,8,0,0,0,0,0,0,0,5,0,6,19,2,1,0,3,2,1,1,0,1,0,1,0,0,1,1,7,3,5,1,0,0,0,4,2,0,1,0,1,1,10,13,3
"COG3152",27,106,54,16,43,24,18,7,32,39,57,140,13,4,33,95,30,66,43,29,33,15,7,32,20,9,21,20,28,48,18,20,38,24,6,19,10,30,28,19,28,49,12,26,17,47,36,37,5,16,49,157,27,55,29,32,114,21,57,125
"COG3153",15,67,54,51,25,24,21,33,78,51,47,100,32,79,46,22,65,18,59,36,39,45,17,39,54,44,9,33,42,69,23,52,61,71,45,20,11,16,71,78,48,110,46,57,42,74,36,34,44,7,117,51,42,20,41,48,11,56,74,58
"COG3154",5,36,0,1,1,6,5,1,5,0,2,56,0,0,0,7,2,0,0,1,1,0,0,0,2,3,4,9,1,1,0,0,11,0,3,0,0,1,3,1,1,2,1,3,1,7,2,0,1,0,3,8,0,0,0,1,0,7,16,2
"COG3155",2,12,4,0,3,7,0,2,5,2,3,18,0,0,0,6,3,1,0,1,0,0,0,0,1,0,0,7,0,1,0,1,10,0,0,0,0,0,2,1,2,1,0,1,1,1,0,2,0,0,4,6,0,0,14,0,1,7,18,2
"COG3156",11,110,0,1,0,5,4,0,7,0,0,112,3,0,0,3,5,0,0,0,1,0,0,0,2,1,5,36,1,2,1,1,15,2,1,0,0,1,1,2,4,6,0,4,1,0,0,0,0,1,4,0,0,0,0,1,0,6,16,8
"COG3157",28,137,0,3,0,3,4,1,9,0,8,221,2,1,0,36,27,0,1,2,2,1,0,1,3,3,12,25,2,12,0,5,58,4,4,1,0,1,1,1,6,17,1,9,2,42,1,0,1,3,52,10,0,1,3,5,2,52,47,3
"COG3158",48,222,79,17,74,340,166,148,35,58,180,222,8,4,6,751,20,160,37,13,11,179,171,146,11,2,329,71,12,7,31,8,33,178,66,68,160,16,25,2,66,10,4,22,2,21,138,8,12,157,16,131,153,114,2,56,220,24,83,148
"COG3159",1,17,0,0,3,5,2,1,2,0,3,15,0,2,0,5,3,0,0,0,0,0,0,0,3,1,0,10,1,1,3,0,6,0,0,0,0,2,0,2,0,1,0,1,3,2,0,0,1,1,3,8,4,0,2,4,0,7,12,3
"COG3160",7,40,0,0,0,9,6,1,4,0,31,76,2,0,0,7,8,0,0,3,0,0,0,0,0,0,6,14,2,1,0,1,13,0,1,0,0,1,0,0,2,3,0,7,0,7,2,0,0,1,9,8,1,0,0,3,0,8,27,13
"COG3161",5,52,0,1,0,3,5,0,1,0,1,67,1,0,0,10,2,0,1,1,2,0,0,0,1,2,5,13,2,3,0,2,7,0,2,0,0,2,0,1,1,3,0,6,3,4,0,0,1,0,5,7,1,1,0,0,0,16,13,2
"COG3162",6,24,0,0,0,2,3,0,3,0,1,41,0,0,0,2,6,0,0,1,1,0,0,0,0,0,3,6,1,1,0,1,5,4,0,0,0,1,0,0,2,1,0,0,0,8,0,0,0,0,4,4,2,0,0,0,1,7,12,3
"COG3164",25,166,0,6,9,28,40,6,24,10,15,289,9,15,0,33,19,5,14,8,13,2,4,7,17,26,14,65,5,25,2,11,30,4,22,4,8,5,3,5,27,9,14,38,19,20,51,2,6,1,35,25,34,2,11,24,3,47,128,25
"COG3165",6,39,0,0,0,5,4,0,3,0,3,63,0,0,0,11,11,0,1,2,0,0,0,0,3,0,1,15,0,0,0,1,7,2,6,1,0,1,0,2,4,0,0,7,1,3,2,0,2,0,7,6,0,0,1,6,0,6,22,6
"COG3166",3,33,0,3,0,4,0,0,10,4,1,61,2,0,0,10,13,0,3,4,0,1,0,3,6,1,2,12,3,3,0,2,3,0,2,0,0,2,1,1,0,1,8,4,10,6,4,0,7,0,10,1,0,0,4,4,0,9,0,2
"COG3169",3,30,42,43,63,11,49,94,53,33,21,1,28,78,39,6,76,34,83,57,58,13,25,63,69,51,21,30,8,87,30,59,68,55,55,37,52,24,79,39,85,46,41,59,42,80,62,28,46,20,53,1,30,47,65,37,2,17,45,32
"COG3171",10,44,0,1,0,6,4,2,3,0,1,49,0,0,0,6,10,0,0,1,2,0,0,0,4,1,4,9,0,1,0,3,8,1,1,0,0,4,0,0,3,3,0,4,0,2,1,0,0,2,7,7,3,0,0,13,0,3,22,5
"COG3172",14,45,1,2,3,24,9,3,4,0,3,80,2,1,0,37,12,0,0,2,1,1,2,0,4,7,4,21,2,2,2,1,17,2,2,9,0,3,13,0,5,3,0,5,1,7,8,2,0,2,14,76,12,0,0,7,22,18,58,9
"COG3173",23,56,4,9,5,0,0,9,7,18,34,149,1,4,7,23,6,2,0,1,11,0,2,1,2,0,1,3,0,2,4,6,8,1,1,2,0,11,10,0,0,0,8,1,4,0,1,14,5,6,16,51,8,6,0,18,0,23,1,13
"COG3174",12,12,42,115,111,8,30,34,50,31,8,0,41,128,103,10,147,14,85,85,112,45,10,33,175,103,5,58,25,155,59,138,50,72,78,20,8,38,74,96,56,119,96,74,61,185,60,28,122,10,130,0,31,9,97,51,5,18,56,20
"COG3176",28,154,200,202,282,17,442,260,280,233,330,0,149,315,239,27,377,218,339,248,232,442,451,287,353,280,521,146,77,443,152,262,384,509,327,176,526,115,403,211,264,243,237,303,147,312,255,138,234,406,201,15,208,248,189,205,11,119,331,367
"COG3177",242,260,434,356,508,345,547,357,446,458,869,52,275,437,453,649,417,457,406,446,596,493,649,643,519,371,942,262,327,535,345,279,613,968,433,509,328,330,473,409,582,437,430,330,373,330,305,459,490,374,413,236,692,496,393,463,368,487,400,266
"COG3178",9,25,80,100,136,9,222,129,107,119,274,0,69,150,114,13,152,101,175,141,117,244,209,190,150,123,343,97,34,170,106,154,145,240,159,91,248,44,144,132,154,108,151,139,93,186,184,75,131,182,145,3,145,125,132,127,4,51,150,196
"COG3179",1,35,7,2,0,0,2,0,0,0,0,2,0,0,0,1,21,0,0,1,2,0,0,0,0,0,20,6,0,0,0,0,0,0,0,1,1,0,6,1,0,0,0,1,5,0,0,0,0,0,0,3,0,25,0,0,0,0,0,19
"COG3180",7,33,4,3,2,0,5,3,31,10,0,42,2,6,0,9,11,6,5,10,5,2,0,8,11,7,2,20,2,1,8,15,10,6,0,5,1,1,4,6,1,9,12,10,21,9,3,5,3,2,37,7,3,1,10,0,1,17,24,13
"COG3181",3,15,62,60,27,62,44,15,91,53,20,101,115,34,31,6,49,45,32,20,49,39,47,52,59,85,10,33,24,43,36,89,55,32,80,35,36,33,19,35,43,52,41,53,102,24,85,37,44,32,77,12,46,53,85,44,75,43,36,33
"COG3182",1,26,52,88,97,13,43,30,37,33,6,0,52,82,55,14,117,94,104,110,41,17,5,35,96,95,66,52,15,113,25,103,109,91,65,65,1,34,100,51,91,79,79,94,37,108,116,38,76,5,74,32,55,22,68,86,2,40,158,39
"COG3183",2,134,29,1,7,5,5,31,1,17,10,249,1,0,1,26,6,2,8,1,6,127,0,3,2,1,3,26,3,12,1,1,1,2,64,12,13,5,8,11,17,2,9,5,2,14,0,15,23,0,1,6,2,6,2,17,4,1,16,0
"COG3185",0,0,0,0,0,0,0,0,1,0,4,0,0,0,0,2,0,0,0,1,0,0,0,0,0,0,0,6,0,0,0,1,7,0,0,0,0,0,1,0,0,0,0,0,0,0,0,0,0,0,0,9,0,0,0,0,0,0,28,3
"COG3187",15,23,77,63,107,8,53,64,41,29,8,52,48,105,72,12,130,70,117,85,57,44,6,42,91,79,10,59,28,135,34,60,89,88,79,81,16,21,61,74,88,68,83,61,40,108,90,40,62,6,99,4,51,23,65,87,4,26,132,58
"COG3188",189,1268,1,13,2,100,86,12,89,0,41,1583,26,7,1,209,154,0,6,25,9,4,0,2,32,29,103,421,13,45,6,15,160,36,49,2,10,26,7,16,56,33,4,117,49,169,23,2,8,4,179,163,1,5,12,22,6,145,571,104
"COG3189",10,50,33,40,39,31,26,11,52,16,9,41,29,38,48,33,28,16,47,46,45,23,7,15,36,43,3,35,9,69,25,49,48,23,31,11,6,23,33,34,46,48,33,20,16,39,32,28,33,5,60,7,14,15,44,21,3,19,26,16
"COG3190",1,21,0,0,0,1,4,0,2,0,0,25,0,0,0,3,1,0,0,1,0,0,0,0,1,0,0,4,0,0,0,0,1,0,2,0,0,0,0,0,1,1,0,2,0,1,0,1,0,0,1,4,0,0,1,1,0,3,0,1
"COG3191",126,31,51,43,35,75,18,23,24,32,23,29,70,32,26,54,39,50,25,28,30,24,33,41,17,46,6,29,22,11,29,33,20,19,48,38,14,78,23,26,42,16,46,54,92,5,23,53,40,51,33,16,30,23,26,28,41,50,36,16
"COG3192",20,33,10,14,17,31,14,1,19,7,3,73,9,6,16,12,7,15,11,18,4,2,2,4,5,10,4,23,11,1,2,20,14,11,17,4,6,21,13,9,10,11,12,13,21,9,5,14,9,36,35,1,4,11,12,7,3,15,28,8
"COG3193",110,30,7,4,5,27,9,6,13,9,4,47,22,1,19,29,10,3,8,9,5,7,11,6,8,9,6,28,20,6,3,13,8,13,5,4,8,21,12,10,8,12,35,12,14,9,12,12,5,7,43,73,8,2,6,7,10,17,45,11
"COG3194",2,10,0,0,0,0,2,1,2,0,0,22,0,0,0,4,1,0,0,0,0,0,0,0,0,1,3,8,0,0,0,0,2,0,0,0,0,0,0,0,0,2,0,2,1,3,0,0,0,0,2,0,0,0,0,0,0,3,0,4
"COG3195",0,0,0,0,0,0,0,0,0,0,0,0,0,0,0,0,0,0,0,0,0,0,0,0,0,0,0,5,0,1,0,0,1,1,0,0,0,0,0,0,0,0,0,0,0,0,0,0,0,0,0,3,0,0,0,0,0,0,9,1
"COG3196",6,58,11,27,7,23,9,10,29,15,4,74,7,6,0,0,8,17,3,20,19,4,2,5,22,29,2,19,6,2,11,12,9,6,11,26,4,25,5,5,21,7,12,9,63,2,7,11,9,4,10,11,17,5,17,9,17,4,7,0
"COG3199",0,1,1,0,0,0,0,0,1,0,1,23,1,1,1,1,0,2,0,0,1,0,0,1,6,2,0,3,1,0,3,0,0,0,0,6,0,1,3,0,0,1,1,0,1,0,5,3,4,0,14,0,3,2,0,0,0,6,0,1
"COG3201",17,27,44,29,49,30,91,51,66,51,41,32,24,47,36,65,61,22,40,49,28,22,64,38,63,51,52,47,44,59,76,107,49,78,116,48,168,44,107,64,82,66,89,86,50,100,92,45,107,141,99,35,50,120,92,68,23,57,74,105
"COG3203",55,358,0,3,38,63,80,21,40,52,203,467,9,50,0,73,49,23,24,11,23,7,8,24,71,77,29,128,4,178,15,44,82,15,76,28,19,21,6,20,51,11,38,88,34,50,139,6,2,18,73,52,119,20,76,175,11,78,190,193
"COG3204",10,31,0,1,0,1,1,0,0,0,0,29,1,0,0,9,5,0,0,0,0,0,0,0,0,1,2,13,1,0,0,0,4,2,1,0,0,1,0,0,1,1,0,3,0,9,1,0,0,0,0,0,0,0,0,2,0,5,0,1
"COG3206",45,264,162,231,148,16,362,285,175,151,223,319,131,175,123,41,218,136,411,207,138,449,422,247,409,206,405,159,72,188,119,205,299,405,339,85,263,88,182,184,206,96,274,210,97,220,338,46,217,241,81,67,166,162,150,118,108,75,243,157
"COG3208",1,8,7,1,14,0,1,1,5,10,3,17,6,7,0,13,3,5,9,1,2,19,1,10,2,0,0,2,24,6,0,3,9,0,2,5,0,6,3,1,21,48,1,6,7,7,4,8,14,34,21,27,1,4,2,0,12,7,25,1
"COG3209",195,1510,432,653,219,256,740,274,1019,838,286,1393,398,316,516,266,639,137,369,398,682,552,278,371,466,461,2184,979,354,1179,488,733,407,125,626,335,1168,408,313,599,512,962,346,635,180,718,830,809,873,2087,373,179,392,299,744,619,106,293,579,659
"COG3210",1,36,19,58,38,4,40,24,69,65,103,93,21,25,8,25,34,18,37,47,29,23,1,19,21,14,257,26,8,25,103,35,47,22,113,20,5,23,81,8,9,58,46,48,25,25,90,60,136,15,261,79,70,139,53,29,4,112,52,159
"COG3211",1,0,0,0,0,6,1,3,1,0,0,0,0,0,0,0,1,0,0,0,0,0,0,0,0,0,0,0,0,0,0,0,0,0,0,0,0,0,0,0,0,0,0,0,0,0,0,0,0,0,0,14,0,0,0,0,0,0,0,0
"COG3212",12,3,10,0,1,20,5,0,1,4,3,10,10,1,1,22,1,7,4,0,6,28,9,5,3,2,1,6,13,2,7,9,31,6,9,13,4,1,9,1,1,30,24,12,10,2,22,22,3,7,7,9,17,4,5,7,67,32,2,2
"COG3213",0,0,0,0,0,1,0,3,0,0,0,0,0,0,0,0,0,0,0,2,1,3,0,2,0,5,0,0,0,0,0,0,2,0,0,0,1,0,0,0,0,0,0,0,0,0,0,0,0,3,0,3,3,0,0,18,0,0,2,0
"COG3214",6,77,0,1,0,3,14,2,2,0,1,117,2,0,1,10,5,0,0,1,0,0,0,0,1,4,6,17,3,2,0,1,3,1,1,0,0,0,3,0,3,3,1,9,6,11,2,1,1,1,6,4,3,1,1,4,1,22,27,4
"COG3216",0,14,2,0,0,0,0,0,3,0,0,0,0,0,0,0,0,0,2,0,0,0,0,0,0,0,0,11,0,0,0,0,0,0,0,0,0,0,0,0,0,0,0,0,0,0,0,0,0,0,0,0,0,0,7,0,0,1,0,0
"COG3217",2,30,0,0,1,4,0,1,1,0,0,55,2,0,0,5,6,0,0,0,0,0,1,0,0,2,1,9,1,3,0,0,12,2,1,0,0,1,0,0,4,3,0,4,2,9,0,0,1,0,10,11,0,0,0,1,1,14,16,7
"COG3218",1,0,0,0,0,0,2,0,0,0,0,0,0,0,0,0,0,0,0,0,1,0,0,0,0,0,0,0,2,0,0,0,0,0,1,0,0,0,0,1,0,0,0,0,0,0,0,0,0,0,0,0,0,0,0,0,0,0,0,0
"COG3219",0,0,0,0,0,0,0,1,0,0,0,0,0,0,0,0,0,0,0,1,0,0,0,0,0,4,0,0,0,0,0,0,1,0,0,0,0,1,0,0,0,0,0,0,0,0,0,0,0,0,0,1,0,0,0,5,0,0,0,0
"COG3220",0,0,0,0,0,0,0,0,0,0,0,0,0,0,0,0,0,0,0,3,0,1,0,1,0,6,0,0,0,0,0,0,0,0,1,0,5,0,0,0,0,0,0,0,0,0,0,1,0,2,0,0,4,0,0,10,0,0,0,0
"COG3221",20,33,22,17,35,106,12,5,28,35,13,89,17,16,6,56,11,20,16,15,10,9,3,48,9,12,5,21,30,5,38,32,22,11,13,15,3,11,13,21,19,10,20,59,17,15,7,29,24,9,16,18,15,19,20,7,3,33,49,9
"COG3222",5,2,1,0,2,3,2,1,0,2,0,12,1,2,4,3,2,2,2,0,5,0,0,0,4,6,1,1,2,12,3,1,3,3,1,4,1,3,6,0,4,5,3,4,3,0,7,1,2,3,11,7,0,3,1,4,16,7,1,1
"COG3223",8,40,0,1,0,3,9,1,5,0,1,74,0,0,0,15,9,1,0,4,1,1,0,2,2,3,4,14,0,0,0,1,9,1,0,0,1,8,1,1,7,1,0,13,0,5,4,0,2,0,9,14,1,2,0,4,1,4,4,4
"COG3224",0,0,0,0,0,0,0,0,1,0,0,0,0,0,0,0,0,0,1,0,0,0,0,0,0,0,0,5,1,0,0,1,0,0,0,0,0,0,0,0,0,0,0,0,0,0,0,0,0,0,0,3,0,0,1,0,0,0,8,0
"COG3225",359,106,210,198,128,174,33,179,127,184,52,81,144,119,263,90,96,72,69,125,181,39,71,123,62,86,19,211,203,178,174,123,75,59,98,204,68,237,195,125,175,222,95,71,197,156,133,272,144,119,272,139,150,117,162,113,53,166,50,63
"COG3226",6,30,0,1,0,8,6,0,5,0,3,47,4,1,0,4,2,0,0,0,1,0,0,0,2,3,0,13,0,4,0,0,5,2,4,0,0,0,0,0,0,2,0,2,3,3,0,0,1,0,6,3,0,1,0,1,0,7,19,1
"COG3227",2,0,37,0,0,4,0,0,1,0,0,0,1,0,26,0,0,3,0,1,1,0,0,3,0,0,0,0,0,0,0,0,0,1,0,0,1,0,0,0,0,0,0,1,4,0,0,0,0,2,0,10,0,0,1,0,0,14,0,0
"COG3228",6,32,0,1,0,3,3,0,0,0,0,46,1,0,0,3,4,0,0,4,0,0,0,0,2,3,0,15,0,0,0,1,3,0,1,0,0,1,0,0,2,2,0,1,0,3,0,0,0,0,5,9,1,0,1,0,1,6,24,3
"COG3231",16,1,4,11,1,1,0,18,6,4,4,4,3,0,1,18,7,0,3,0,1,0,3,0,8,15,2,3,3,32,0,3,2,0,2,1,0,0,6,8,3,0,7,1,1,0,7,0,1,1,2,1,2,1,1,1,2,7,0,3
"COG3232",6,0,0,0,1,2,1,0,0,0,0,0,0,0,0,7,1,0,0,0,1,0,0,0,1,1,0,3,0,0,0,1,2,2,3,0,0,0,0,0,1,0,0,2,0,2,0,0,0,0,0,1,0,0,1,0,0,0,12,5
"COG3234",4,41,0,0,0,0,2,0,2,0,0,63,1,0,0,6,2,0,0,2,0,1,0,0,4,1,2,12,0,2,0,0,2,1,3,0,0,0,0,0,1,0,0,8,1,5,0,0,0,1,5,0,0,0,0,0,0,9,0,2
"COG3236",49,43,15,7,13,6,2,34,34,23,26,69,6,8,32,15,23,47,12,13,15,6,21,20,7,26,6,18,11,2,38,32,46,20,18,23,19,33,18,21,26,6,19,16,6,7,15,30,15,23,9,51,15,17,10,29,4,48,37,4
"COG3237",5,9,0,1,0,1,0,0,3,0,1,22,0,0,0,1,2,0,0,1,0,0,0,0,0,0,1,5,0,0,0,0,2,3,0,0,0,9,2,0,0,2,0,1,0,1,4,0,1,1,4,20,0,0,1,0,0,4,14,2
"COG3238",83,20,30,27,22,69,5,8,18,24,11,191,51,20,30,86,12,34,13,25,28,9,19,24,12,27,0,40,48,12,46,32,10,11,11,28,13,33,7,30,19,16,6,35,13,8,9,17,18,10,15,102,33,14,19,33,53,37,15,5
"COG3239",0,1,0,0,0,0,0,2,0,0,5,3,0,0,0,1,1,0,0,1,0,0,0,0,0,0,0,2,0,0,0,1,7,0,0,0,0,0,0,0,0,0,0,0,0,0,0,0,0,0,0,1,0,0,0,0,0,0,26,2
"COG3242",2,14,0,0,0,1,2,0,4,0,3,30,0,0,0,4,3,0,0,1,1,0,0,0,0,1,0,9,0,1,0,3,4,1,2,0,0,0,1,0,0,1,0,2,0,6,1,0,1,0,2,1,0,0,0,0,0,4,2,1
"COG3243",0,0,1,0,0,0,0,0,0,0,0,0,0,0,0,0,0,0,0,0,0,0,0,0,0,0,0,0,0,0,0,0,0,0,0,0,0,0,0,0,0,0,1,0,0,0,0,0,0,0,0,0,0,1,0,0,0,0,1,0
"COG3246",0,21,16,10,8,10,16,8,67,22,9,41,18,7,16,4,9,10,12,2,19,37,20,2,28,5,2,31,9,6,19,42,29,18,16,17,11,12,53,21,30,24,34,22,56,8,24,7,28,5,105,16,4,10,36,24,103,51,1,20
"COG3247",18,63,1,0,23,16,7,4,9,5,6,85,0,12,0,104,17,17,3,2,7,0,0,1,2,5,6,40,0,5,1,0,9,2,4,4,2,0,1,1,11,1,0,8,4,7,1,2,0,6,9,4,9,11,5,1,0,13,29,6
"COG3248",7,51,0,0,1,3,9,0,2,0,5,67,1,0,0,9,10,0,0,0,0,0,0,0,1,0,0,19,0,0,0,2,12,3,4,0,0,0,0,0,4,13,0,9,2,8,1,0,1,1,10,13,1,0,1,1,0,16,14,2
"COG3250",1324,2250,3637,7027,4043,1626,5229,2995,4154,3302,3531,1259,3670,5223,5028,1985,5223,3060,5311,6321,5868,5130,3938,4096,6478,4217,5683,4740,2882,7018,3622,4769,4921,5484,4571,3591,2544,2814,4508,5249,5187,6831,5010,3792,4365,7384,4599,3338,4946,4329,6137,1272,5039,2996,5994,4170,1679,2924,4405,5258
"COG3251",1,10,0,0,0,0,0,0,0,0,0,20,0,0,0,2,0,0,0,0,0,0,0,0,1,0,0,6,0,0,0,0,0,2,0,0,0,0,0,0,3,2,0,0,0,2,0,0,0,0,4,1,0,0,0,0,0,0,3,5
"COG3252",0,0,0,0,1,0,1,0,2,0,1,20,0,0,1,0,0,0,0,1,0,0,0,0,6,1,0,0,0,0,0,0,0,0,0,0,0,0,1,0,0,3,2,0,0,0,5,0,0,0,17,0,0,0,0,0,0,13,0,0
"COG3253",1,0,1,0,0,1,0,1,0,0,0,1,0,0,0,1,0,0,0,0,0,0,0,0,0,0,0,0,0,0,0,0,0,0,0,0,0,5,1,0,0,0,0,1,0,0,6,0,0,0,1,11,0,0,0,2,0,0,1,0
"COG3254",17,29,17,45,21,17,19,18,40,26,9,61,37,42,45,16,61,29,34,40,32,64,14,36,43,38,68,30,18,69,24,28,65,54,31,42,2,23,31,33,54,85,32,30,27,53,34,36,29,7,89,20,38,24,19,21,7,10,72,33
"COG3256",0,0,1,1,3,5,1,2,0,0,0,0,0,0,0,8,0,0,0,3,0,2,0,1,1,14,0,0,0,0,0,0,0,4,2,0,6,9,0,0,0,1,0,0,0,0,13,1,0,4,3,37,1,1,1,28,0,0,1,0
"COG3257",0,7,0,1,1,0,6,2,6,2,1,52,0,0,0,11,6,1,0,0,1,0,0,1,4,0,8,12,8,2,1,1,4,1,4,0,0,0,6,1,5,2,8,4,0,5,20,0,1,0,15,2,0,0,5,1,0,10,0,6
"COG3259",1,2,0,0,0,0,0,0,0,0,0,0,0,0,0,1,0,0,0,0,0,0,0,0,0,0,2,0,0,0,1,0,0,0,0,0,0,1,0,0,0,0,0,0,0,0,0,1,0,0,0,0,0,1,0,0,0,37,0,0
"COG3260",11,77,8,7,3,4,16,8,34,11,2,87,2,7,0,9,11,2,13,8,1,1,1,2,11,5,1,25,7,6,7,28,16,5,11,1,2,1,14,5,8,7,8,20,11,10,3,3,12,4,16,4,4,4,11,4,1,25,20,15
"COG3261",16,129,6,11,8,4,20,7,51,18,8,106,7,8,3,20,15,6,15,18,6,0,5,11,16,11,2,57,6,9,8,19,16,9,29,5,2,8,11,13,16,13,28,25,24,17,5,11,14,7,31,11,11,8,25,3,6,52,37,18
"COG3262",16,122,0,0,0,2,20,0,10,0,4,149,6,3,0,13,12,3,3,6,1,1,1,1,8,8,4,60,1,3,0,1,14,8,14,2,3,5,0,1,6,4,4,13,8,16,7,1,2,4,14,17,6,0,0,7,2,18,45,23
"COG3263",24,55,69,76,100,10,72,39,92,41,79,63,84,111,78,38,93,93,112,92,82,77,37,58,72,91,10,52,84,96,92,171,226,110,147,162,37,109,235,153,170,142,219,188,120,162,153,94,183,76,144,23,162,58,177,180,245,92,137,114
"COG3264",43,233,7,7,8,46,45,10,32,23,186,463,9,11,0,50,15,6,18,8,18,4,2,12,20,30,12,144,3,43,4,11,21,8,6,2,6,11,1,4,7,11,5,15,12,17,11,1,1,2,12,29,10,1,26,21,7,19,69,61
"COG3265",3,44,0,0,1,7,0,0,4,0,2,66,2,1,0,42,4,6,1,0,1,0,1,0,1,0,3,6,0,1,0,0,9,0,1,1,0,2,0,0,22,2,0,3,5,10,2,0,1,2,16,9,0,1,1,2,19,16,13,8
"COG3266",8,41,0,0,0,2,3,0,2,0,4,77,2,0,0,9,5,0,0,2,0,0,0,0,1,1,0,19,0,1,0,0,14,0,1,0,1,1,1,1,2,1,0,5,1,7,1,0,1,0,7,9,0,0,0,1,0,3,32,8
"COG3267",108,1,0,7,0,8,5,10,6,7,88,25,18,9,7,62,3,1,11,11,5,8,20,11,2,19,3,2,39,6,3,11,2,2,5,4,3,3,0,3,3,5,8,5,6,0,2,0,14,12,1,6,1,0,2,2,7,0,1,21
"COG3268",0,8,0,7,0,0,0,0,10,0,0,0,0,0,0,0,1,0,7,0,4,0,1,0,5,0,0,0,0,4,0,0,1,0,4,0,0,1,0,2,0,0,1,2,0,0,0,0,0,0,0,0,0,0,0,0,1,4,0,0
"COG3270",94,48,61,49,29,89,7,58,31,39,26,89,82,31,96,34,34,45,22,54,42,16,28,23,6,85,4,80,92,25,62,15,21,10,40,21,33,129,14,56,17,50,23,35,120,10,25,65,44,34,20,119,56,26,26,54,53,65,45,18
"COG3271",0,0,1,0,1,0,0,2,0,0,0,0,0,0,0,0,1,0,0,0,0,0,2,1,2,0,0,2,0,0,2,0,0,0,0,1,0,0,0,1,1,0,1,0,0,0,0,0,0,2,0,0,0,0,1,1,0,0,0,0
"COG3272",0,11,0,0,0,4,0,1,1,0,3,13,1,0,0,2,4,0,0,1,0,1,0,0,0,0,1,13,0,1,1,1,3,2,2,0,0,1,0,0,4,2,0,3,1,8,0,0,0,2,10,4,0,0,0,0,0,5,28,6
"COG3274",104,169,143,219,156,108,120,192,257,109,87,167,172,284,234,72,233,77,255,339,260,308,45,86,277,174,33,172,143,326,120,265,141,333,265,175,75,127,194,148,356,232,217,194,120,330,158,91,151,43,240,23,128,154,202,331,41,167,164,88
"COG3275",55,439,300,562,502,73,399,285,378,266,392,254,278,433,312,97,606,554,588,489,444,449,198,429,531,430,605,274,124,632,250,533,475,358,394,386,221,152,565,329,515,526,502,474,259,751,566,288,387,610,557,64,357,341,542,305,24,337,555,277
"COG3276",20,70,5,1,13,75,17,11,23,11,11,183,19,11,6,20,11,16,24,11,13,9,8,3,17,18,2,37,20,9,11,19,36,25,21,7,5,22,26,6,34,13,49,10,18,7,27,21,8,24,81,52,6,3,12,34,7,44,73,14
"COG3279",1392,528,1260,962,1087,845,371,1122,922,1041,654,436,1187,780,1318,544,765,966,719,749,1020,410,612,1067,838,749,638,922,948,726,1294,696,640,642,645,1193,644,1223,819,1150,847,982,710,894,770,888,671,986,953,1168,722,1203,1120,931,930,1033,412,738,613,578
"COG3283",9,64,0,1,0,4,16,1,2,0,3,75,4,0,0,13,8,1,2,3,1,79,16,1,6,2,2,28,43,3,0,0,31,1,1,3,0,3,5,3,1,2,2,1,0,9,9,0,0,1,3,4,2,0,1,4,75,3,14,2
"COG3284",5,18,8,2,4,5,22,8,28,12,5,11,5,8,2,14,7,27,16,5,6,88,31,15,11,13,1,43,27,3,27,35,69,19,13,21,1,1,27,7,19,7,17,12,29,7,32,11,4,12,27,29,9,3,19,3,207,53,89,37
"COG3287",0,5,6,10,16,0,0,23,20,7,10,0,18,8,39,0,1,42,3,21,5,4,21,11,4,16,0,14,155,4,92,2,0,16,12,6,15,41,1,19,3,0,14,14,1,10,11,16,21,5,15,0,38,9,9,49,3,13,11,8
"COG3288",19,100,6,2,32,51,5,1,9,3,88,97,7,0,1,205,2,22,2,6,1,1,3,0,3,7,3,23,10,4,0,5,7,3,2,1,6,6,3,2,26,3,2,9,8,8,1,0,0,4,8,28,4,0,17,13,85,21,39,58
"COG3290",30,193,30,26,3,31,28,31,57,46,32,334,13,35,53,45,24,10,24,41,48,12,6,21,44,28,19,96,10,5,40,19,17,23,19,22,3,17,14,23,10,8,11,46,19,17,3,39,12,8,28,21,22,62,17,20,4,32,56,22
"COG3291",60,6,32,116,51,9,31,340,38,53,18,0,47,99,63,4,54,24,47,55,73,21,17,237,27,50,308,21,150,61,75,21,118,24,32,8,211,17,275,69,57,19,90,30,18,35,137,82,43,29,37,15,21,116,60,45,10,158,36,237
"COG3292",333,1175,2841,8244,3928,490,5385,1245,3936,3066,3901,20,2647,5449,4770,520,4789,3116,4970,4781,5966,4201,4803,3871,5162,3777,5972,3610,1433,7985,2876,4354,6519,4364,5030,2580,3657,1532,4135,5019,4238,6425,4026,3102,2613,8795,4542,1821,4419,4936,8779,82,4166,3312,7188,2171,208,2204,4319,5574
"COG3293",8,18,62,26,60,37,54,55,36,61,37,2,12,77,158,66,30,97,96,7,80,12,26,43,45,45,14,50,4,394,9,99,375,153,33,296,110,16,118,30,448,84,219,26,90,7,114,69,41,26,21,36,678,40,107,54,5,122,200,7
"COG3294",0,2,11,1,3,5,0,10,22,12,7,13,36,9,23,20,3,4,2,5,10,3,14,7,0,10,4,7,12,3,46,6,4,1,3,16,11,23,5,22,6,34,1,11,14,1,1,6,9,19,2,14,28,11,11,8,14,5,0,2
"COG3296",0,9,1,2,0,1,0,0,0,3,0,0,0,1,0,0,0,0,0,0,0,0,0,0,0,0,1,6,0,0,0,1,1,0,2,0,0,0,24,0,0,0,0,0,0,0,1,0,0,0,0,0,1,1,1,1,0,1,0,3
"COG3297",8,32,0,1,0,5,3,1,3,0,1,38,0,0,0,5,2,0,0,0,0,1,0,0,5,0,3,14,0,0,0,0,14,0,2,1,2,0,1,0,1,1,0,5,0,3,1,0,2,0,3,2,0,1,1,1,0,1,25,7
"COG3299",12,11,133,37,43,43,17,66,37,40,22,21,63,49,54,28,34,56,21,68,44,0,48,31,27,33,7,34,50,22,29,39,27,25,36,48,20,67,23,17,20,14,38,18,106,21,90,45,33,37,86,29,27,14,39,64,97,157,12,50
"COG3301",12,84,1,0,12,5,7,5,12,9,4,89,2,4,0,6,11,3,7,2,7,2,1,7,12,22,0,11,1,27,4,13,5,2,7,11,6,7,0,4,8,6,9,15,11,7,23,0,1,4,14,4,18,6,25,29,1,9,16,8
"COG3302",20,86,0,0,0,11,16,0,6,0,0,116,1,0,0,17,5,0,0,1,2,0,2,0,5,0,3,31,2,2,0,3,4,1,3,0,0,3,4,1,4,1,0,6,2,17,6,1,0,0,12,5,1,1,0,1,0,16,12,5
"COG3303",15,161,24,141,66,10,42,11,99,35,16,165,17,24,83,23,35,51,54,60,75,10,9,29,111,52,9,64,16,109,15,112,79,30,90,71,5,22,114,65,100,118,118,55,25,141,98,38,36,2,191,9,118,13,104,52,3,83,103,31
"COG3304",40,44,18,43,52,40,28,29,42,40,15,52,40,49,51,100,57,15,52,68,57,38,42,51,37,56,9,33,23,77,9,37,21,25,28,23,3,10,26,30,20,19,15,24,16,33,28,11,20,38,39,15,15,22,24,18,32,14,23,25
"COG3306",3,0,1,14,2,2,2,3,4,0,1,1,1,30,11,11,11,2,1,3,2,4,2,5,47,6,5,0,3,8,2,1,5,0,0,1,2,2,19,2,8,15,12,1,3,18,16,1,11,1,27,6,4,1,0,19,0,22,7,0
"COG3307",46,162,22,9,15,12,42,15,41,31,21,187,9,15,5,25,38,32,30,54,11,59,24,11,13,44,10,46,29,7,13,17,49,8,25,15,10,17,15,10,30,9,64,32,20,24,40,22,12,25,84,54,7,34,23,35,176,58,23,18
"COG3309",0,1,0,1,0,1,0,0,2,5,0,0,1,0,2,0,0,0,1,1,0,0,129,4,0,0,65,0,0,9,0,0,9,61,61,1,2,0,18,2,0,1,0,0,2,0,0,1,6,0,6,0,1,38,1,0,0,0,7,3
"COG3311",8,7,0,0,0,1,3,2,1,2,2,80,1,0,0,18,6,0,0,2,2,0,0,0,1,0,6,16,0,5,0,0,17,1,0,0,2,0,0,0,1,2,0,2,4,8,2,0,1,1,13,1,1,1,1,0,2,4,5,1
"COG3312",3,29,0,0,1,4,4,2,2,1,3,61,1,0,0,10,5,0,0,3,1,0,0,0,3,1,3,15,1,2,0,3,6,3,2,0,1,5,0,0,6,2,0,5,1,9,1,0,1,0,6,9,0,0,0,5,2,7,19,5
"COG3313",2,19,0,0,0,3,1,0,4,0,1,31,0,0,0,2,4,0,0,1,0,0,0,0,1,1,2,6,0,1,0,0,1,0,0,0,0,0,0,0,0,0,0,3,0,7,0,0,1,0,3,2,0,0,0,0,0,1,8,3
"COG3314",133,64,107,79,103,165,20,114,75,101,76,267,77,97,107,46,22,67,58,103,86,48,43,46,37,95,23,117,123,30,149,72,44,31,55,164,42,152,60,99,50,67,67,117,144,24,104,118,67,61,87,72,128,111,79,105,115,159,35,28
"COG3315",67,40,107,73,88,62,5,61,57,71,84,24,122,62,66,17,32,55,68,41,56,36,22,60,41,26,18,96,71,8,123,51,34,40,46,81,17,100,56,92,69,59,35,48,69,38,37,90,54,25,20,55,113,164,73,61,10,43,36,51
"COG3316",41,581,4,4,5,9,14,1,14,0,3,1039,7,3,0,83,40,6,4,14,0,4,21,1,15,10,15,16,5,6,2,15,1,15,8,1,2,7,5,2,14,9,1,100,10,10,19,0,10,1,30,33,3,1,6,4,1,51,1,6
"COG3317",6,43,0,0,3,9,5,2,4,5,77,65,0,2,0,6,5,1,4,1,5,3,3,7,4,10,1,14,4,9,1,6,13,1,7,1,5,1,2,1,7,2,7,10,4,5,15,1,0,0,4,5,6,1,2,21,0,6,27,36
"COG3318",4,23,0,0,1,19,3,0,0,0,0,26,1,0,0,7,2,0,1,0,0,1,1,0,1,2,1,7,1,1,1,2,2,1,8,1,0,0,0,0,4,2,2,3,1,0,7,0,0,0,3,4,2,1,0,4,0,3,9,2
"COG3319",23,71,2,0,1,4,13,7,30,0,7,225,6,0,0,92,23,0,3,7,1,1,1,0,14,8,8,40,4,8,2,2,46,1,6,0,0,12,1,1,10,14,1,8,19,48,6,0,4,1,11,34,0,0,1,2,1,38,223,28
"COG3320",687,5,21,4,8,33,4,15,11,24,6,0,35,13,138,114,3,42,19,23,7,11,33,11,4,59,3,36,139,20,15,16,14,10,7,48,24,94,41,9,10,21,7,44,41,4,4,79,18,9,0,339,17,12,6,4,60,59,20,6
"COG3321",53,0,3,1,12,0,22,17,67,0,0,96,5,9,135,80,17,5,18,4,0,0,0,1,5,3,1,2,1,14,9,5,117,0,2,13,0,6,8,1,7,7,18,1,23,34,23,70,2,1,28,166,3,6,0,20,5,1,155,7
"COG3323",6,43,41,76,89,32,53,46,57,29,9,6,42,96,49,13,103,64,95,73,60,72,21,30,76,63,3,31,36,123,39,93,98,56,67,58,12,28,110,75,92,94,71,109,46,131,74,37,82,13,74,15,57,32,84,75,138,44,58,46
"COG3324",0,3,21,34,7,2,0,0,16,9,0,0,5,4,16,3,14,5,23,6,20,2,1,15,8,8,12,7,3,24,5,7,17,7,6,0,5,1,64,7,14,38,45,7,7,39,19,3,6,0,45,0,2,1,33,1,0,15,23,9
"COG3325",5,16,34,56,53,31,24,26,47,22,8,8,29,68,52,6,50,3,72,81,68,32,6,31,101,41,10,61,17,80,109,206,30,46,111,18,6,99,39,142,81,155,128,80,55,108,62,81,122,6,36,50,37,19,175,90,6,35,69,26
"COG3326",60,7,39,14,38,28,4,112,17,31,24,6,38,16,42,18,21,21,9,9,11,42,33,30,23,6,31,28,33,10,27,21,14,36,17,29,44,41,14,29,19,18,12,20,12,7,17,44,26,30,6,49,40,47,14,14,11,58,22,28
"COG3327",2,0,0,0,0,1,1,0,1,0,2,57,0,1,0,4,2,0,0,1,0,0,0,0,2,2,5,7,1,1,0,0,1,0,1,0,0,0,0,0,0,0,0,2,1,1,2,0,0,0,1,2,1,0,0,0,0,0,14,2
"COG3328",525,1143,397,267,387,367,61,222,641,274,1116,148,294,367,266,859,336,855,357,357,423,380,139,390,386,453,57,223,494,156,218,600,446,215,1007,484,499,408,541,290,667,272,373,251,311,225,257,328,393,1028,539,415,263,539,404,411,353,375,152,977
"COG3330",0,1,0,0,0,0,0,8,0,0,1,0,0,0,0,0,0,1,0,0,0,0,2,0,0,0,1,0,0,0,14,0,0,0,0,24,0,4,0,12,0,0,0,0,0,0,0,12,0,0,0,0,6,5,0,0,0,41,0,0
"COG3331",53,14,35,29,30,71,1,55,17,37,20,23,134,40,48,43,7,35,30,11,51,13,16,51,18,23,6,37,79,11,60,27,13,15,29,62,17,65,19,29,10,21,19,34,38,36,33,54,21,28,16,144,30,66,36,51,21,49,16,11
"COG3333",2,16,71,108,40,82,54,30,146,82,31,157,224,51,65,17,101,55,52,70,99,58,109,73,117,198,15,63,58,50,88,138,70,42,145,57,76,60,57,62,65,41,76,81,202,48,119,82,100,34,121,13,70,82,124,96,95,51,61,76
"COG3335",132,26,70,13,112,191,23,70,74,157,32,191,210,41,27,227,14,27,56,74,102,21,42,67,28,125,21,141,249,49,38,65,58,62,21,142,25,48,40,106,24,70,31,21,110,36,54,125,14,26,84,166,81,41,44,75,82,91,72,20
"COG3338",0,0,1,0,0,4,0,0,0,0,0,0,0,0,0,3,0,0,0,1,0,0,0,2,0,3,0,0,0,0,0,0,1,0,1,1,2,7,7,0,1,0,0,1,0,0,2,0,0,5,0,55,1,1,1,6,3,0,1,0
"COG3339",1,2,5,2,5,2,1,4,9,5,2,0,0,4,4,2,3,10,3,3,5,23,7,17,7,18,0,2,14,6,1,1,8,3,0,5,1,4,6,0,2,1,0,3,6,4,6,2,0,0,0,4,10,0,0,3,13,8,0,0
"COG3340",59,104,104,84,105,220,115,259,125,160,177,92,106,81,147,185,109,126,65,95,150,84,40,193,40,83,196,104,92,97,173,72,77,37,96,174,97,192,49,95,109,87,53,197,103,45,96,125,96,122,96,95,114,78,78,95,101,101,89,40
"COG3341",79,21,164,119,116,89,83,123,66,60,103,5,123,112,92,60,150,122,117,83,104,86,38,118,103,124,59,57,95,156,131,112,139,136,86,93,60,102,90,129,88,108,119,121,92,121,114,59,104,36,80,88,123,70,117,145,68,46,65,53
"COG3343",1,4,0,0,0,30,0,0,0,0,0,0,0,2,0,21,0,1,0,0,0,0,2,2,0,1,0,0,0,0,0,1,0,0,0,0,0,5,5,0,1,0,1,0,0,0,5,0,0,4,1,94,0,0,0,2,1,7,0,0
"COG3344",1160,930,1297,1115,1841,816,998,1812,1624,722,1044,1157,1241,884,1255,381,1937,1758,1343,859,1297,1436,1314,1326,1635,788,1508,977,855,1107,929,1035,1983,1705,1387,1932,1891,1333,1538,1054,1464,1197,1846,1022,2196,940,2677,1120,2664,1968,1460,730,1010,999,1820,1877,474,1287,1641,2181
"COG3345",562,309,592,481,494,994,551,321,459,472,525,407,398,364,756,1458,436,515,514,634,432,775,635,561,506,239,491,447,929,581,412,458,649,510,507,561,515,585,398,349,615,738,497,508,404,564,504,475,470,584,479,692,500,446,604,487,1459,376,444,510
"COG3347",99,3,1,0,3,14,0,3,12,8,1,0,14,2,1,6,3,5,1,11,2,2,7,4,2,4,2,3,1,0,3,7,0,0,4,3,1,5,5,4,2,7,3,3,8,1,4,6,6,3,0,30,4,4,5,1,4,9,4,0
"COG3350",0,0,0,1,0,0,0,1,0,0,0,10,0,0,0,0,2,0,0,3,0,0,0,0,0,2,5,0,0,0,0,0,0,0,1,0,1,3,0,0,0,4,0,0,3,5,1,0,1,1,16,2,0,0,1,15,0,0,0,2
"COG3359",76,6,95,53,39,39,1,49,27,70,27,38,65,33,69,12,7,31,24,35,59,13,24,39,7,23,5,73,85,16,72,22,11,26,27,57,17,67,15,67,5,67,28,34,20,18,31,62,31,17,12,56,87,72,38,72,36,29,20,14
"COG3366",0,0,0,0,0,0,3,0,7,2,0,0,1,2,0,0,0,2,5,0,3,0,0,1,1,0,0,3,0,2,2,11,2,0,4,0,0,1,2,3,7,0,1,0,1,0,5,4,0,1,0,0,0,1,0,0,1,0,1,4
"COG3369",0,24,13,29,13,0,2,4,17,8,1,1,1,11,0,0,3,0,15,1,5,0,0,1,0,0,0,5,1,4,5,7,7,2,17,1,0,3,20,16,11,10,11,1,6,4,2,7,8,1,21,0,1,5,17,0,0,14,2,6
"COG3376",0,0,0,0,0,4,0,0,1,0,2,0,0,0,0,2,0,0,0,0,0,0,0,0,0,0,0,8,1,0,0,2,4,0,0,0,0,0,0,0,0,0,0,0,0,0,0,0,0,0,0,10,0,1,2,0,0,0,22,1
"COG3378",255,118,288,198,943,292,39,179,172,244,95,44,362,217,92,47,222,143,75,124,256,125,120,152,197,450,156,264,254,41,239,271,91,95,158,320,411,307,113,209,207,49,63,145,617,81,98,224,168,110,98,103,139,299,232,188,170,315,121,110
"COG3379",0,0,2,19,0,0,3,4,0,0,3,7,0,0,1,0,2,2,6,0,2,0,0,0,0,2,0,1,0,1,0,5,3,0,2,0,0,0,0,0,4,4,0,1,0,0,3,0,2,1,0,0,2,8,8,0,1,3,1,0
"COG3381",13,82,1,2,3,6,12,5,7,1,5,106,2,2,2,14,16,2,1,1,3,1,0,0,7,8,4,27,2,5,0,4,13,6,7,3,3,3,1,0,8,4,5,12,5,9,11,0,2,3,12,13,0,2,6,18,1,19,59,7
"COG3382",10,27,40,69,47,9,144,28,68,55,101,3,28,57,47,9,83,59,74,70,42,122,105,88,69,69,113,36,11,85,33,80,60,51,112,43,165,27,62,45,76,65,66,71,32,75,46,42,74,169,50,43,74,100,58,55,0,54,118,103
"COG3383",357,21,57,23,6,46,23,29,43,60,9,45,32,23,31,38,19,18,21,8,47,86,59,20,42,52,2,10,90,15,16,40,56,12,19,31,5,27,26,16,21,22,44,36,68,9,64,75,25,17,62,109,14,15,24,14,198,54,13,24
"COG3384",7,38,0,3,2,12,11,0,5,0,3,57,2,0,0,18,13,28,0,3,1,2,3,1,4,9,4,35,1,2,0,2,10,5,7,0,4,4,2,4,20,2,0,8,1,14,5,0,0,1,30,23,1,4,2,4,2,14,53,11
"COG3385",1756,563,902,791,647,202,1014,3930,1686,827,2168,589,330,513,247,156,1051,1044,683,195,501,1844,818,886,237,91,2717,208,78,303,441,135,1047,2556,425,730,1637,191,745,956,1175,569,634,264,383,435,262,1116,437,1597,139,144,301,1235,192,882,56,710,414,3113
"COG3386",0,21,58,62,25,45,22,12,57,34,23,10,52,28,61,13,62,20,55,80,66,31,14,23,48,83,2,43,22,106,46,39,33,32,50,15,12,29,71,20,44,112,19,32,42,95,44,21,34,9,76,6,22,20,47,15,21,37,160,24
"COG3387",5,12,23,35,89,4,22,53,61,22,8,0,30,68,71,14,57,15,41,130,69,20,6,52,100,55,9,58,15,67,41,124,35,29,69,73,3,56,48,41,32,14,81,59,37,118,34,67,56,4,40,0,33,39,79,23,2,114,35,12
"COG3391",17,246,85,215,73,28,88,91,179,48,48,88,57,56,136,32,122,106,201,144,84,8,6,123,174,51,265,92,42,153,56,70,108,80,202,74,50,20,196,87,93,109,96,131,44,271,143,71,34,6,302,25,35,55,146,99,4,155,121,393
"COG3392",53,85,32,2,34,3,15,13,134,49,48,6,19,21,41,2,19,77,41,46,43,4,10,17,1,34,28,44,35,22,42,47,97,16,9,17,2,48,30,26,27,30,28,13,11,21,21,28,29,222,53,15,21,39,59,23,1,34,33,8
"COG3393",75,5,6,0,0,17,1,5,2,8,3,5,0,3,26,8,1,9,2,31,3,2,0,1,1,3,3,2,8,3,2,0,2,2,0,1,10,23,5,6,0,0,5,0,2,0,0,4,5,0,1,0,3,1,0,8,1,6,0,0
"COG3394",45,75,43,29,12,51,19,11,56,46,37,44,8,29,22,22,40,32,47,12,40,14,25,20,41,17,14,42,30,19,28,65,11,17,28,12,12,60,39,36,49,26,37,51,263,28,31,17,16,13,32,28,33,20,70,9,13,32,29,14
"COG3395",26,101,33,77,30,43,37,21,33,35,72,295,73,19,33,35,32,62,6,18,27,69,76,13,57,96,6,62,55,17,26,31,119,20,47,76,28,38,52,16,17,26,24,27,83,22,98,31,40,51,189,44,9,33,48,41,375,58,91,57
"COG3396",9,0,0,0,0,9,6,1,1,0,2,98,1,2,0,9,1,0,0,4,0,0,0,0,2,0,4,17,1,4,0,1,1,1,4,0,1,0,1,2,0,2,1,5,2,9,2,0,1,0,6,8,0,0,1,0,1,0,44,6
"COG3397",0,1,15,18,5,9,0,1,1,7,1,0,4,0,0,6,1,0,0,1,0,0,5,0,3,0,0,5,4,0,0,1,3,1,0,0,1,3,0,1,0,0,0,0,10,0,0,3,2,4,0,1,1,2,1,2,0,0,2,1
"COG3401",0,14,136,12,11,0,0,6,29,18,8,0,18,5,0,2,2,21,17,79,8,2,18,535,3,2,0,63,19,1,18,1,4,27,24,167,14,26,1,9,0,5,5,9,38,0,4,58,95,9,0,5,9,144,9,36,5,61,0,0
"COG3402",3,3,3,8,41,3,8,24,0,1,1,9,2,0,17,4,43,31,6,5,6,1,2,2,16,16,1,4,2,17,9,20,23,22,2,17,0,3,22,8,5,2,13,26,18,34,9,22,7,1,2,5,1,2,3,23,1,1,3,6
"COG3404",77,69,123,118,95,55,56,121,156,96,62,34,121,102,94,17,125,81,154,150,141,53,28,108,165,154,8,90,89,142,101,146,74,107,113,37,47,96,135,107,132,85,99,121,123,103,171,82,146,29,104,57,78,70,134,72,39,53,66,69
"COG3405",11,96,84,49,62,127,216,72,40,94,291,88,21,80,23,200,59,57,59,18,58,177,86,29,54,45,5,95,54,17,23,22,85,152,127,78,323,49,74,33,56,123,62,62,40,26,34,43,70,254,10,18,173,67,117,35,106,20,76,402
"COG3407",0,1,0,0,0,23,0,0,0,0,0,0,0,0,0,23,0,0,1,0,0,0,1,0,0,0,0,0,1,0,0,0,0,0,0,3,0,2,8,0,1,1,0,0,0,0,11,0,1,0,2,109,0,0,2,1,3,0,0,1
"COG3408",30,79,262,417,298,180,748,398,296,281,334,45,238,342,295,41,402,298,366,327,323,345,622,326,349,256,527,207,213,379,220,330,319,445,509,307,458,247,421,288,313,256,332,266,173,411,317,337,286,665,153,37,238,348,287,272,16,230,219,310
"COG3409",3,54,162,103,74,109,7,105,84,130,47,44,146,52,49,17,66,97,43,82,81,23,55,65,57,124,106,154,98,22,141,75,41,63,44,147,31,143,18,227,73,10,54,53,255,26,50,127,84,27,26,50,119,149,34,84,84,294,24,43
"COG3410",27,30,10,13,7,3,4,14,17,26,9,17,102,20,8,48,11,75,43,22,43,3,8,64,3,0,164,30,6,7,9,23,10,24,22,48,2,66,15,39,38,56,10,7,23,82,12,12,7,1,10,53,20,12,7,54,4,33,23,33
"COG3411",8,25,8,6,7,4,10,6,42,26,5,16,3,7,4,6,7,6,11,1,10,2,1,26,19,10,2,8,11,8,7,17,7,10,7,7,1,2,47,10,20,4,22,13,11,5,4,7,15,2,15,1,9,7,21,2,2,15,5,7
"COG3412",16,62,0,1,1,4,8,0,6,3,28,112,6,2,0,23,10,2,0,1,0,12,3,2,6,2,7,17,17,3,1,5,19,16,2,5,0,3,7,0,9,8,12,8,6,11,18,3,1,2,40,45,1,0,2,5,38,13,36,22
"COG3414",22,41,6,5,13,13,17,3,6,1,6,92,7,3,17,27,14,19,3,6,1,57,19,2,4,5,6,16,38,7,2,9,58,4,5,33,1,15,17,4,6,8,4,10,7,4,19,15,2,10,44,85,2,4,1,13,163,20,55,2
"COG3415",0,0,0,0,0,0,0,0,0,0,1,0,0,0,1,4,0,0,0,0,0,0,0,0,0,0,0,0,0,0,0,0,0,0,0,0,0,0,0,0,0,0,0,0,1,0,0,0,0,0,0,0,0,0,0,0,0,0,0,0
"COG3416",0,0,0,0,0,0,0,0,0,0,0,0,0,0,0,0,0,0,0,1,0,0,0,0,0,0,0,1,0,0,0,0,2,0,0,0,0,0,0,0,0,0,0,0,0,0,0,0,0,1,0,2,0,0,0,0,0,0,7,2
"COG3417",8,26,3,1,0,4,2,0,10,0,0,40,2,1,0,9,4,0,1,1,2,0,0,0,5,1,0,15,0,2,0,3,9,2,10,0,0,2,24,1,11,0,2,3,6,1,1,1,1,0,3,5,0,2,3,0,0,10,17,4
"COG3418",4,14,0,0,0,2,0,0,1,0,1,24,0,0,0,0,0,0,0,0,0,0,0,0,1,0,2,6,0,0,0,0,0,0,0,0,0,0,0,0,0,0,0,1,0,1,0,0,0,0,1,1,0,0,0,0,0,2,0,0
"COG3420",0,0,0,0,2,2,5,0,3,3,5,0,0,6,0,0,3,0,1,0,5,0,1,3,9,2,0,0,0,22,0,2,1,0,0,3,1,0,0,0,3,0,1,4,2,0,0,0,0,2,2,0,14,3,11,8,0,0,10,4
"COG3421",2,1,10,0,1,1,0,7,17,15,6,0,2,2,0,0,0,1,0,0,12,0,4,0,0,0,14,11,6,0,33,1,19,1,1,17,1,1,0,4,3,6,2,1,7,0,1,21,2,6,0,1,0,16,11,34,0,35,4,33
"COG3422",3,24,0,0,0,0,2,0,0,0,1,55,1,0,0,4,5,1,1,0,0,0,0,0,2,2,4,5,0,2,0,1,4,6,0,0,1,2,0,1,0,0,0,4,0,4,0,0,0,0,3,2,3,0,0,4,0,15,6,3
"COG3423",7,26,0,1,0,2,3,1,2,0,0,53,0,1,0,5,6,0,0,1,1,0,0,0,1,1,1,13,0,3,0,0,10,0,0,0,0,0,0,0,0,2,0,4,0,2,0,1,0,0,5,3,0,1,0,2,0,5,16,3
"COG3425",5,3,1,1,0,50,0,1,0,0,0,1,0,2,0,33,0,0,0,0,0,0,0,1,0,0,0,0,1,0,0,0,1,0,0,0,0,9,14,0,1,0,0,1,0,0,6,0,0,0,3,149,0,2,0,0,2,11,0,0
"COG3426",5,40,79,54,48,19,43,80,52,61,31,10,62,62,59,12,75,68,87,90,53,34,19,44,70,82,4,53,33,84,148,167,112,114,120,106,31,74,120,158,165,184,145,154,107,138,170,173,181,13,120,39,112,127,120,119,27,164,115,95
"COG3428",0,1,8,5,59,0,1,39,3,2,3,0,4,31,4,0,28,2,5,9,5,0,0,3,14,24,0,5,0,15,5,3,9,10,6,28,0,4,15,2,62,0,19,31,15,33,2,37,26,0,0,0,24,4,1,50,0,4,2,3
"COG3429",5,28,0,0,23,37,0,0,0,0,0,0,2,0,0,165,0,12,0,0,0,0,0,0,0,0,0,0,1,0,0,0,0,0,0,0,0,1,0,0,20,0,0,2,0,0,1,3,0,2,0,6,0,0,0,0,37,0,3,0
"COG3433",21,46,1,0,1,6,3,1,16,0,0,89,9,1,0,55,25,0,1,3,0,0,0,0,8,3,5,32,0,6,0,2,25,0,5,0,0,5,0,0,2,9,2,6,15,26,3,0,3,1,21,34,1,0,2,2,0,17,120,11
"COG3434",1,1,15,2,8,0,5,7,15,25,1,1,1,4,12,1,2,2,12,15,11,1,11,30,3,4,3,27,70,3,17,12,7,7,17,8,9,22,14,2,13,45,2,0,9,9,10,45,7,5,2,0,40,13,6,22,1,12,4,2
"COG3435",0,0,0,0,0,0,0,0,0,0,0,0,0,0,0,0,0,0,0,0,0,0,0,0,0,0,1,0,0,0,0,0,0,0,0,0,0,0,0,0,0,0,0,0,0,0,0,0,0,0,0,7,0,0,0,0,0,0,0,0
"COG3436",1156,888,602,583,360,916,2852,1450,1031,610,1789,1231,827,845,1514,339,1315,361,641,449,969,491,1667,1128,1099,3026,470,670,1200,1109,315,618,575,1623,1637,707,4917,806,375,808,740,950,1512,791,739,516,2966,1039,1802,1889,626,390,438,892,521,1154,285,559,923,2083
"COG3437",78,123,417,860,263,357,221,246,280,362,461,61,427,308,336,26,457,258,583,583,456,456,274,268,309,259,311,338,309,456,390,402,480,621,439,313,174,322,244,352,469,399,275,305,437,552,373,301,435,204,484,100,214,446,584,420,123,313,183,238
"COG3439",0,15,14,42,11,1,4,2,25,3,1,27,32,3,4,5,5,3,20,2,18,2,0,6,24,24,0,0,3,21,6,20,6,10,28,0,2,1,82,4,2,19,9,27,5,24,20,8,3,2,54,12,1,1,19,7,3,15,6,3
"COG3440",18,34,7,7,56,31,4,15,6,46,81,22,1,7,2,174,6,4,14,51,7,3,38,6,0,5,49,16,10,3,6,3,29,26,4,30,56,3,4,5,16,4,0,7,2,25,1,1,1,0,0,35,25,35,32,10,56,7,40,33
"COG3442",136,61,32,5,42,112,2,53,13,26,27,12,11,26,51,190,7,55,8,33,12,7,12,28,5,15,6,25,23,15,55,14,16,4,11,62,20,63,21,26,29,7,7,20,19,3,8,53,18,18,6,134,26,54,21,14,81,102,11,2
"COG3443",4,26,9,0,0,20,2,2,9,5,1,35,44,30,13,5,5,5,0,9,4,3,0,13,4,45,4,3,0,2,0,13,11,2,44,27,6,21,16,4,18,3,5,16,9,9,8,7,3,6,10,164,4,2,15,13,37,13,11,16
"COG3444",150,253,29,59,38,144,45,34,34,38,22,283,88,38,62,189,44,73,20,27,59,82,68,28,50,76,31,81,117,45,30,47,80,32,49,89,17,108,51,17,62,44,52,52,190,31,74,30,42,51,86,443,36,33,36,69,366,60,128,27
"COG3445",5,30,0,0,0,5,8,1,1,0,2,43,2,0,0,5,3,0,0,1,1,0,0,0,0,1,0,13,0,2,0,1,3,0,4,0,3,2,0,2,2,1,0,4,3,4,2,0,0,0,5,3,2,0,0,8,0,6,22,3
"COG3447",9,152,0,2,0,5,9,0,3,0,0,91,0,0,0,8,6,0,1,2,0,0,0,0,3,2,4,38,0,4,0,0,2,1,1,0,0,2,0,0,0,1,1,8,1,3,1,0,0,0,5,0,0,0,0,2,0,9,0,2
"COG3448",0,0,0,1,0,0,2,2,0,0,2,0,0,1,0,1,0,1,0,0,0,28,10,0,0,0,0,4,6,0,0,0,20,0,1,7,0,0,3,1,3,0,1,0,1,2,8,0,0,1,0,9,0,0,0,0,81,1,17,5
"COG3449",9,102,30,174,198,9,19,26,81,45,7,122,54,84,90,54,66,20,59,76,123,17,7,43,198,64,8,58,36,139,73,123,95,23,73,13,7,33,124,119,88,244,76,89,80,209,55,34,51,10,208,5,108,14,170,32,2,68,175,23
"COG3450",2,0,0,0,0,0,0,0,3,0,0,0,0,0,0,0,0,0,0,0,0,0,0,0,0,0,0,2,1,0,1,1,1,0,1,0,0,0,1,0,1,1,0,1,1,0,1,0,0,0,0,1,0,2,0,3,1,0,7,3
"COG3451",1070,762,1602,1247,1315,744,1026,1794,1313,1656,1096,1001,1632,1804,1638,411,1325,1079,1565,1496,1382,937,641,1202,1700,1672,1171,1360,1190,1021,1545,1545,1023,687,1086,1491,663,1266,982,1366,1099,1173,1889,1195,1809,1078,1168,2184,2200,1265,896,656,978,799,1605,1562,646,2142,1180,1185
"COG3452",135,8,80,49,40,136,3,47,23,122,46,0,108,59,63,19,10,47,35,20,33,9,46,43,6,25,3,82,47,4,114,25,25,15,38,67,23,52,13,99,32,81,9,70,37,17,15,68,47,60,7,73,107,92,55,49,10,37,17,7
"COG3454",13,49,4,3,1,7,3,0,10,7,1,75,1,8,0,11,13,0,10,4,3,0,1,6,8,5,0,34,3,0,11,8,6,0,1,1,1,0,5,3,5,3,12,14,10,6,4,0,8,1,13,15,0,1,11,0,1,15,18,9
"COG3455",8,36,0,0,0,5,0,1,3,0,3,64,0,0,0,5,0,0,0,0,0,1,0,0,1,2,3,14,0,1,0,3,9,1,2,0,0,1,1,0,4,0,1,4,4,5,0,0,0,2,6,11,0,0,1,11,0,8,27,7
"COG3456",5,65,0,0,0,2,0,0,1,0,0,78,1,0,0,10,6,0,0,1,0,1,0,0,3,1,1,23,0,1,0,0,0,0,0,0,0,0,0,0,0,2,0,0,2,4,2,0,1,1,5,5,0,0,0,7,0,15,1,5
"COG3457",4,41,2,3,4,4,1,2,12,9,1,45,1,3,10,14,1,4,3,3,13,1,1,1,4,2,0,15,7,3,13,8,12,5,10,12,6,14,8,3,20,10,8,18,10,12,10,16,7,1,8,1,10,10,11,2,0,48,4,4
"COG3458",36,25,74,164,204,15,184,52,181,98,148,0,96,162,217,31,232,129,133,171,205,188,264,212,211,193,204,120,65,291,100,99,157,102,193,78,119,95,147,119,104,202,162,76,126,253,112,82,108,131,234,24,52,196,180,70,4,58,107,316
"COG3459",202,61,582,339,231,266,322,313,203,452,396,12,300,245,276,78,113,183,141,206,223,231,577,352,136,145,386,480,659,40,724,177,70,250,325,490,460,535,82,507,121,228,143,183,319,93,101,737,264,618,1,220,601,745,144,395,69,597,66,332
"COG3460",2,0,0,0,0,1,4,0,1,0,0,18,0,0,0,5,3,0,0,0,0,0,0,0,0,0,1,6,0,2,0,1,0,0,0,0,0,0,0,0,2,1,0,0,0,5,0,0,0,0,2,1,0,0,0,1,1,0,6,2
"COG3463",3,2,41,30,13,4,1,21,36,25,14,19,46,32,37,1,9,48,15,11,7,5,12,72,3,33,3,12,95,3,24,15,0,1,5,35,9,17,5,0,3,6,19,14,14,3,10,13,21,5,14,35,33,9,20,48,0,5,9,6
"COG3464",470,267,743,242,956,256,773,624,282,337,719,434,582,311,1099,283,2316,683,627,151,502,692,217,446,933,411,123,114,549,1558,104,471,253,944,402,381,2357,462,319,564,681,556,444,209,384,300,900,438,1203,274,938,318,502,922,389,393,68,257,279,630
"COG3467",113,76,107,81,148,67,92,123,126,89,88,35,112,127,130,146,107,132,96,87,103,74,132,123,135,106,78,97,99,94,105,138,100,107,109,136,126,108,100,92,129,138,128,100,76,195,89,101,110,82,110,44,141,148,148,130,114,101,83,81
"COG3468",140,907,79,98,23,35,139,63,563,247,24,1347,62,144,0,182,278,14,161,139,113,20,11,194,201,133,93,159,49,162,462,357,196,6,60,27,21,70,103,101,66,186,308,246,366,302,232,28,133,56,730,74,93,15,221,88,19,364,56,69
"COG3469",1,2,9,39,0,0,0,0,0,0,0,0,0,3,0,1,0,3,0,1,0,0,2,0,1,0,0,1,0,0,1,1,0,0,0,1,0,5,0,5,0,0,4,2,0,4,0,0,1,1,1,0,1,1,0,0,0,1,0,2
"COG3470",7,13,0,0,12,31,0,0,0,0,0,4,1,0,0,126,0,17,0,1,0,0,3,0,0,6,2,0,3,1,0,1,1,1,4,0,1,2,0,0,12,4,0,0,2,7,1,0,0,5,12,5,0,0,0,3,31,0,2,0
"COG3471",0,0,0,0,0,0,2,0,0,0,1,0,0,2,0,0,0,0,0,0,0,2,0,0,0,4,0,0,0,0,0,0,1,0,1,0,1,1,0,0,0,0,1,1,2,0,2,0,0,0,0,0,1,0,0,7,0,0,0,0
"COG3472",7,12,32,12,41,10,79,12,20,34,8,0,2,125,9,13,30,22,33,29,76,115,21,10,12,6,49,46,11,83,126,11,25,12,137,45,16,96,13,91,35,4,3,22,21,24,12,15,58,49,0,1,11,33,96,5,27,47,19,4
"COG3473",0,0,0,0,0,0,0,0,0,0,0,4,0,0,0,0,0,0,0,3,0,0,2,0,0,1,0,0,2,0,2,2,0,1,0,0,0,0,3,0,0,1,3,1,1,0,0,0,0,0,0,0,0,4,0,0,2,3,0,1
"COG3475",639,211,258,311,251,293,185,196,231,189,222,57,324,306,354,63,167,372,137,167,286,244,249,279,166,109,289,196,256,248,492,249,132,485,202,245,311,317,223,360,193,186,109,346,142,145,194,122,173,262,243,269,265,215,293,255,187,182,142,229
"COG3476",53,15,30,28,27,10,22,30,31,28,10,4,37,46,50,12,50,20,44,34,46,28,13,32,19,30,2,42,44,55,13,9,7,13,18,18,2,9,1,8,8,12,13,12,9,19,9,14,10,3,14,9,13,8,15,22,1,19,10,5
"COG3477",13,12,0,0,0,6,0,0,2,0,0,113,0,0,0,5,4,0,0,0,0,0,0,0,1,0,1,0,0,0,0,0,1,0,0,0,0,0,0,0,0,0,0,0,0,2,0,0,0,0,3,14,0,0,0,3,0,0,0,0
"COG3478",3,1,0,1,0,0,2,3,2,0,0,0,0,0,1,0,1,0,4,1,0,1,1,0,1,0,0,0,0,0,1,1,3,2,0,1,0,2,2,1,0,0,5,1,4,2,0,4,0,0,3,1,0,0,0,1,0,2,3,0
"COG3479",0,0,0,0,0,39,1,0,2,0,5,0,1,0,0,0,0,1,0,2,0,0,1,0,0,0,0,6,1,0,0,1,6,0,0,0,0,0,0,0,1,0,0,0,0,0,0,0,0,0,1,4,0,0,0,0,0,0,29,2
"COG3480",12,11,1,0,12,74,0,10,0,2,1,0,2,1,0,158,0,22,0,1,0,0,2,0,0,0,0,2,2,2,8,0,0,0,0,8,0,9,3,0,20,0,0,3,0,0,4,12,1,4,3,140,2,32,1,2,54,21,1,0
"COG3481",199,64,229,103,94,172,35,105,105,165,147,103,121,84,110,72,47,133,97,113,90,104,103,127,61,67,39,157,205,36,239,74,74,77,68,200,59,221,65,113,54,84,90,94,172,44,94,143,112,96,85,287,172,141,87,158,228,164,59,60
"COG3484",0,0,0,0,0,0,1,0,0,0,2,0,0,0,0,1,0,0,0,0,0,0,0,0,0,0,0,5,1,0,0,0,3,0,0,0,0,0,0,0,0,0,0,0,0,0,0,0,0,0,2,0,0,0,0,0,0,0,24,0
"COG3485",0,0,0,0,0,1,0,1,2,0,2,0,0,0,0,3,0,0,0,3,0,1,0,0,0,0,0,19,0,0,0,1,3,4,0,0,0,0,0,0,0,0,0,0,0,0,0,0,0,0,1,10,0,0,0,0,0,0,38,2
"COG3486",3,83,0,0,0,8,3,2,8,0,0,235,5,0,0,7,1,0,8,0,0,0,0,0,0,2,6,0,1,0,0,0,14,0,1,0,0,0,1,0,1,4,6,0,0,11,0,1,1,1,20,0,0,0,0,1,1,19,8,0
"COG3487",0,7,49,73,122,3,15,42,36,19,9,1,3,66,39,5,67,27,121,34,54,13,2,52,91,34,16,25,8,75,38,84,54,39,59,43,26,15,90,75,98,101,68,49,62,67,39,19,62,9,91,1,54,13,81,37,2,44,62,10
"COG3488",0,51,89,80,103,0,328,106,115,88,144,0,14,104,68,2,119,125,206,114,79,346,53,220,113,47,270,67,24,87,70,104,81,97,104,79,265,31,93,79,121,110,139,78,65,99,158,87,90,292,60,0,65,76,88,79,3,49,101,179
"COG3491",2,0,0,0,0,1,0,1,2,0,2,0,0,0,0,1,0,0,0,1,0,0,0,0,0,0,0,19,0,0,0,0,5,3,0,0,0,0,0,0,0,0,0,0,0,0,0,0,0,0,1,2,0,0,1,0,0,0,52,5
"COG3493",8,1,15,5,9,95,17,3,7,6,11,16,174,15,23,8,10,17,14,8,42,8,33,6,26,77,8,36,52,38,37,27,25,12,6,9,2,9,6,6,11,7,38,18,8,2,4,7,15,2,48,23,10,8,18,36,101,9,85,20
"COG3494",5,25,8,10,9,3,19,6,20,10,8,0,3,5,0,1,5,20,8,9,5,34,20,6,5,13,2,17,26,2,5,16,36,7,2,6,5,7,8,7,9,7,36,6,16,6,26,3,1,9,32,13,1,6,21,2,102,2,8,3
"COG3496",0,0,0,0,0,0,0,0,1,0,2,0,0,0,0,0,0,0,0,0,0,0,0,0,0,0,0,1,0,0,0,0,1,1,0,0,0,0,0,0,1,0,0,0,0,0,0,0,0,0,0,0,0,0,1,0,0,0,17,2
"COG3497",9,190,41,153,5,0,18,18,36,14,18,31,3,39,9,26,55,4,41,19,46,3,14,33,36,38,8,21,1,34,28,26,28,18,40,30,202,9,77,7,21,31,34,55,163,38,62,11,63,5,59,16,37,38,100,3,5,124,47,14
"COG3498",3,48,6,2,1,1,2,4,1,1,5,0,1,9,0,6,6,3,3,2,3,0,4,8,5,0,7,12,0,0,8,2,6,5,3,6,0,2,2,3,0,0,12,17,51,5,12,4,39,2,6,9,16,8,25,1,1,26,25,5
"COG3499",6,107,0,0,0,0,0,0,0,0,1,1,1,0,0,6,4,0,0,0,0,0,0,0,0,0,1,7,0,2,0,0,3,0,2,0,0,0,0,0,1,1,0,6,0,0,0,0,1,0,2,6,0,0,0,1,1,8,16,0
"COG3500",11,231,33,76,7,2,9,19,39,8,16,25,3,19,6,20,31,8,59,15,65,3,7,32,32,24,15,29,4,29,28,22,18,19,34,21,71,7,87,10,9,30,15,36,113,48,46,14,61,0,19,4,34,18,82,6,2,68,62,8
"COG3501",47,201,21,61,15,23,69,46,31,47,13,262,182,52,143,48,203,38,21,132,150,65,15,35,196,124,11,134,146,212,56,50,73,7,36,34,63,5,41,24,39,43,3,96,4,35,14,46,49,2,32,15,9,5,120,134,4,39,93,7
"COG3503",58,14,21,12,12,16,3,47,33,23,21,0,38,12,15,2,24,28,9,42,22,6,5,33,14,5,2,16,8,2,35,17,7,0,11,17,6,30,12,17,18,3,15,14,61,6,2,63,19,13,5,1,20,9,11,21,9,26,4,6
"COG3504",10,1,0,0,0,2,3,2,2,14,51,12,1,6,0,42,2,1,1,4,10,40,0,0,13,1,6,0,2,2,2,6,27,4,0,0,0,3,1,0,1,0,6,0,6,1,5,0,0,2,0,6,5,0,10,4,20,0,33,12
"COG3505",1265,629,1116,976,975,703,778,1642,1280,1282,981,749,1468,1239,1500,379,1306,779,1073,1852,1179,982,516,929,1304,1316,1422,1105,1003,1280,1222,1307,925,725,926,1006,633,922,1024,982,1127,885,1362,960,1625,1077,748,1550,1813,947,713,555,901,721,1094,1115,480,1611,1312,882
"COG3506",66,14,24,46,25,10,17,16,33,19,12,0,19,12,43,10,33,97,30,20,24,26,131,20,66,17,4,29,37,20,21,17,67,29,21,66,160,26,35,15,69,57,25,18,17,59,36,26,25,180,51,12,54,11,47,55,64,10,54,25
"COG3507",391,438,841,1865,1343,715,1871,698,1031,883,700,102,1152,1368,1270,1978,1369,1094,1355,1371,1618,1210,1426,1243,1330,1259,1820,1080,1109,1530,325,545,623,898,774,489,635,313,466,438,563,828,624,467,420,1046,542,343,469,716,863,208,703,531,816,362,461,180,805,709
"COG3509",0,15,3,5,12,23,19,14,14,10,28,0,3,10,0,0,4,6,29,3,18,15,35,7,0,2,78,7,1,1,6,8,11,28,42,14,230,17,1,18,2,0,43,7,9,0,42,20,66,229,1,0,0,93,9,37,0,3,6,3
"COG3512",19,0,13,22,24,5,4,9,8,15,24,0,11,17,16,4,33,12,6,15,9,3,1,9,17,7,16,9,4,14,18,23,44,45,18,53,92,42,44,37,39,17,12,11,16,20,19,28,36,10,41,31,27,62,16,27,28,20,32,13
"COG3513",286,97,133,216,267,149,50,184,138,196,513,1,144,269,292,89,306,213,159,161,105,28,32,94,116,81,341,122,168,116,270,241,281,215,56,325,750,370,171,375,211,196,109,71,107,116,102,196,265,72,272,274,330,350,170,131,39,135,227,69
"COG3514",1,27,0,0,0,0,1,0,1,0,1,39,0,0,0,0,1,0,0,0,0,0,0,0,0,0,1,0,0,2,0,0,0,0,0,0,0,0,0,0,1,1,0,2,0,0,0,0,0,0,8,0,0,0,0,0,0,0,0,0
"COG3515",20,125,1,0,0,19,3,7,12,0,2,242,1,1,0,21,17,0,1,4,0,0,0,1,5,9,8,41,1,2,0,4,17,2,3,1,0,5,1,2,8,3,1,19,6,14,1,0,1,4,34,17,1,0,1,8,0,26,38,14
"COG3516",3,27,0,1,0,4,0,2,5,1,2,51,1,3,0,5,10,0,1,1,1,0,0,0,2,0,4,10,0,3,0,5,16,0,8,0,0,0,0,3,7,1,0,6,2,7,4,0,0,0,9,11,0,0,0,6,3,7,10,2
"COG3517",17,99,0,2,0,10,0,3,10,4,3,143,3,0,0,22,16,1,0,5,6,1,0,2,8,2,5,27,2,4,2,6,13,1,4,1,3,2,0,1,3,5,0,14,5,16,4,0,2,5,18,9,0,0,1,18,0,16,31,5
"COG3518",2,5,0,0,0,5,0,0,0,0,0,9,1,0,0,3,1,0,0,1,0,1,0,0,0,1,0,3,0,1,0,1,7,0,0,0,0,1,0,0,0,1,0,0,1,3,1,0,0,0,0,5,0,0,0,2,0,8,11,0
"COG3519",19,91,0,2,0,5,0,3,7,1,2,291,1,1,0,18,12,0,1,3,4,2,0,1,5,1,12,28,1,10,1,3,18,0,4,0,1,4,3,2,9,0,1,9,2,19,2,0,1,3,21,19,0,0,2,13,0,19,46,11
"COG3520",7,41,0,0,0,14,0,3,3,0,2,163,1,0,0,11,7,2,0,4,0,2,0,0,2,3,3,15,2,1,1,0,5,0,1,0,0,0,0,0,1,2,0,1,2,4,1,0,0,0,2,5,0,0,1,8,0,3,20,4
"COG3521",6,51,0,0,0,6,0,2,0,0,1,58,1,1,0,6,6,0,0,4,1,0,0,0,2,2,1,3,0,1,0,0,7,2,3,0,0,1,2,0,1,0,0,0,0,8,0,0,0,1,5,8,0,0,2,5,1,4,27,0
"COG3522",10,56,0,0,0,7,0,3,2,0,5,92,0,0,0,16,10,0,0,1,1,0,0,0,2,4,3,18,1,3,1,1,15,1,4,1,0,0,3,2,9,5,0,9,1,12,4,0,1,0,9,16,0,0,5,14,1,14,57,8
"COG3523",17,121,0,0,1,19,1,3,6,2,8,184,3,0,0,10,11,0,1,9,1,2,0,0,4,6,2,31,0,1,1,3,26,3,8,1,3,4,3,2,6,4,0,0,8,12,2,0,0,5,11,39,0,0,4,29,0,33,113,10
"COG3524",8,0,0,0,0,0,2,0,10,0,0,9,3,0,0,9,8,0,6,2,1,1,0,0,1,1,5,1,0,4,0,4,3,0,2,1,2,0,1,0,1,2,1,0,5,11,4,1,0,0,16,0,0,1,0,10,3,15,0,4
"COG3525",301,1015,810,1795,1389,311,1213,999,1320,831,955,179,1266,1611,1456,413,2008,857,1983,2068,1573,2182,376,898,1919,1425,1159,1066,590,2959,563,1411,1539,1987,1349,1036,470,709,1618,1152,1744,1709,1291,1705,941,2472,1516,854,1353,404,2275,188,814,835,1361,1614,167,1022,951,1248
"COG3526",0,0,0,0,0,1,0,0,0,0,0,0,0,0,0,0,0,0,0,0,0,0,0,0,0,0,0,5,0,0,0,1,0,0,0,0,0,0,0,0,0,0,0,0,0,0,0,0,0,0,0,3,0,0,0,0,0,0,6,1
"COG3527",9,0,1,1,19,9,0,0,2,1,2,0,0,6,0,0,4,6,1,0,0,0,1,0,0,1,0,4,2,0,0,5,3,0,4,1,0,2,3,0,5,0,2,2,0,0,1,0,0,1,1,89,4,11,1,0,5,0,25,4
"COG3528",0,35,0,0,0,0,0,0,0,0,0,0,0,0,0,0,0,0,0,2,0,0,0,0,0,0,0,16,0,0,0,0,0,0,0,0,0,0,0,0,0,0,0,1,0,0,0,0,0,0,0,0,0,2,0,0,0,2,0,0
"COG3529",2,12,0,0,0,1,0,0,1,0,1,21,1,0,0,1,3,0,0,1,0,0,0,0,1,0,0,1,0,0,0,0,1,0,1,0,0,0,0,0,1,0,0,0,1,2,0,0,0,0,2,1,1,0,0,0,0,5,6,1
"COG3530",4,16,0,0,0,1,3,0,1,0,2,28,0,0,0,6,1,0,0,0,1,0,0,0,0,0,3,8,0,0,0,0,1,2,2,0,0,1,1,1,0,0,0,1,0,1,2,0,0,0,3,3,0,0,0,0,0,5,8,0
"COG3533",311,194,304,737,302,222,546,132,488,278,311,54,409,525,529,474,497,310,439,503,650,403,548,413,549,435,412,446,331,529,447,836,853,751,1088,613,952,517,744,736,780,1048,812,660,590,1350,740,478,820,592,822,223,1128,583,1222,633,656,404,1134,1295
"COG3534",275,127,203,391,240,196,708,101,275,257,339,47,245,214,278,437,227,196,302,306,308,559,532,183,245,203,697,252,245,247,326,504,518,889,814,425,1081,300,449,414,501,651,520,398,344,765,620,357,360,1131,521,237,510,560,712,295,339,302,472,1022
"COG3535",3,5,1,2,6,58,1,3,5,3,6,12,6,5,3,205,1,4,6,20,8,0,0,1,0,16,9,18,8,0,4,19,4,1,2,2,1,4,7,1,12,0,1,0,0,2,5,11,1,8,1,2,1,8,6,1,3,57,6,2
"COG3536",0,0,0,0,1,0,3,1,3,3,1,0,0,1,0,0,0,0,2,0,4,0,1,0,1,2,0,0,0,5,1,3,0,0,1,1,0,1,0,0,0,0,3,3,2,0,7,1,0,1,1,0,2,2,2,1,1,0,2,1
"COG3537",195,871,947,2526,1722,225,1305,1247,1730,813,990,13,1204,1813,1852,337,2525,1370,2002,1927,2338,1774,364,1230,2082,2067,1937,1200,683,3419,953,2358,2143,1529,1541,1289,388,740,2011,1603,2125,2845,2115,1757,1372,3028,2116,1104,1438,289,3489,71,1539,762,2141,1510,58,1024,2103,1377
"COG3538",40,106,53,239,350,77,93,148,250,114,124,12,82,200,187,278,192,85,179,261,250,268,46,147,279,83,321,139,127,233,195,398,209,270,209,84,43,149,249,149,194,369,325,255,128,367,188,149,199,160,314,44,100,105,356,155,109,90,89,235
"COG3539",106,597,0,7,1,42,51,2,46,1,19,854,12,9,1,113,96,1,6,17,9,1,4,1,27,11,56,202,6,30,1,7,128,22,28,2,5,25,1,7,38,29,6,65,27,118,7,3,4,3,104,103,1,1,6,16,4,112,281,57
"COG3541",1,11,7,7,11,41,4,3,11,26,21,48,11,2,14,1,13,9,2,3,7,5,106,18,8,0,55,20,2,10,5,11,45,9,19,21,73,25,14,11,10,7,12,12,1,12,32,11,0,3,34,9,24,60,9,5,2,42,9,110
"COG3542",2,28,16,11,7,27,0,5,2,16,0,4,0,1,0,44,1,6,13,2,10,0,2,3,1,0,1,18,0,1,4,6,10,1,5,0,0,3,4,1,4,7,2,2,4,6,3,23,0,1,1,2,7,1,18,0,0,10,2,3
"COG3543",102,4,21,19,29,34,0,20,11,18,14,7,31,18,49,5,25,11,9,35,8,13,24,10,21,40,5,22,26,6,18,16,11,10,9,18,18,36,3,4,13,6,18,13,5,7,6,30,29,10,0,25,14,12,8,20,24,21,3,5
"COG3544",11,9,2,3,2,2,4,5,2,0,0,23,0,0,0,0,1,1,1,5,1,34,10,19,1,2,0,1,11,1,0,5,23,0,4,17,1,4,12,0,5,1,3,1,2,2,11,0,6,5,24,3,3,0,2,4,65,1,0,1
"COG3545",0,0,0,0,1,0,0,9,0,0,0,0,0,0,0,0,1,3,0,0,0,0,0,0,0,0,0,0,0,0,4,0,0,0,0,0,0,33,0,2,0,0,0,0,0,0,0,1,0,1,0,1,2,10,0,0,0,7,0,0
"COG3546",91,42,57,56,53,84,15,64,57,71,27,59,48,47,80,38,18,32,20,68,36,17,34,55,75,29,7,38,81,21,49,29,8,13,22,43,8,33,24,27,10,31,42,27,25,14,14,59,23,8,22,23,16,46,25,41,16,73,33,10
"COG3547",1603,655,595,436,714,1020,761,842,688,962,889,902,723,729,576,472,594,698,538,668,593,1617,1225,1126,703,378,3232,512,471,308,370,607,688,2982,1451,550,1008,706,857,496,685,1271,545,898,733,1300,500,631,622,701,632,738,499,641,491,502,349,772,599,402
"COG3548",9,7,1,0,0,44,0,0,2,1,0,1,0,0,2,15,1,10,0,0,0,0,0,0,2,0,0,0,0,0,0,0,2,0,0,2,0,2,7,0,1,1,0,1,0,9,2,0,2,0,22,66,0,1,0,0,0,19,0,0
"COG3549",0,0,0,1,1,4,1,0,0,4,3,3,1,0,1,6,0,0,0,0,0,1,1,1,0,2,0,0,1,2,0,1,2,0,0,0,0,1,0,0,3,0,0,1,1,0,1,0,0,0,0,3,1,2,0,2,1,6,1,0
"COG3550",309,212,458,483,246,158,527,478,297,381,428,75,184,625,331,78,371,144,537,253,507,739,693,244,300,236,727,245,146,179,370,323,289,632,442,338,700,256,483,531,212,548,526,313,137,245,404,149,410,382,344,104,147,528,309,177,62,208,411,329
"COG3552",0,1,0,2,0,0,0,0,0,6,2,0,0,0,0,0,1,1,0,0,2,0,2,0,0,0,0,0,0,0,1,0,0,0,0,0,0,0,0,0,0,0,0,0,2,0,0,29,1,0,0,0,1,1,0,0,0,29,0,0
"COG3555",2,0,0,0,0,3,0,0,0,0,1,0,0,0,0,0,0,0,0,0,0,0,1,0,0,0,0,4,0,0,0,0,5,0,0,0,0,0,0,0,0,0,0,0,0,0,1,0,0,0,0,6,0,0,1,0,0,0,32,4
"COG3557",13,7,2,0,1,1,0,12,2,1,2,1,3,0,2,8,1,1,0,2,2,1,1,6,0,1,0,2,1,1,7,0,0,0,2,12,0,12,9,2,0,0,0,1,2,0,2,4,0,3,2,94,1,13,1,2,2,11,2,0
"COG3558",1,0,0,0,0,2,0,1,0,0,2,0,0,0,0,0,0,0,0,2,0,0,0,0,0,0,0,6,0,0,0,0,2,1,0,0,0,0,0,0,0,0,0,0,0,0,0,0,0,0,0,6,0,0,1,0,0,0,17,4
"COG3560",5,29,38,80,75,8,30,24,88,27,2,0,52,106,67,17,95,28,100,85,81,52,5,46,102,66,5,38,28,112,35,50,66,47,66,31,1,33,102,72,57,93,57,81,73,127,54,14,76,9,94,55,25,5,58,39,63,51,41,22
"COG3561",9,112,15,10,53,2,2,20,4,20,144,12,120,24,1,24,18,26,6,32,24,6,10,1,36,0,9,5,1,0,21,55,5,17,5,126,1,12,37,7,2,2,10,15,7,19,31,2,24,2,19,107,19,51,49,16,12,37,21,2
"COG3562",0,0,0,1,0,0,1,0,3,0,1,3,0,0,0,7,1,0,3,1,0,0,0,2,0,0,1,1,0,2,9,9,4,1,6,0,0,0,0,1,3,3,2,0,6,9,6,0,0,0,8,1,0,1,0,11,0,10,1,5
"COG3563",2,0,1,0,0,0,4,0,6,0,1,12,4,0,0,14,5,1,2,0,0,0,0,2,0,2,5,0,0,5,0,3,5,1,1,0,0,0,0,1,2,4,1,0,3,6,17,0,1,1,7,1,0,3,1,10,1,10,1,2
"COG3566",0,284,21,1,0,3,8,11,17,36,0,0,3,10,0,0,3,5,1,8,0,0,0,14,2,5,0,8,4,11,0,5,42,2,4,5,0,11,16,0,1,0,4,4,3,9,114,1,9,9,0,16,15,2,6,10,5,6,0,9
"COG3567",0,231,21,2,26,2,2,13,10,41,1,0,1,5,1,0,4,1,4,6,1,1,2,13,3,0,6,10,5,12,10,7,32,0,11,4,0,10,7,1,6,0,4,0,3,13,75,10,0,17,0,17,15,5,15,23,2,8,0,16
"COG3568",26,197,138,318,327,73,173,208,328,231,104,52,252,416,410,50,321,128,380,336,329,118,35,202,437,317,36,209,132,600,248,487,369,185,384,169,116,162,315,287,331,477,331,372,268,506,363,208,329,48,722,89,189,113,307,204,23,209,272,114
"COG3570",3,0,0,17,0,1,0,0,2,2,0,2,0,0,0,6,6,0,0,0,2,0,1,0,9,11,0,0,0,26,7,1,0,0,1,3,0,0,2,2,4,0,1,2,0,0,15,4,3,0,0,0,0,0,0,0,0,0,43,7
"COG3572",19,33,13,3,29,56,0,4,3,6,5,1,5,2,3,241,3,28,16,28,2,0,6,2,1,0,1,2,6,0,4,3,4,0,4,6,1,23,4,6,18,0,15,6,13,2,5,14,3,11,0,147,3,8,6,3,111,2,2,3
"COG3575",0,0,0,0,0,0,0,0,0,0,0,0,0,0,0,0,0,0,0,0,0,0,0,0,0,0,0,0,0,0,0,0,0,0,0,0,0,0,4,0,1,0,0,0,0,0,3,0,1,0,2,62,0,0,0,1,0,0,0,0
"COG3576",3,12,1,2,11,34,0,1,1,0,0,0,5,2,1,83,1,13,1,0,2,1,2,0,0,3,0,5,10,6,0,1,5,0,0,5,0,0,0,0,16,0,0,2,3,0,1,0,3,4,1,11,0,3,2,2,42,0,10,2
"COG3579",68,99,147,186,317,404,353,268,202,126,206,3,178,301,232,598,366,275,265,254,239,281,262,207,385,258,276,138,94,323,161,274,213,324,258,187,204,156,255,280,307,249,263,250,221,342,293,149,208,240,228,228,152,202,214,262,231,97,171,254
"COG3580",415,167,419,348,273,577,413,335,364,377,325,155,792,274,328,522,204,497,240,208,309,228,474,373,124,466,144,353,658,93,592,282,206,124,273,532,470,580,130,329,259,222,322,288,386,124,260,517,287,756,224,314,435,443,337,410,855,450,215,547
"COG3581",299,146,342,285,257,474,374,291,362,381,292,153,477,241,332,494,129,439,215,169,225,230,446,377,96,207,156,316,654,109,532,245,199,118,292,509,386,585,102,335,191,290,296,264,269,120,235,401,267,744,213,301,456,394,328,391,772,381,179,507
"COG3583",99,17,42,42,70,65,8,77,38,64,26,1,73,28,79,29,52,75,26,88,45,73,65,20,52,76,28,32,66,10,72,35,37,19,17,71,34,97,12,56,48,11,31,29,123,21,34,113,27,34,5,21,36,73,17,46,158,130,15,11
"COG3584",127,25,90,55,60,95,20,81,44,93,38,39,99,71,99,35,80,61,29,44,73,82,73,59,61,110,25,45,76,26,95,51,55,18,33,80,59,135,20,33,71,17,42,66,136,20,69,141,63,46,48,93,39,59,34,45,185,131,24,30
"COG3585",29,0,0,0,1,5,0,1,1,2,1,0,6,0,3,3,2,0,1,0,0,1,1,1,1,2,1,1,8,4,0,5,2,0,1,2,1,6,1,0,0,1,1,0,4,0,6,1,1,1,0,13,2,3,1,4,3,0,1,0
"COG3586",94,136,1,10,9,8,7,17,23,6,3,0,26,3,28,15,11,5,2,7,26,45,0,3,15,67,1,3,11,21,20,5,88,20,15,24,4,28,5,103,19,29,14,29,2,28,13,13,8,7,14,3,6,2,5,3,68,55,26,0
"COG3587",44,58,231,154,211,126,52,54,119,130,179,0,53,160,404,49,343,168,176,46,129,731,542,341,285,451,330,121,191,338,315,109,140,115,168,141,456,116,56,103,128,131,83,143,56,118,144,149,56,149,91,16,172,362,28,148,244,107,179,297
"COG3588",21,2,1,0,0,0,0,4,0,0,0,6,0,0,4,2,1,2,0,0,0,0,3,0,5,1,2,0,4,0,0,2,2,1,0,15,0,5,9,0,0,0,1,1,2,0,7,15,1,0,19,0,2,9,2,0,3,30,0,0
"COG3589",33,33,4,1,2,63,11,1,30,7,12,22,3,8,20,69,10,21,2,10,31,27,10,0,6,2,0,4,25,1,5,2,36,4,5,13,4,29,14,3,10,1,10,10,7,0,13,8,19,10,30,2,9,3,7,1,103,4,11,4
"COG3590",35,119,201,209,248,345,641,282,257,306,421,44,127,243,146,455,285,310,368,241,213,460,620,362,330,208,772,140,111,267,155,298,288,467,417,151,527,110,306,192,319,210,267,194,130,273,292,159,219,805,196,361,213,341,200,193,175,97,214,528
"COG3591",5,29,20,21,6,66,6,14,34,13,4,68,19,14,1,3,31,7,6,9,14,7,20,17,25,28,7,23,13,4,17,12,10,2,6,17,37,36,0,11,4,5,1,16,25,15,3,6,27,7,8,4,7,10,3,13,15,27,23,7
"COG3592",5,19,1,2,0,4,2,1,4,2,1,33,1,4,0,7,5,0,1,1,1,0,0,0,1,0,6,5,0,4,1,2,4,0,0,0,0,0,1,1,0,0,0,3,0,1,2,0,0,0,2,1,0,0,0,1,0,0,5,1
"COG3593",132,361,89,73,75,91,117,133,99,55,141,508,44,73,90,38,32,93,56,20,105,11,25,93,40,182,22,101,129,38,39,47,96,76,173,93,521,93,100,92,51,271,81,64,57,40,26,104,54,35,92,191,79,285,49,31,30,93,61,253
"COG3594",225,87,156,261,153,176,135,189,237,117,131,22,112,169,172,52,155,56,232,233,156,165,80,174,131,76,290,66,186,157,111,107,212,281,102,230,229,159,89,274,151,317,252,99,100,296,190,146,185,187,310,189,165,71,158,137,51,92,205,45
"COG3595",74,6,10,0,3,0,0,12,1,2,5,0,3,1,0,8,0,0,3,6,9,1,3,1,0,10,1,1,1,1,34,1,0,2,4,5,0,0,1,25,0,0,22,6,1,3,0,10,3,0,0,0,23,0,1,3,0,10,0,1
"COG3596",21,2,20,1,0,2,11,8,6,4,8,242,30,8,8,17,16,2,5,22,4,4,2,66,32,7,151,16,85,9,0,0,30,21,2,14,0,3,4,2,2,3,1,25,3,14,18,3,20,12,25,9,19,54,1,43,2,18,2,46
"COG3597",1,2,11,1,0,2,0,6,0,3,5,0,0,0,1,0,2,0,0,3,2,0,1,46,7,0,5,3,13,0,1,0,6,0,1,5,7,0,0,3,0,0,0,5,0,0,14,0,5,2,1,0,6,2,2,33,0,2,2,6
"COG3598",25,18,21,12,12,30,4,13,11,5,11,18,12,51,6,82,14,7,3,14,13,0,11,1,6,4,1,21,7,13,3,0,2,1,3,9,1,72,0,9,16,1,12,24,53,2,8,8,43,22,0,43,11,2,20,3,106,14,2,0
"COG3599",24,27,37,28,42,83,4,56,34,41,27,0,31,42,46,40,17,60,11,22,42,5,21,18,18,35,6,40,22,15,69,14,14,11,18,78,34,76,27,43,26,10,11,25,53,4,15,83,38,23,8,189,43,79,22,21,23,98,14,5
"COG3600",0,12,24,8,9,34,29,36,83,16,15,0,43,17,45,5,4,48,23,25,21,82,24,76,181,7,3,27,44,10,21,31,22,29,4,44,35,41,18,16,13,16,68,5,13,61,1,20,20,29,44,5,37,45,14,24,1,6,4,153
"COG3601",144,42,78,70,80,167,8,82,43,77,45,57,91,68,80,178,47,85,34,99,66,62,54,53,44,71,23,78,136,23,94,55,24,24,59,98,43,127,35,65,77,101,54,61,111,26,46,119,66,53,38,158,77,52,62,91,139,81,32,21
"COG3602",0,2,0,11,0,0,0,1,6,0,0,0,0,5,0,0,0,1,6,2,1,0,0,3,5,0,0,0,2,23,1,1,3,0,2,1,1,0,1,2,2,18,1,0,2,16,8,1,0,0,1,0,10,0,10,0,0,3,1,0
"COG3603",8,8,3,3,1,13,1,2,13,8,3,10,4,8,0,0,1,9,0,1,6,5,2,2,5,5,0,3,11,6,7,2,0,0,1,5,3,3,6,1,2,5,2,5,6,1,8,2,4,2,28,0,3,2,6,3,2,8,3,0
"COG3604",43,279,111,37,53,18,88,114,173,80,73,326,201,116,45,46,75,71,216,115,106,19,22,116,135,106,49,224,44,137,48,163,218,58,100,51,55,41,72,63,58,40,165,195,123,161,223,129,157,119,80,23,63,30,85,149,13,110,145,136
"COG3605",10,60,6,0,0,20,2,4,6,8,124,104,3,0,0,9,12,0,4,2,0,0,3,0,2,0,1,34,2,4,1,1,22,3,6,0,1,1,0,3,0,1,0,5,2,10,1,0,0,0,7,17,1,0,16,1,1,18,50,60
"COG3608",242,12,96,36,48,64,17,47,40,95,52,31,92,44,56,15,26,46,36,41,55,30,54,89,24,82,4,74,82,46,110,39,16,31,46,74,12,56,19,65,25,159,72,64,48,14,27,78,58,35,60,122,107,116,81,55,71,50,38,31
"COG3609",0,4,0,0,0,0,1,0,4,3,0,33,0,0,0,3,0,1,1,0,1,1,1,0,0,0,0,3,0,1,1,0,1,1,2,1,0,0,2,3,2,0,2,1,0,0,0,1,2,0,0,0,1,0,6,1,0,2,0,0
"COG3610",63,115,65,69,35,141,19,52,70,49,55,118,106,47,67,43,48,46,51,43,63,37,38,41,47,56,17,94,78,53,59,49,49,46,59,54,39,85,73,52,71,42,68,60,92,72,50,53,53,52,113,119,55,38,82,70,52,50,69,46
"COG3611",7,2,0,0,0,24,0,10,0,3,6,1,2,2,3,29,0,3,0,0,3,1,0,9,1,2,0,2,2,0,16,0,1,0,2,20,0,29,13,2,3,3,1,0,2,0,2,10,1,5,7,199,2,39,1,3,3,28,2,0
"COG3613",22,8,2,1,4,70,0,5,0,6,1,4,1,0,9,70,2,11,1,0,2,0,0,1,11,6,1,3,3,4,3,1,2,1,0,1,0,3,4,3,9,0,3,1,1,2,1,7,0,3,2,28,2,24,1,2,14,19,3,1
"COG3615",7,27,0,0,0,3,1,1,4,0,1,29,0,0,0,4,7,0,0,0,2,1,0,0,2,6,4,12,0,0,0,0,4,0,1,3,4,4,1,0,3,2,0,2,1,4,5,0,0,2,12,68,0,0,0,12,2,5,20,3
"COG3616",0,4,3,0,2,1,11,1,12,4,2,26,4,2,2,2,4,6,14,2,10,2,0,2,15,9,0,4,10,6,11,12,13,11,13,6,4,5,37,8,10,7,26,25,5,10,39,11,6,6,35,6,19,10,13,16,5,16,52,11
"COG3617",54,88,140,124,108,65,221,166,122,209,219,51,85,131,43,26,95,82,86,47,46,261,189,163,121,17,232,46,29,109,92,143,81,172,216,173,234,91,47,27,122,54,200,161,109,64,154,118,146,265,111,36,42,326,80,106,79,239,50,238
"COG3618",14,0,0,0,23,10,1,0,0,1,0,1,0,0,0,0,4,1,1,0,0,0,0,0,0,4,0,12,1,2,3,2,3,0,0,10,1,7,4,0,1,1,0,0,3,0,8,1,1,0,13,21,0,1,0,0,1,0,0,1
"COG3619",132,51,123,77,71,171,14,89,51,90,47,63,110,88,113,188,55,99,46,91,67,30,58,87,45,83,24,76,126,20,111,51,44,46,64,112,40,157,39,99,74,51,63,78,113,31,47,83,89,56,72,228,77,79,53,106,53,79,58,33
"COG3621",0,0,0,0,0,7,0,0,0,0,0,0,0,1,41,0,1,0,0,0,0,13,1,0,0,0,1,0,0,1,0,0,0,0,0,23,0,0,0,0,1,0,0,0,0,0,0,0,5,0,0,0,0,0,0,1,0,0,60,1
"COG3622",15,88,6,16,10,3,23,3,34,5,5,113,9,4,2,21,11,4,7,3,7,0,4,1,16,27,10,43,9,14,9,10,14,11,9,2,3,2,20,0,12,11,10,37,12,21,7,3,5,2,9,11,10,4,17,7,0,27,16,6
"COG3623",28,90,5,2,13,25,9,2,5,11,4,141,8,6,25,25,15,0,1,8,1,3,2,6,3,11,2,36,31,7,2,7,21,3,8,7,1,14,4,2,3,7,14,9,9,18,8,11,4,4,36,32,2,2,1,4,3,18,57,13
"COG3624",5,80,0,0,0,4,4,1,6,0,0,36,0,1,0,4,3,0,0,1,1,0,0,0,1,0,1,9,0,0,2,1,8,0,2,0,0,0,0,1,3,2,0,3,1,9,0,1,2,0,2,5,0,0,0,0,0,16,16,1
"COG3625",4,91,3,3,0,2,2,1,5,3,2,29,3,3,0,5,6,0,4,7,3,0,0,7,11,7,0,9,2,1,7,6,4,0,2,0,1,1,3,3,3,8,7,8,10,11,3,2,10,1,17,2,0,1,3,1,1,21,11,4
"COG3626",4,178,4,3,0,2,4,1,12,9,0,46,3,7,0,3,9,2,6,8,6,2,1,7,5,3,0,14,4,0,9,17,10,0,2,1,1,4,10,7,6,4,16,23,15,22,5,4,8,3,12,7,1,2,2,0,3,45,26,12
"COG3627",12,214,1,7,1,9,8,1,13,11,4,74,4,4,1,7,9,0,13,8,3,1,2,5,7,4,1,17,1,2,8,18,7,1,0,1,1,2,6,5,3,9,13,12,11,20,5,2,14,2,15,7,1,3,5,3,0,28,30,2
"COG3628",3,88,4,24,0,2,3,1,15,4,0,1,1,0,0,6,8,0,4,0,5,2,0,0,0,4,1,18,0,5,2,5,1,4,4,2,0,0,15,2,1,7,3,4,2,11,1,2,8,0,4,4,2,0,25,0,1,16,9,3
"COG3629",30,8,6,4,9,1,3,4,18,2,10,103,4,7,0,0,3,17,7,1,6,0,0,0,6,1,3,5,2,0,14,13,0,3,8,1,1,4,6,4,7,4,0,6,7,3,26,4,0,9,25,15,2,7,24,2,4,4,3,0
"COG3630",0,0,0,0,0,0,1,1,0,0,2,0,0,0,0,0,0,0,0,1,0,0,1,0,0,0,0,2,0,0,0,0,0,0,0,0,1,1,0,0,0,0,0,0,0,0,0,0,0,0,0,1,0,0,0,2,0,0,6,3
"COG3633",183,85,46,60,53,115,51,37,53,57,156,77,119,65,41,154,74,74,62,53,69,114,96,72,63,157,14,55,127,28,111,35,97,30,52,74,46,103,32,47,90,72,56,94,211,19,80,54,76,69,12,226,59,61,50,54,373,39,104,93
"COG3634",30,119,106,156,153,27,91,62,141,67,16,111,86,165,123,36,196,121,192,157,117,70,16,52,249,192,12,102,58,219,91,166,93,92,139,60,16,64,175,160,135,172,142,146,99,171,108,65,138,23,127,152,49,26,154,133,9,67,105,41
"COG3635",39,20,54,68,59,14,120,37,58,77,52,25,42,83,64,15,78,63,78,125,66,99,93,43,94,62,104,42,31,81,94,152,105,202,178,119,145,76,107,136,119,133,149,150,100,157,114,133,155,178,128,36,126,121,115,148,38,154,92,192
"COG3636",0,5,0,0,12,14,1,4,0,7,1,0,0,1,0,9,4,5,0,0,5,0,0,2,6,2,0,0,0,1,0,0,3,1,0,2,0,0,0,0,1,0,0,2,2,0,0,0,0,0,0,1,6,0,10,1,0,0,0,1
"COG3637",22,382,5,1,0,7,10,2,7,5,9,358,5,1,0,36,9,0,3,2,1,0,1,1,2,3,11,27,2,6,0,7,13,6,2,1,4,3,0,1,6,4,4,10,7,22,2,0,1,0,18,10,3,0,13,10,1,12,57,11
"COG3638",19,37,21,9,31,47,5,13,28,30,4,42,13,9,2,41,20,11,13,13,22,4,6,32,8,6,2,19,30,7,15,32,9,19,10,5,5,9,12,9,5,12,13,35,34,8,2,14,28,7,22,17,15,11,38,13,6,40,23,7
"COG3639",20,45,39,24,41,100,9,18,33,35,16,54,20,15,15,53,10,16,20,35,33,3,6,52,8,5,0,22,74,1,49,34,11,21,16,11,4,19,25,32,14,11,18,45,28,7,8,28,25,10,17,25,20,25,47,10,8,60,39,19
"COG3640",216,6,38,22,38,106,2,11,24,80,27,13,61,18,34,51,8,47,22,17,27,29,22,49,11,33,8,11,73,10,39,30,10,7,9,30,15,74,12,23,33,16,10,33,37,7,5,101,12,14,3,104,25,39,66,26,16,48,23,5
"COG3641",113,16,51,41,51,168,18,61,53,42,36,35,135,48,44,14,40,48,47,47,53,29,31,34,25,69,4,52,86,16,78,43,18,19,31,70,35,94,31,51,43,24,59,81,127,10,40,70,61,40,33,138,60,42,58,59,54,63,47,26
"COG3643",11,7,47,67,57,1,11,27,63,39,5,12,23,87,55,9,67,20,73,105,78,36,4,35,113,105,5,42,22,121,49,112,28,46,63,16,4,37,82,83,79,94,80,72,57,122,69,46,97,9,70,17,36,16,96,33,4,37,37,21
"COG3645",49,85,157,119,120,32,219,177,126,190,152,39,50,80,47,76,158,78,65,74,61,159,205,126,287,18,164,38,57,117,110,170,47,180,192,105,408,51,79,62,74,54,192,73,61,118,135,90,114,235,110,17,49,295,87,34,60,135,30,228
"COG3646",42,203,46,23,26,17,10,2,9,13,15,15,5,53,10,8,142,10,8,9,5,39,10,53,431,10,8,8,15,9,13,66,32,1,1,37,212,20,56,37,19,14,10,58,53,15,33,10,0,3,7,12,9,71,25,26,55,22,8,4
"COG3647",3,3,0,0,1,4,2,0,1,0,0,12,0,1,0,3,1,0,0,0,0,0,0,0,0,0,0,6,0,0,0,0,1,0,0,0,0,1,0,0,1,0,0,0,1,1,0,0,0,0,4,0,1,0,0,0,0,8,0,0
"COG3649",10,20,56,45,59,129,33,28,38,42,33,59,68,84,32,22,31,32,51,49,41,12,32,170,36,42,5,37,50,7,23,26,24,26,41,36,6,77,38,66,51,72,22,22,112,43,52,31,40,33,68,40,43,72,42,37,23,54,11,136
"COG3650",0,0,1,8,3,0,0,0,2,0,1,0,0,2,0,0,0,0,0,8,2,0,3,4,1,0,0,2,32,1,2,1,0,10,0,0,6,0,0,1,0,0,1,0,0,1,0,4,0,1,0,0,7,0,2,7,4,0,1,0
"COG3653",2,29,17,8,15,57,29,6,57,22,19,42,118,20,4,4,7,27,54,21,59,21,3,34,20,20,3,36,24,19,23,37,34,18,44,19,4,14,43,13,27,11,69,20,23,20,17,43,4,8,167,31,25,31,40,8,16,102,49,21
"COG3654",96,91,51,30,16,23,4,51,22,40,23,21,8,7,7,42,29,55,63,59,18,7,20,21,2,19,12,21,22,26,28,30,41,40,58,70,29,45,24,32,36,11,27,16,14,46,98,43,35,10,18,28,26,38,30,13,3,35,62,17
"COG3655",100,84,74,32,99,74,21,77,63,91,38,17,62,54,62,56,70,65,46,45,63,26,39,51,48,44,13,69,56,65,51,55,63,39,41,90,4,89,63,73,68,58,34,39,57,46,47,82,75,32,22,50,80,61,56,56,23,91,41,29
"COG3657",0,0,0,0,8,2,3,0,0,0,0,0,0,0,0,4,0,3,0,0,0,0,0,0,2,0,0,0,0,0,0,0,1,0,1,1,0,0,0,0,0,0,0,0,0,0,0,0,0,0,0,0,0,0,5,0,0,1,0,0
"COG3659",0,0,0,0,0,2,0,1,0,0,1,0,0,0,0,0,0,0,0,1,0,0,0,0,0,0,0,10,0,0,0,1,4,0,0,0,0,0,0,0,0,0,0,0,0,0,0,0,1,0,0,0,0,0,1,0,0,0,29,4
"COG3660",0,24,5,0,0,0,0,0,1,5,4,0,0,0,0,0,0,0,2,0,0,0,0,0,0,0,0,13,0,0,0,0,0,0,0,0,0,0,0,0,0,0,0,0,0,0,0,0,0,0,0,0,0,0,11,0,0,1,0,0
"COG3661",3,14,93,180,101,2,312,59,77,134,173,9,58,150,183,0,93,96,140,93,90,236,328,57,119,191,275,69,19,102,38,52,131,166,144,40,231,34,117,145,93,172,98,80,80,122,79,51,128,265,239,3,113,136,70,44,0,20,122,226
"COG3662",0,0,0,0,0,0,0,0,2,0,0,0,0,0,0,0,0,0,0,0,0,0,0,0,0,0,0,10,0,0,0,0,1,0,0,0,0,0,0,0,1,0,0,0,0,0,0,0,0,0,0,6,0,0,1,0,0,0,18,3
"COG3663",62,104,126,85,95,71,112,134,95,91,114,71,130,140,71,32,115,133,134,132,99,135,122,106,76,94,151,90,65,102,126,79,103,127,86,90,105,84,89,106,102,80,70,124,96,104,127,82,77,77,101,43,97,135,95,106,45,82,81,133
"COG3664",251,2,47,71,31,46,0,42,106,60,17,12,10,39,96,39,12,11,34,28,114,9,40,42,2,18,4,85,321,66,41,20,24,33,33,31,31,126,46,26,22,26,13,37,49,61,78,60,30,21,3,379,40,20,155,63,15,77,52,7
"COG3665",0,0,14,3,1,0,0,2,4,4,1,3,0,1,0,0,0,1,0,5,2,0,6,0,4,0,1,9,1,0,2,2,2,12,2,0,1,0,0,0,0,1,2,0,0,1,12,4,1,6,15,0,9,0,4,8,2,10,0,0
"COG3666",675,355,587,265,711,447,583,358,523,758,1973,270,820,540,486,246,1008,1357,573,843,476,1350,4192,1370,1008,726,2506,483,298,912,698,685,939,2292,2337,1183,2166,396,609,370,1157,749,640,936,405,786,1211,787,504,502,309,604,1005,1497,1028,463,162,731,910,3286
"COG3667",0,0,0,0,0,6,0,1,0,0,0,0,0,0,0,0,0,0,0,3,0,0,0,0,0,0,0,0,0,1,0,4,1,2,1,0,0,0,1,0,0,0,0,0,0,0,1,0,1,0,0,1,1,0,1,0,0,0,0,1
"COG3668",0,39,5,0,3,0,1,1,6,3,3,52,0,0,0,7,3,1,2,1,7,0,2,0,1,0,4,21,1,0,5,13,2,8,0,6,1,5,1,5,4,0,2,3,32,11,2,2,6,2,5,0,1,1,2,6,17,16,3,4
"COG3669",459,532,599,1209,724,421,791,831,668,511,509,108,888,916,1071,290,1364,457,1362,1456,870,1054,197,557,1213,780,850,675,548,1376,450,868,1237,1072,779,823,316,510,1027,828,1269,981,780,914,512,1023,1162,603,973,388,919,328,800,440,872,1110,85,782,934,583
"COG3671",0,0,0,0,3,0,8,0,2,2,1,0,1,0,0,0,0,0,0,0,0,0,0,2,4,0,0,0,0,7,0,1,4,0,3,0,1,1,1,0,2,0,4,4,0,0,7,0,0,1,1,0,1,0,2,2,0,0,4,0
"COG3672",0,0,0,0,0,0,0,0,0,0,0,0,0,1,0,0,1,0,3,0,1,0,0,0,0,0,0,1,0,1,0,1,0,0,0,1,0,0,0,0,1,1,1,1,0,2,3,0,0,0,0,0,0,0,0,0,0,1,1,0
"COG3675",1,0,0,0,1,0,8,0,0,0,0,0,0,0,0,0,0,10,0,0,0,65,20,0,0,0,0,0,31,0,0,0,44,0,0,17,0,2,8,1,1,0,3,0,0,0,8,0,0,5,0,0,0,0,0,0,147,1,0,0
"COG3676",0,64,49,45,27,2,18,8,14,24,4,1,59,114,55,10,131,7,46,66,57,55,5,37,61,42,6,18,0,201,24,60,19,24,15,2,1,4,23,8,37,28,6,9,62,52,37,8,31,2,59,0,12,17,20,8,0,11,5,13
"COG3677",39,332,18,73,12,63,25,81,26,18,22,342,11,134,2,33,24,69,32,120,54,16,32,10,17,22,14,174,45,30,247,14,45,17,60,9,30,3,107,24,46,50,40,80,14,32,152,17,25,11,31,7,6,13,113,39,31,198,29,22
"COG3678",6,26,0,0,0,4,2,0,2,0,4,45,0,0,0,5,2,0,0,0,1,0,0,0,0,1,3,23,0,0,0,8,17,6,5,0,1,1,1,0,1,2,2,6,3,5,2,0,0,0,12,17,0,1,1,4,1,10,78,14
"COG3679",0,3,0,0,0,13,0,0,0,0,0,0,0,0,0,27,0,0,0,0,0,0,1,1,0,0,0,0,1,0,0,0,0,1,0,1,0,5,6,0,1,0,0,0,1,0,8,0,0,3,6,73,0,0,1,0,2,8,0,0
"COG3680",0,0,5,0,13,0,2,1,4,1,4,160,0,18,0,0,4,35,3,0,1,0,0,0,0,0,4,0,0,0,2,1,9,173,0,39,27,3,3,1,1,0,17,2,3,0,0,0,4,0,0,0,46,1,0,0,0,0,52,6
"COG3681",238,173,195,198,205,292,338,219,249,205,204,219,279,228,212,106,332,242,294,229,223,288,303,220,295,346,292,164,143,296,177,220,274,341,260,169,269,205,246,194,247,139,266,219,306,208,275,161,244,267,237,144,176,177,212,205,218,177,279,303
"COG3682",249,65,74,67,60,121,12,84,83,113,44,67,70,54,72,54,43,50,73,104,80,21,51,72,16,46,14,86,132,51,95,79,36,69,63,108,29,125,83,70,82,187,43,62,118,39,61,130,89,39,45,200,83,67,90,70,40,101,41,22
"COG3683",0,0,0,0,0,5,2,2,0,0,2,0,1,0,0,1,0,0,1,0,0,0,0,0,0,2,0,5,0,0,0,4,7,2,1,0,0,1,0,0,2,0,0,0,0,0,0,0,0,0,0,6,0,0,0,4,0,0,22,2
"COG3684",15,41,0,0,0,4,3,0,1,1,0,85,3,0,0,10,4,3,0,1,0,0,0,1,3,0,0,8,0,1,0,0,6,1,2,0,0,2,11,0,1,2,0,5,3,5,1,0,0,0,14,27,0,1,0,4,1,10,0,4
"COG3685",7,65,0,0,0,13,10,0,6,2,6,79,1,0,0,12,7,0,1,1,1,1,0,0,1,2,7,29,0,2,1,0,6,0,8,1,0,2,0,0,5,0,2,5,3,16,4,0,0,0,18,4,1,0,1,0,0,12,57,8
"COG3688",248,27,236,135,128,301,29,143,131,156,76,103,307,138,203,63,99,184,74,110,144,70,110,112,79,178,15,146,273,49,115,54,31,32,47,83,40,152,25,59,30,60,44,67,143,16,37,111,95,49,34,105,105,103,47,88,76,84,33,24
"COG3689",36,11,49,21,21,70,12,23,14,47,24,86,35,26,14,40,7,9,20,20,48,4,18,17,13,16,4,34,28,10,55,26,15,8,27,27,8,59,22,40,37,43,10,26,29,6,26,68,15,26,36,97,52,16,36,15,35,28,19,2
"COG3691",7,33,0,2,0,2,2,1,1,1,2,59,0,0,0,6,5,0,0,2,0,1,0,2,1,1,1,16,0,0,0,2,6,0,1,0,3,4,1,2,3,3,0,3,0,5,0,0,1,2,8,13,0,0,0,14,0,6,14,5
"COG3692",2,23,0,0,0,0,2,0,2,0,0,33,0,0,0,6,0,0,0,0,0,0,1,0,1,1,4,4,0,2,1,0,0,0,3,0,1,1,0,1,0,0,1,11,0,3,1,0,0,0,10,0,0,0,0,0,0,0,0,1
"COG3693",45,9,172,91,89,36,124,63,102,128,131,21,43,202,115,6,98,95,73,99,69,135,156,59,77,59,134,170,244,76,62,42,138,168,92,157,163,49,129,155,102,89,68,58,59,101,54,83,128,207,112,13,104,114,96,102,19,43,123,148
"COG3694",3,4,8,0,10,3,0,16,8,9,5,7,5,0,86,19,2,13,3,1,2,2,1,0,5,0,0,20,9,0,16,1,3,1,2,13,0,3,17,23,1,5,15,4,11,0,2,17,7,23,18,61,9,9,2,2,9,74,8,0
"COG3695",27,65,21,56,52,24,30,19,53,31,14,40,46,69,67,61,59,22,66,56,52,25,9,18,76,68,3,35,51,78,25,68,33,43,49,14,5,22,66,45,38,58,59,48,49,72,37,27,47,8,89,13,28,20,57,35,41,42,40,19
"COG3696",21,195,179,439,217,31,299,188,204,134,104,43,223,245,202,41,263,182,294,274,201,245,203,207,276,306,210,141,71,359,211,594,540,525,546,231,107,131,837,397,738,598,536,542,350,867,463,293,438,401,734,34,414,277,484,448,17,329,618,193
"COG3697",6,12,4,11,7,42,11,23,7,9,10,30,27,2,9,4,12,2,12,12,9,2,11,9,6,35,0,6,9,5,25,17,14,12,20,6,11,30,12,9,16,8,40,19,11,3,37,4,7,10,41,14,9,13,30,26,56,14,38,11
"COG3698",8,33,0,0,0,1,7,0,1,0,1,103,1,0,0,12,9,0,0,1,2,1,0,0,4,5,1,17,1,2,0,1,6,2,1,0,0,7,0,2,3,4,0,8,0,9,1,1,1,0,13,8,0,0,0,7,0,13,4,2
"COG3700",11,77,0,0,0,8,4,1,3,2,2,84,2,0,1,14,11,0,0,4,1,1,0,1,2,3,0,20,3,1,1,1,13,1,4,1,1,2,0,0,4,0,0,4,3,10,0,1,0,0,8,10,2,0,1,9,0,10,20,4
"COG3701",0,0,0,0,0,0,0,0,0,0,19,0,1,1,0,0,1,1,1,0,0,14,8,0,0,2,0,0,0,0,0,7,24,0,0,0,0,0,8,0,0,0,8,3,0,0,12,2,0,4,0,0,0,2,2,1,61,0,0,23
"COG3703",12,35,1,1,0,1,6,0,3,0,1,45,0,0,0,6,5,0,0,1,0,0,0,0,0,1,3,12,0,3,0,0,0,0,2,0,0,0,0,1,0,4,0,4,0,6,0,0,0,0,1,4,0,0,0,0,3,5,6,3
"COG3704",1,0,0,0,0,2,1,1,0,2,0,8,0,0,0,0,1,0,0,3,2,0,0,0,0,2,5,0,0,0,2,0,0,0,0,0,0,0,0,0,0,0,0,0,2,0,1,0,0,0,0,0,5,0,1,2,0,0,1,2
"COG3705",166,27,110,79,92,131,12,114,71,103,70,40,93,68,113,47,20,110,36,102,74,52,65,96,33,49,26,71,160,49,73,29,23,21,24,56,17,66,18,41,19,45,34,51,45,11,37,54,42,26,20,57,74,44,31,55,65,33,10,11
"COG3706",136,441,1189,3087,1136,187,1859,647,1404,1173,1148,113,1185,2047,1430,147,1400,876,1872,1935,1999,527,1636,1551,1719,1075,1741,1370,759,2302,1156,1613,1944,1654,1677,966,1723,681,1222,1770,1466,1907,1515,1255,899,2872,1633,816,1385,1797,3053,95,1751,877,2524,730,123,658,1994,2126
"COG3707",65,21,25,32,57,52,9,27,32,41,9,6,37,31,42,131,25,54,11,18,24,34,36,18,18,62,5,20,19,5,34,32,34,9,26,50,28,51,15,23,40,16,31,30,61,8,27,41,29,24,18,25,17,26,30,11,111,50,15,15
"COG3708",98,19,46,12,13,52,3,35,19,43,26,42,23,20,94,7,6,15,12,6,51,7,13,69,12,21,21,22,54,0,56,16,9,5,10,14,8,29,58,12,13,16,21,17,36,9,12,30,22,12,57,18,17,9,39,11,9,55,10,4
"COG3709",6,17,0,0,0,3,2,0,1,0,0,42,0,0,0,5,3,0,0,0,1,0,0,0,0,0,0,15,1,0,0,1,8,0,1,0,0,2,0,0,1,3,1,2,2,6,1,0,0,0,3,6,0,1,0,0,1,5,16,3
"COG3710",29,111,1,1,1,7,7,0,5,0,3,166,2,1,0,30,22,0,1,1,2,0,0,0,2,3,12,38,1,9,0,2,25,6,7,2,3,3,0,3,8,6,0,10,10,73,3,0,1,1,70,30,2,0,4,5,0,15,69,13
"COG3711",935,375,168,222,187,719,118,141,102,157,84,893,264,134,388,491,204,188,70,74,153,549,195,83,143,158,60,183,445,137,142,200,416,105,112,522,101,420,253,121,108,94,158,225,407,105,213,187,223,204,662,1068,110,118,111,248,1163,172,296,102
"COG3712",180,673,711,2032,1368,137,1627,446,1915,1075,469,11,1096,1637,1902,218,1828,680,1472,1498,1854,1012,642,1218,1614,1499,727,753,642,3429,605,1599,2033,1151,1404,955,413,569,2070,1387,1948,2092,1336,1438,980,2706,1225,607,1204,604,3082,28,1051,452,1806,875,56,1575,1404,951
"COG3713",14,101,0,0,0,8,9,0,7,0,3,134,5,0,1,11,7,0,0,3,0,1,1,0,7,2,3,26,0,1,1,4,13,2,3,2,0,2,7,0,3,6,19,19,4,11,0,0,0,0,23,4,0,0,0,2,0,8,75,6
"COG3714",14,32,0,1,0,7,4,0,4,0,3,56,3,1,0,12,8,0,0,2,1,0,0,0,5,0,1,14,1,0,0,2,5,2,3,1,1,0,2,2,5,1,0,5,8,7,1,0,1,0,10,4,1,1,1,2,0,7,17,3
"COG3715",175,246,43,95,34,197,63,29,47,68,31,357,180,45,89,177,43,113,28,37,60,114,101,21,65,133,21,75,134,45,18,32,58,28,27,42,12,72,38,23,34,22,29,34,118,19,59,23,26,37,54,223,20,19,28,52,256,40,71,23
"COG3716",180,308,37,65,43,212,52,42,42,55,35,370,134,51,72,212,36,129,22,52,64,120,97,45,71,105,27,110,140,63,29,60,90,51,55,94,21,122,71,34,65,48,85,59,224,38,112,40,61,68,146,431,50,37,39,84,481,75,159,61
"COG3717",19,70,148,233,147,73,282,86,110,145,94,105,175,213,146,37,234,125,204,286,202,154,185,217,162,191,294,151,136,209,99,173,157,263,203,88,189,97,152,189,152,172,179,167,189,227,113,112,176,247,160,40,140,158,123,181,46,73,156,215
"COG3718",5,4,9,8,25,26,9,11,17,19,16,17,7,8,5,0,7,11,9,39,7,68,29,11,14,12,11,9,52,8,9,10,25,6,13,31,4,21,19,17,6,2,12,20,5,5,34,27,16,20,7,14,11,8,19,34,186,29,21,7
"COG3719",7,53,0,1,0,9,5,0,6,0,3,79,0,0,0,11,6,0,0,1,0,2,0,0,3,3,2,16,0,4,0,0,9,0,3,1,1,4,0,0,1,3,1,7,0,7,1,0,1,0,8,8,1,0,0,4,0,16,24,5
"COG3720",2,0,0,0,0,2,0,0,1,0,2,11,0,1,0,6,6,0,1,3,0,0,0,0,0,0,3,6,1,3,0,0,19,1,0,0,0,0,1,0,0,0,1,0,3,7,0,1,0,0,8,8,0,0,1,0,0,12,20,3
"COG3721",3,0,0,1,1,0,1,0,1,2,13,5,0,1,0,9,0,2,6,0,2,0,0,2,1,3,0,2,0,6,1,2,4,0,2,1,0,1,0,2,3,5,5,0,5,7,10,0,0,0,18,0,3,1,4,6,1,8,6,7
"COG3722",12,84,0,0,0,11,11,0,3,0,2,157,1,0,0,13,11,0,0,6,2,0,2,0,2,2,9,38,1,4,0,5,9,3,5,0,1,3,1,0,3,3,0,8,3,11,1,1,1,0,17,9,0,0,0,2,1,14,20,11
"COG3723",1,9,83,21,29,15,7,23,39,19,8,71,85,24,7,5,26,32,20,36,78,7,2,0,118,3,9,13,26,33,67,60,16,35,25,214,2,14,52,86,13,3,22,1,32,16,35,38,28,13,36,19,21,20,16,48,21,22,12,34
"COG3724",7,57,0,0,1,9,5,1,2,0,1,62,0,0,1,5,6,0,1,3,1,1,0,0,0,2,3,17,1,0,0,1,7,0,3,0,0,1,0,0,1,2,0,6,1,6,0,0,1,0,4,8,1,0,1,1,1,8,51,6
"COG3725",2,26,0,0,0,5,1,0,1,0,1,24,1,0,0,2,3,0,0,1,0,0,0,0,3,1,2,8,1,1,0,0,4,1,4,0,0,4,0,1,1,2,0,2,0,3,1,0,0,0,2,10,0,0,0,1,0,6,17,3
"COG3726",4,29,0,0,0,4,5,0,0,1,3,29,0,0,0,8,2,0,1,2,0,0,0,0,2,2,1,13,0,0,0,1,5,0,1,0,1,2,0,0,1,1,0,4,0,2,0,0,0,2,6,8,1,0,0,6,0,5,29,6
"COG3727",47,66,50,28,127,68,65,146,60,83,99,56,78,29,32,73,130,67,63,62,109,72,133,83,85,49,84,78,45,74,21,50,87,81,72,92,45,106,93,21,75,59,52,35,21,28,24,52,42,56,71,17,44,62,85,62,59,42,69,38
"COG3728",81,145,14,6,6,13,1,16,15,36,9,23,6,26,20,8,10,47,7,19,16,35,20,8,11,10,7,17,15,9,47,9,33,12,5,36,7,32,4,10,3,6,7,6,34,8,16,11,18,7,7,11,7,13,4,30,12,41,2,7
"COG3729",2,21,0,1,0,1,2,0,1,0,2,31,0,0,0,4,2,0,0,0,0,0,0,0,4,0,2,4,1,0,0,2,2,1,1,0,0,2,0,0,2,1,0,2,1,2,1,0,1,0,0,1,0,1,0,0,0,1,8,2
"COG3730",11,32,1,2,3,8,5,3,1,1,4,46,3,4,0,9,3,8,0,5,1,66,13,1,2,1,2,32,38,3,0,1,30,4,2,10,2,10,4,1,5,5,0,8,5,5,9,1,1,13,3,41,1,1,2,4,215,12,22,2
"COG3731",8,28,2,10,5,9,1,3,6,2,2,22,4,3,0,11,3,9,0,2,0,44,9,0,0,3,3,31,17,6,1,1,26,4,0,17,0,7,1,1,2,4,0,6,4,6,4,1,3,5,1,37,0,0,2,5,124,5,35,5
"COG3732",14,41,3,4,5,9,12,4,4,1,9,50,3,7,0,12,2,14,0,8,0,75,16,2,1,4,4,43,60,5,2,1,35,2,3,10,1,10,6,3,3,3,3,5,6,3,12,2,7,23,5,68,1,1,2,2,258,9,50,8
"COG3733",9,1,0,2,0,7,10,1,4,0,2,123,0,0,0,15,10,0,0,2,2,0,0,0,3,2,8,24,3,4,1,1,10,1,3,0,1,2,0,1,2,0,1,8,0,12,4,0,0,0,15,6,0,0,0,1,2,0,29,8
"COG3734",8,60,9,1,1,10,11,4,11,38,4,189,7,2,10,29,19,3,3,2,7,2,1,4,8,3,5,42,4,6,4,4,26,7,10,3,1,9,2,1,5,5,6,17,4,9,16,29,1,3,17,14,1,7,10,11,2,27,81,15
"COG3735",12,49,10,36,40,6,18,6,26,19,16,71,13,27,36,15,22,73,43,34,49,2,6,89,41,7,58,33,12,58,42,36,28,12,33,40,7,20,61,33,30,85,45,32,20,145,15,15,19,3,112,7,19,20,65,15,0,30,40,15
"COG3736",4,1,0,0,0,3,0,0,2,14,0,10,0,1,0,32,2,0,0,0,2,0,0,0,3,1,6,0,0,0,3,0,3,0,0,0,1,4,0,0,0,0,0,0,3,0,2,1,0,0,0,3,1,0,6,3,0,0,28,0
"COG3738",5,21,9,11,6,22,2,2,3,11,6,31,8,8,2,4,6,5,3,8,6,0,17,8,3,20,5,24,1,2,11,3,9,7,11,32,4,27,23,9,22,5,2,9,13,6,4,14,9,9,9,8,10,39,5,24,3,16,9,12
"COG3740",1,53,25,15,27,36,10,13,14,17,15,30,73,17,1,7,79,20,51,4,29,133,18,6,415,8,4,5,11,6,12,25,16,14,38,23,3,4,11,10,30,13,6,13,59,51,52,11,36,14,13,6,8,13,12,19,160,45,8,22
"COG3741",13,1,2,0,0,0,0,0,0,4,14,0,0,0,3,1,0,9,1,0,0,0,0,6,0,0,0,0,0,0,0,0,0,0,0,0,0,0,5,0,0,0,1,1,0,0,0,0,0,3,5,0,0,0,15,0,1,2,0,0
"COG3744",0,0,1,1,0,0,0,3,0,2,0,0,1,4,1,0,5,1,15,0,1,0,0,9,2,2,0,0,0,2,0,4,1,1,3,3,0,1,2,3,0,0,2,1,0,0,0,0,1,1,0,1,1,0,1,0,0,0,1,0
"COG3745",0,0,6,12,0,0,1,2,2,0,8,5,0,1,0,0,0,0,2,23,0,0,1,0,1,1,6,5,1,0,0,0,0,1,8,0,0,0,2,2,0,0,0,0,0,0,0,11,0,2,3,0,3,1,2,12,0,1,0,0
"COG3746",12,31,72,60,66,6,40,40,52,42,35,1,73,127,76,14,112,44,157,53,82,65,1,74,85,93,44,32,22,193,12,62,94,53,55,67,21,27,111,84,115,51,69,85,42,114,102,78,98,9,84,1,28,34,28,81,2,30,58,29
"COG3747",0,24,21,3,11,4,4,8,10,14,2,9,18,7,4,12,1,4,0,2,6,0,5,0,5,4,0,1,22,1,5,3,4,5,5,31,1,4,18,6,7,8,1,1,4,6,7,4,15,4,10,6,1,6,41,11,2,6,4,19
"COG3753",7,31,0,1,0,0,1,1,2,0,0,39,1,0,0,4,1,0,0,0,2,0,0,0,1,0,5,10,2,0,0,0,3,0,1,1,0,1,0,0,3,3,0,8,2,5,0,0,0,1,1,3,0,0,0,0,1,1,0,2
"COG3754",42,92,88,308,127,39,186,48,201,146,289,2,68,162,158,14,134,105,166,146,121,125,94,76,99,105,288,49,64,242,58,59,68,176,168,67,63,114,131,172,73,87,101,119,43,285,157,144,136,400,213,136,126,151,164,86,16,65,48,111
"COG3755",4,35,0,0,0,3,3,0,7,0,1,50,0,0,0,0,1,0,2,2,0,0,0,0,2,1,5,17,1,0,0,1,1,1,3,0,0,1,0,2,3,0,0,2,0,0,0,0,1,0,0,2,0,0,0,0,0,0,10,2
"COG3756",2,35,0,0,0,0,1,0,5,0,0,0,0,0,0,0,5,0,0,0,0,0,0,0,0,0,4,0,0,0,0,0,0,0,0,0,0,0,0,0,0,0,0,0,0,8,0,0,0,0,10,0,0,0,0,2,0,0,0,0
"COG3757",140,61,210,104,301,194,156,218,135,245,180,94,232,120,120,92,75,208,109,159,126,148,268,208,42,63,173,126,147,50,417,259,323,265,299,631,587,356,119,246,239,268,132,318,214,173,183,502,303,524,158,306,361,551,221,436,175,325,125,322
"COG3758",6,32,0,1,1,6,6,2,10,0,4,50,2,1,0,9,4,4,0,4,1,0,0,0,1,1,1,11,1,1,0,5,6,0,5,2,1,1,2,1,1,7,1,5,2,6,3,2,1,2,17,22,0,2,4,1,1,22,13,4
"COG3759",3,2,0,0,0,12,0,0,1,0,0,0,0,0,0,1,0,17,0,0,0,0,0,1,0,0,0,1,0,1,0,0,1,1,0,0,0,1,8,1,1,0,0,0,1,0,7,0,1,1,3,67,0,1,1,0,2,0,8,0
"COG3760",108,34,81,31,58,96,10,135,68,68,61,37,58,35,75,36,16,59,57,40,71,43,57,51,26,29,13,98,75,38,101,55,40,34,44,88,68,86,78,63,43,49,21,47,39,53,83,95,56,46,71,80,61,74,71,45,82,82,24,30
"COG3762",0,0,1,0,1,1,1,1,3,2,0,0,1,2,0,0,1,0,0,0,1,0,0,3,1,2,0,0,0,2,1,2,0,0,2,0,2,1,20,2,4,1,1,0,1,0,0,0,1,2,0,3,1,0,4,9,0,1,3,2
"COG3763",4,1,1,0,0,12,0,4,0,3,1,0,0,0,2,0,0,2,0,0,0,1,0,2,0,0,0,1,0,0,1,0,0,0,0,3,0,2,4,0,3,0,0,0,0,0,4,0,0,2,3,32,0,4,0,0,1,3,2,0
"COG3764",168,178,155,26,217,321,7,149,52,119,60,29,67,90,126,855,43,223,37,17,49,18,41,32,35,36,9,89,84,25,86,87,56,28,52,194,53,182,55,92,135,40,32,108,87,26,29,320,76,100,36,260,69,105,30,70,404,415,56,23
"COG3765",14,166,0,3,0,15,11,1,13,0,7,186,0,1,0,27,16,0,0,4,1,0,0,0,4,3,17,37,1,5,0,2,24,2,9,0,5,1,0,4,10,8,0,13,2,25,2,1,3,0,31,10,0,0,2,3,0,36,32,11
"COG3766",7,0,0,1,0,0,0,0,0,0,0,23,1,0,0,7,4,0,0,0,1,1,0,0,1,1,2,6,0,1,0,0,2,0,1,0,0,1,0,0,2,3,1,4,2,4,1,1,0,0,8,0,0,0,0,1,0,9,1,2
"COG3767",0,0,0,0,0,0,0,0,0,0,0,0,0,0,0,0,0,0,0,0,0,1,0,0,0,0,0,0,0,0,0,0,0,0,1,0,0,0,0,0,0,0,0,0,0,0,0,0,0,0,0,1,0,0,0,4,0,0,0,0
"COG3768",4,30,0,0,0,4,5,1,0,0,0,41,0,0,0,2,1,0,0,1,0,0,0,0,0,2,0,11,1,1,0,2,6,0,6,1,1,1,0,1,3,2,0,6,1,7,2,0,1,1,6,4,0,0,0,6,1,7,15,3
"COG3769",4,7,0,0,0,1,4,0,1,0,0,21,0,0,0,6,5,0,0,0,0,0,0,0,1,0,0,3,0,0,0,0,4,0,0,0,0,1,0,1,2,0,0,2,0,1,0,0,0,0,0,0,1,0,0,0,0,6,0,2
"COG3770",6,33,0,1,0,2,4,2,1,0,32,65,2,0,0,9,8,0,0,1,0,0,0,1,0,0,2,13,1,1,0,0,5,0,2,0,1,0,0,0,0,3,0,4,0,1,1,0,0,0,0,6,1,0,0,7,0,6,5,6
"COG3771",0,16,0,0,0,3,1,3,2,0,2,28,0,0,0,4,2,0,0,0,1,0,0,1,0,1,4,3,0,0,0,0,2,2,0,0,0,0,0,0,1,1,0,0,1,4,0,0,0,1,4,3,1,0,0,2,1,1,17,1
"COG3772",7,321,21,8,4,7,10,5,9,19,2,63,3,9,8,14,16,1,11,0,17,0,2,8,8,14,10,23,13,27,5,10,18,7,6,19,1,4,8,2,6,6,7,92,10,28,22,9,14,1,46,17,20,82,6,3,16,63,29,13
"COG3773",137,39,153,102,57,126,11,169,47,162,80,82,167,79,86,42,13,91,66,103,103,36,60,105,22,53,20,143,249,19,206,86,34,49,72,266,48,153,39,122,36,206,65,74,85,51,52,211,110,69,35,78,215,137,92,179,38,181,34,35
"COG3774",55,63,123,155,148,145,43,174,123,122,163,19,92,155,109,53,250,115,163,180,133,166,107,116,143,44,197,90,33,266,52,201,280,318,97,199,54,179,135,122,143,107,111,107,114,185,74,133,169,18,141,57,109,241,61,63,8,92,108,248
"COG3775",60,22,63,142,197,34,307,74,109,107,61,154,66,135,103,45,182,118,76,137,98,179,277,107,207,156,314,73,121,173,87,174,307,267,162,193,232,81,99,107,190,135,144,150,91,202,148,75,102,281,237,182,145,128,94,162,416,32,271,196
"COG3776",2,7,0,0,1,0,0,0,0,0,2,23,0,0,0,4,2,0,0,1,0,0,0,0,0,0,0,2,0,0,0,0,4,0,1,0,0,0,0,1,0,0,0,0,1,1,0,0,0,0,0,3,0,0,0,1,0,2,13,0
"COG3778",0,1,0,0,1,0,2,1,1,0,0,2,0,2,0,0,2,1,4,0,0,0,0,0,0,1,0,0,0,0,0,0,0,0,4,0,0,0,0,1,3,0,1,0,0,0,1,2,0,0,0,0,0,0,0,2,0,1,2,17
"COG3779",2,0,0,0,0,1,1,0,0,0,0,33,0,0,0,0,1,0,0,0,0,0,0,0,0,0,0,9,0,0,0,0,0,0,1,0,0,0,0,1,2,0,0,4,1,1,1,0,0,0,0,0,0,0,0,1,1,2,0,1
"COG3781",6,35,0,0,0,3,4,0,3,0,0,44,0,0,0,8,3,0,0,1,1,0,0,0,2,0,1,17,1,0,0,1,3,0,0,0,0,0,0,0,0,0,0,2,0,6,1,1,0,0,0,6,0,0,2,0,0,12,23,4
"COG3783",3,20,0,0,0,3,3,3,1,0,2,23,1,0,0,5,4,0,0,1,0,0,0,0,1,0,1,10,0,2,0,0,4,1,2,0,0,0,1,0,0,2,0,4,0,1,0,0,1,0,9,6,0,0,0,1,0,6,20,2
"COG3784",2,19,0,0,1,3,2,0,0,0,1,29,0,0,0,5,2,0,0,0,0,0,1,0,0,1,1,5,1,2,0,1,1,0,1,0,0,0,0,1,0,0,0,1,0,6,0,0,1,0,2,0,0,0,0,1,0,2,6,2
"COG3785",1,13,0,0,0,1,3,0,1,0,2,32,1,0,0,1,6,0,0,0,0,0,0,0,0,1,0,4,0,0,0,0,2,1,1,0,1,0,0,0,0,2,0,1,0,4,0,0,0,0,3,3,0,0,0,1,0,6,14,4
"COG3786",0,29,11,6,8,20,0,10,3,2,7,21,43,7,9,1,0,2,2,6,5,1,11,11,3,5,2,25,7,5,47,3,0,0,2,12,2,20,7,15,1,2,0,5,2,2,6,7,3,3,16,2,30,7,11,2,5,9,3,7
"COG3787",3,40,0,0,3,2,2,1,13,1,1,41,1,1,0,4,3,1,8,2,5,0,0,0,3,0,0,20,0,4,2,5,6,1,3,1,0,2,6,1,3,3,7,4,1,3,0,0,6,0,7,8,0,0,5,0,0,7,15,6
"COG3788",2,27,0,1,0,0,4,0,1,0,0,49,1,0,0,5,7,0,0,1,0,0,0,1,1,1,3,11,2,3,0,1,4,0,1,1,0,2,0,0,2,2,0,1,0,2,1,0,0,0,7,3,0,0,1,0,0,5,16,7
"COG3789",11,0,1,0,0,0,1,0,3,0,0,54,0,0,0,5,14,0,0,0,1,0,0,0,3,0,2,11,0,2,0,0,3,0,2,1,0,0,0,0,2,3,0,3,2,5,0,0,0,0,10,0,1,0,0,0,0,6,0,1
"COG3790",4,20,0,1,0,1,0,0,1,0,1,29,0,1,0,2,3,0,0,0,1,0,0,0,1,1,0,5,0,1,0,0,1,1,1,0,0,1,1,0,0,0,0,3,1,1,1,0,0,2,5,6,2,0,0,5,0,2,19,0
"COG3791",2,0,0,0,0,2,0,1,0,0,1,0,0,0,0,0,0,0,0,2,0,0,0,0,0,0,0,2,1,0,0,2,3,1,0,0,0,0,2,0,1,4,0,0,0,0,0,0,0,0,0,0,1,0,2,1,0,0,14,1
"COG3793",1,14,0,0,0,0,0,0,5,0,0,0,0,0,0,0,0,0,0,0,0,0,0,0,0,0,0,0,0,0,0,1,2,0,0,0,0,2,0,0,0,0,0,0,0,0,0,0,0,0,0,0,0,0,1,0,1,3,20,0
"COG3794",0,0,0,0,0,0,0,0,0,0,0,0,0,0,0,0,0,0,0,0,0,0,0,1,0,2,0,0,0,0,0,0,1,1,0,0,2,0,0,0,0,0,0,0,0,0,0,0,0,0,0,2,0,0,0,2,0,0,0,0
"COG3797",5,7,0,0,0,1,0,0,0,0,0,19,4,0,4,8,1,1,0,0,0,2,1,5,1,5,0,0,2,0,2,1,1,1,3,5,0,1,6,0,4,0,0,1,0,0,1,4,0,0,4,57,0,2,5,1,1,14,1,0
"COG3799",5,2,0,0,0,0,9,1,11,0,1,1,3,1,0,11,3,1,22,6,0,2,0,0,1,1,1,0,0,2,0,2,4,12,1,3,0,0,1,0,2,2,22,0,3,8,1,3,0,0,29,6,1,4,0,0,1,24,11,2
"COG3804",18,24,9,3,8,24,8,28,16,9,4,43,8,0,7,132,1,25,4,21,10,2,5,16,4,17,2,4,20,7,20,5,3,2,8,56,0,29,11,8,5,7,27,15,16,0,6,63,13,13,14,8,36,39,6,3,15,116,6,1
"COG3808",15,154,195,308,218,111,145,267,190,156,178,103,173,313,175,58,251,231,318,285,216,354,82,308,270,212,27,182,86,280,177,353,229,376,225,175,85,149,313,237,255,210,313,325,218,299,344,195,278,63,254,46,195,131,233,230,51,283,214,126
"COG3811",3,0,0,0,0,1,0,0,4,0,1,3,0,0,0,0,1,0,0,0,0,0,0,0,1,1,0,3,1,1,0,1,2,0,0,0,0,0,0,0,0,0,0,0,0,1,1,0,1,0,2,1,1,0,1,0,0,1,7,1
"COG3815",1,3,1,2,4,1,3,0,1,0,0,1,0,6,2,1,1,0,1,0,2,1,0,1,3,4,0,0,2,0,5,0,0,0,1,5,0,0,4,3,1,5,2,0,2,3,0,0,2,0,2,2,1,3,0,0,1,3,1,0
"COG3817",5,2,2,1,1,19,6,0,0,1,6,2,2,3,4,8,5,3,2,3,7,2,2,1,3,2,4,3,12,4,5,4,7,10,3,6,5,15,2,2,5,3,19,15,2,2,6,8,5,5,22,26,6,1,4,3,21,3,38,15
"COG3819",6,1,2,2,1,20,8,3,3,2,3,4,3,7,2,6,10,4,6,4,14,1,0,3,5,8,2,0,21,6,3,4,10,21,3,3,2,19,3,2,3,0,22,3,3,2,3,2,1,4,12,8,4,5,6,6,9,2,32,9
"COG3822",2,6,12,30,9,7,7,2,24,19,4,11,5,12,14,10,16,10,27,2,15,39,17,13,38,12,3,19,10,18,29,27,18,2,14,7,3,7,38,27,9,29,17,23,7,20,19,51,13,3,28,13,12,5,44,8,3,71,9,4
"COG3823",0,24,7,4,4,0,1,4,19,7,2,0,1,1,0,0,0,1,18,1,6,1,2,2,2,0,0,21,0,1,3,25,4,1,8,3,1,3,55,7,16,0,20,2,1,0,4,10,10,1,0,0,1,7,9,0,0,5,3,7
"COG3824",0,4,0,0,3,10,0,0,0,0,0,0,0,0,0,23,0,5,0,0,0,0,0,0,0,0,0,0,0,0,0,0,0,0,1,0,0,0,0,0,2,0,0,2,0,0,0,0,0,1,0,1,0,0,0,0,0,0,0,0
"COG3825",0,1,8,24,7,1,2,4,18,7,2,10,0,5,7,1,0,0,4,1,3,0,3,10,3,1,0,3,3,0,7,13,1,3,11,5,3,7,8,9,4,0,3,3,2,8,15,11,4,1,2,0,0,4,15,8,2,6,5,3
"COG3828",0,2,0,2,0,0,0,0,3,0,0,4,0,0,0,0,1,1,0,0,1,0,2,2,0,0,0,1,0,0,1,1,0,0,0,2,0,0,3,1,0,0,0,0,1,0,0,1,0,0,0,0,0,0,0,0,0,4,0,0
"COG3829",36,112,68,155,83,160,121,50,242,83,46,715,135,87,113,56,72,97,120,60,118,153,88,69,138,166,28,104,119,87,103,189,228,103,186,158,16,126,196,111,128,126,247,129,336,79,288,62,122,75,776,82,55,78,182,69,601,189,102,61
"COG3830",83,55,161,119,160,71,107,101,147,112,106,14,129,158,151,75,195,170,176,165,139,141,80,160,204,136,92,117,106,200,129,191,176,148,161,149,92,129,158,206,193,146,165,131,133,156,100,121,163,58,137,89,148,158,150,124,84,93,143,106
"COG3831",27,169,1,15,9,0,10,3,24,6,2,98,17,9,31,65,39,6,12,21,16,0,1,12,10,7,9,35,9,68,16,9,26,11,9,8,2,0,11,14,19,71,19,34,14,97,21,1,4,0,151,6,8,2,22,8,1,26,20,17
"COG3832",0,0,0,0,0,0,0,0,1,0,2,0,0,0,0,3,0,0,0,0,0,0,0,0,0,0,0,2,0,0,0,1,1,0,0,0,0,0,0,0,1,0,0,0,0,0,0,0,0,0,0,4,0,0,0,0,0,0,16,2
"COG3833",96,45,50,14,38,75,4,57,17,50,23,51,50,18,64,90,7,30,26,31,46,18,22,53,11,20,5,61,107,4,87,38,24,60,41,60,49,133,21,76,73,150,53,51,25,63,25,215,53,54,15,184,132,45,39,107,117,77,80,52
"COG3835",161,82,29,21,28,79,8,6,19,30,17,193,71,26,28,34,20,20,35,11,21,6,12,44,30,11,6,32,7,4,22,25,31,7,23,17,7,21,37,15,17,18,26,56,16,7,30,33,28,10,104,27,23,9,29,34,10,33,73,22
"COG3836",19,50,10,8,7,47,14,7,42,14,15,96,1,10,9,13,12,18,14,35,14,1,6,0,12,11,14,51,5,6,16,29,28,14,14,3,5,16,29,6,36,10,28,23,15,16,19,5,21,11,67,6,8,9,19,12,2,19,79,18
"COG3837",5,9,1,6,0,4,0,1,1,1,4,10,0,0,0,0,1,0,11,0,6,0,0,3,0,0,3,11,1,0,1,2,2,3,1,0,4,0,5,1,1,4,0,0,1,1,4,1,0,1,3,6,1,2,12,0,0,2,19,4
"COG3839",302,270,356,148,193,574,102,216,192,320,202,455,315,193,223,434,159,214,166,235,211,96,125,202,173,311,61,343,315,78,260,182,152,109,208,220,103,282,139,194,156,333,234,178,233,78,144,411,188,168,262,299,260,218,150,238,205,331,323,175
"COG3840",7,38,0,0,0,5,1,0,3,0,3,53,1,0,0,2,3,0,0,1,0,0,0,1,2,3,0,11,0,2,0,0,7,1,0,0,2,2,1,0,1,2,0,1,0,1,2,1,1,0,2,9,0,2,1,6,0,3,16,4
"COG3842",226,303,289,286,290,400,361,222,271,347,380,438,359,301,270,215,344,259,292,317,281,337,326,178,315,380,331,308,311,291,303,281,278,327,354,241,101,257,239,319,272,306,308,305,322,264,256,362,311,334,433,375,299,331,284,376,252,312,411,368
"COG3843",1081,154,602,269,381,481,59,480,397,532,173,104,777,491,736,254,256,317,221,517,355,170,286,271,218,516,95,481,675,124,538,304,255,192,228,368,209,612,195,387,275,299,334,273,652,119,174,820,511,287,156,316,386,306,453,356,352,666,165,104
"COG3845",188,142,244,102,189,240,44,118,219,295,79,277,175,160,86,139,109,119,91,220,191,44,111,137,151,168,38,170,192,54,146,181,84,66,134,191,53,204,134,160,138,263,135,163,320,87,138,340,149,101,168,375,177,157,187,154,144,367,62,54
"COG3846",0,1,0,0,1,1,3,0,0,0,33,0,0,2,0,0,1,2,2,0,0,50,3,0,0,3,0,0,0,0,1,6,47,1,2,0,0,1,0,0,1,0,7,0,0,1,12,0,0,3,1,2,0,0,6,0,94,18,0,10
"COG3848",5,15,84,52,33,93,11,39,59,78,16,0,133,39,13,52,69,74,31,52,40,32,58,67,48,103,8,65,111,3,56,33,16,44,29,57,37,108,14,71,64,5,50,35,196,21,46,78,78,31,26,66,74,93,29,69,21,33,33,47
"COG3850",28,162,0,2,4,15,33,5,18,11,9,226,7,4,0,26,22,6,8,7,9,1,0,2,19,25,5,59,1,20,1,5,26,3,28,5,7,14,2,8,24,10,11,28,18,21,23,1,1,6,19,20,22,5,7,26,1,46,44,13
"COG3851",86,39,1,10,4,7,7,4,8,1,3,93,30,7,0,11,12,3,2,11,5,4,1,4,2,0,8,48,1,5,5,3,13,10,3,0,2,23,0,1,0,39,0,6,6,3,5,15,3,3,5,7,8,1,1,13,0,20,19,12
"COG3852",12,73,0,7,13,7,11,2,13,0,74,74,35,3,1,18,12,2,3,2,7,2,0,1,14,5,3,15,1,9,4,10,12,0,11,2,2,0,2,7,8,16,5,38,4,18,31,1,1,0,22,10,11,1,13,14,0,16,33,36
"COG3853",198,58,102,40,42,193,12,59,63,94,28,48,106,42,53,145,61,85,32,60,85,70,60,49,37,136,10,89,154,9,63,63,70,31,52,101,17,102,33,71,85,83,15,80,139,14,28,145,52,39,11,174,73,63,71,48,133,128,34,27
"COG3854",109,21,115,69,75,128,3,117,64,97,64,43,134,74,78,49,43,97,55,84,85,26,32,73,40,90,12,116,135,19,153,47,37,28,42,102,45,145,20,89,50,55,73,72,122,24,29,137,91,57,22,78,117,100,74,98,60,127,22,28
"COG3855",315,109,331,277,317,271,407,390,261,276,359,121,297,312,323,92,353,294,360,276,270,441,388,327,372,374,338,263,309,311,237,368,382,379,372,256,482,314,288,318,328,357,354,348,368,302,404,283,350,465,283,261,262,281,323,350,334,266,250,383
"COG3856",6,10,0,0,13,26,2,15,4,1,2,1,1,0,0,91,0,13,0,5,1,18,3,0,2,1,0,1,9,0,8,0,6,3,0,23,0,15,1,2,8,1,3,6,5,1,9,12,0,1,0,5,9,9,0,2,56,32,2,5
"COG3857",424,104,380,201,245,498,51,397,278,355,189,117,413,225,301,212,90,316,159,292,221,178,209,275,77,242,44,307,477,74,457,197,256,84,156,483,136,514,101,305,144,190,189,257,396,82,217,464,264,213,68,626,417,298,233,284,740,548,97,81
"COG3858",115,30,93,69,61,74,13,81,45,59,28,99,75,26,77,66,8,78,32,50,53,45,33,51,9,46,9,63,150,7,148,103,47,48,96,145,37,210,78,103,59,210,86,118,85,40,95,188,94,94,68,194,149,81,126,139,104,172,58,36
"COG3859",139,25,51,44,58,100,4,45,37,62,32,32,76,25,76,33,34,63,25,29,56,26,28,42,34,58,24,58,69,14,50,40,14,27,20,66,36,98,19,32,37,16,40,61,74,23,26,95,38,29,10,143,52,45,41,57,32,73,27,17
"COG3860",5,3,0,0,1,0,0,0,0,0,0,0,0,0,0,1,1,1,0,0,0,0,0,0,0,0,0,1,0,0,0,1,0,1,2,0,0,0,6,0,1,0,1,4,1,0,1,0,0,0,0,0,0,0,0,0,0,4,1,0
"COG3862",13,18,23,34,29,45,6,23,26,67,14,36,23,11,22,14,11,21,13,24,24,9,16,25,30,12,7,29,55,12,27,22,16,26,20,25,21,42,18,21,23,56,31,33,43,19,26,41,38,27,39,19,33,23,18,40,30,29,19,24
"COG3863",0,2,0,0,0,3,0,1,0,0,0,0,0,2,0,0,0,0,0,0,0,2,0,0,0,0,0,0,3,1,0,0,0,1,0,1,0,0,0,0,1,0,0,0,4,0,0,4,0,2,0,7,0,1,1,4,0,0,1,0
"COG3864",1,4,4,3,1,22,2,5,4,20,1,0,3,3,9,10,4,16,4,10,3,5,171,0,1,2,0,1,2,2,16,15,1,5,2,6,1,22,4,2,10,1,9,13,1,7,18,3,1,3,2,23,2,105,9,13,5,23,9,3
"COG3866",2,6,56,90,77,23,328,20,74,162,87,0,28,60,31,0,21,397,57,44,40,8,151,203,22,56,243,14,186,8,30,9,16,169,66,134,2,46,49,79,14,12,40,108,60,25,7,13,60,318,63,2,35,240,41,25,0,6,5,6
"COG3867",18,9,293,86,162,53,111,183,91,170,112,3,80,87,142,26,61,111,91,129,143,224,272,111,92,85,241,143,345,178,160,110,92,156,197,88,225,249,89,90,65,177,139,71,74,141,115,272,140,190,121,47,165,140,149,140,298,62,68,191
"COG3868",0,0,12,8,1,0,1,16,4,23,1,0,4,4,8,0,0,1,9,5,5,0,2,12,0,0,1,18,12,1,3,1,0,4,12,0,4,10,0,1,4,50,0,1,1,10,6,22,11,4,0,0,23,6,3,8,1,2,0,1
"COG3869",56,38,30,9,36,22,11,46,9,24,32,15,24,22,37,5,10,35,10,59,17,32,28,36,16,33,9,31,41,14,40,8,38,6,12,50,24,79,8,43,17,12,32,32,5,10,35,41,18,29,17,18,42,23,36,40,131,78,7,7
"COG3870",9,9,12,4,23,43,2,6,6,8,9,9,3,6,10,8,3,17,10,26,6,1,6,18,12,3,4,7,13,8,1,5,1,4,4,9,0,9,8,6,5,1,4,5,8,1,6,17,3,5,5,5,6,4,6,5,6,16,6,0
"COG3871",19,19,33,82,58,8,32,14,51,29,8,17,59,57,90,15,65,6,56,36,80,48,3,39,139,83,6,36,22,143,20,42,43,50,65,8,4,37,69,61,50,89,48,77,40,116,55,17,42,4,125,2,26,10,72,25,4,37,48,28
"COG3872",193,28,149,88,108,143,21,98,91,121,71,62,127,104,135,51,56,117,62,86,104,70,85,76,57,62,21,108,167,23,168,80,43,43,60,139,61,166,56,96,66,70,102,129,164,39,75,163,93,83,53,102,143,102,70,129,151,154,51,32
"COG3874",33,9,25,10,19,18,2,34,19,29,19,0,27,14,24,0,18,24,4,33,12,2,11,5,10,17,7,24,6,3,24,16,5,4,17,44,15,36,5,25,17,6,5,11,44,2,6,55,18,10,1,12,29,40,13,14,11,72,2,2
"COG3875",230,27,19,32,47,22,32,32,116,74,46,120,42,49,9,13,51,58,37,35,39,75,59,45,67,89,8,25,41,26,66,61,52,45,56,40,28,42,88,27,70,37,96,54,86,43,119,87,38,53,132,25,51,42,73,52,224,117,27,34
"COG3876",7,58,115,132,182,5,53,87,112,96,36,1,76,224,88,12,182,57,147,157,118,62,18,57,205,173,14,68,36,193,51,89,51,65,66,40,11,23,99,78,69,52,87,105,48,101,68,60,88,9,52,1,48,31,92,60,1,44,64,28
"COG3877",3,9,5,20,1,0,0,1,8,5,2,0,0,4,0,0,12,0,16,25,13,13,1,12,6,31,0,9,1,13,2,7,10,3,17,7,1,2,18,2,3,8,4,10,7,22,6,4,5,0,9,0,1,3,6,0,1,14,0,2
"COG3878",16,2,16,9,21,1,6,7,7,13,3,1,25,23,15,0,3,4,7,4,3,2,5,1,2,2,3,16,4,1,4,11,9,11,2,24,1,4,20,0,3,4,27,18,4,0,0,27,1,0,5,1,36,12,2,16,2,6,5,3
"COG3879",41,61,2,0,55,106,0,39,17,16,5,0,4,3,3,374,3,63,4,11,2,27,15,6,6,2,6,2,26,2,44,6,28,5,3,71,2,45,10,38,68,3,8,17,10,5,18,43,4,12,16,16,36,34,5,0,199,110,13,11
"COG3880",40,36,16,7,46,15,3,34,8,24,10,24,5,16,39,5,6,31,8,38,14,21,17,15,15,9,10,18,24,6,25,6,25,8,10,26,19,42,9,16,7,7,17,23,12,6,22,19,15,14,13,13,13,25,16,28,80,58,4,7
"COG3881",0,0,0,0,0,2,2,0,0,0,0,0,0,0,0,0,0,1,0,0,0,0,9,0,0,0,0,0,1,0,0,0,18,0,0,0,0,0,0,0,0,0,0,2,0,0,8,0,0,4,0,0,0,0,0,0,46,0,0,0
"COG3882",0,8,55,73,121,1,17,33,87,71,92,15,28,51,39,8,28,16,53,22,133,3,8,71,90,5,5,33,9,2,22,29,16,5,24,79,3,19,25,16,33,108,16,11,16,48,30,83,61,22,7,8,36,25,26,14,0,26,7,30
"COG3883",28,25,9,5,3,21,1,30,4,11,11,1,2,4,8,10,5,7,3,47,8,2,5,10,5,2,8,10,34,0,43,18,2,3,17,91,9,56,16,29,13,31,15,27,11,4,9,61,17,14,2,107,29,63,11,27,8,141,14,1
"COG3884",145,84,154,150,117,169,128,162,160,145,165,29,164,198,160,67,162,148,203,134,154,195,139,218,141,136,150,114,136,144,179,167,164,189,182,182,133,136,146,185,153,178,118,154,133,127,171,170,164,127,76,178,167,201,167,174,41,129,108,134
"COG3885",9,3,0,2,7,13,0,3,6,1,9,28,1,0,2,1,4,6,1,0,2,3,2,6,6,6,0,0,1,9,0,1,2,0,0,2,7,1,9,0,6,0,2,8,0,0,13,0,1,11,26,1,11,4,4,1,1,3,1,2
"COG3886",97,30,28,47,75,153,46,36,59,81,163,47,42,32,95,240,14,111,25,30,53,88,107,201,15,83,54,20,69,34,239,74,134,144,137,111,402,180,52,108,168,18,177,136,37,4,91,41,25,78,104,243,160,154,37,102,377,78,59,284
"COG3887",362,86,280,188,166,478,49,268,166,246,111,118,307,139,218,197,91,255,122,164,187,172,193,198,83,196,35,184,401,42,324,171,135,85,128,300,112,417,119,201,127,140,153,191,282,75,148,397,213,167,62,558,275,295,136,251,522,366,101,67
"COG3892",0,0,1,0,0,3,0,3,2,1,1,0,1,0,0,1,0,0,0,3,0,2,0,3,0,8,0,7,0,0,1,7,6,1,2,0,1,0,0,1,1,0,0,0,3,0,2,0,0,2,2,7,4,0,1,5,0,22,58,6
"COG3893",0,21,119,10,12,0,19,8,48,37,23,1,1,29,1,2,8,8,71,1,15,2,6,14,7,30,9,18,3,14,6,30,35,7,14,10,24,5,141,13,45,4,29,26,10,16,4,30,8,0,2,0,4,7,53,4,0,52,1,14
"COG3894",387,19,64,33,24,116,0,67,35,88,25,3,52,31,76,63,9,48,24,54,52,20,32,33,7,32,11,75,150,15,105,50,17,13,34,66,19,96,25,77,87,55,27,42,68,21,21,159,44,37,1,221,63,82,51,83,18,100,29,14
"COG3895",3,16,0,0,0,1,1,1,2,0,1,27,0,0,0,4,0,0,0,1,0,0,0,0,0,0,2,9,0,0,0,0,1,0,0,1,0,0,0,0,1,1,0,3,2,0,0,1,0,0,5,2,1,0,0,2,0,4,14,1
"COG3896",0,13,0,0,1,0,0,0,2,0,1,0,0,0,0,0,0,1,1,0,0,0,0,0,0,0,0,13,0,0,0,0,0,0,0,0,0,2,0,0,0,0,0,0,0,0,0,1,0,0,0,0,0,3,0,0,0,1,0,1
"COG3899",27,7,3,4,4,0,0,4,24,4,8,102,1,7,0,1,1,15,0,1,1,1,0,0,5,0,1,2,6,0,21,15,9,2,3,2,0,4,8,4,11,3,5,10,5,3,14,1,0,1,73,32,3,6,16,1,1,1,1,1
"COG3901",0,0,20,0,8,15,0,1,0,21,4,0,0,4,1,0,1,2,4,2,1,0,7,2,3,11,0,2,0,0,4,5,5,0,0,6,3,16,1,1,3,0,5,5,1,12,1,1,2,5,0,1,1,8,2,2,0,30,2,0
"COG3903",5,0,0,0,0,2,1,0,0,0,1,0,0,0,0,0,0,0,0,0,0,0,0,0,0,2,0,0,2,0,1,0,1,0,0,0,0,0,0,0,0,0,0,0,0,0,0,0,0,0,0,0,0,0,2,0,1,0,0,2
"COG3906",12,2,0,1,0,28,1,0,0,0,1,2,2,1,1,15,0,1,0,1,0,0,0,1,0,0,0,0,0,1,2,0,0,1,1,3,0,2,4,1,1,1,2,0,0,0,4,0,2,2,2,79,2,2,3,0,0,2,0,0
"COG3907",0,0,0,0,2,2,0,0,0,0,0,0,0,0,0,0,0,3,1,0,0,0,0,0,0,1,0,0,1,0,0,1,1,0,0,1,0,0,0,3,2,0,0,0,0,1,0,0,0,0,0,0,2,1,12,4,0,0,0,1
"COG3910",36,17,31,14,17,53,6,106,21,32,11,0,50,15,44,18,23,17,17,20,23,10,16,25,14,29,9,12,29,7,69,37,31,19,37,65,70,119,36,31,48,60,26,36,103,33,76,73,51,51,11,16,56,40,23,59,22,63,19,17
"COG3911",0,1,1,0,3,0,1,0,0,0,0,0,0,4,0,0,0,1,2,0,0,0,0,0,0,0,0,0,0,0,0,0,0,0,0,1,0,0,13,1,4,2,0,0,0,0,0,0,0,1,1,0,0,1,1,0,0,6,20,0
"COG3915",1,0,0,0,0,1,0,0,0,0,2,0,0,0,0,1,0,0,0,2,0,0,0,0,0,0,0,7,0,0,0,0,1,0,0,0,0,0,0,0,0,0,0,0,0,0,0,0,0,0,0,2,0,0,0,0,0,0,6,3
"COG3919",7,26,15,69,76,108,7,33,47,54,89,0,1,19,32,51,47,35,40,11,38,9,7,8,16,42,87,23,6,140,19,28,34,18,18,20,2,12,42,100,69,48,9,67,30,37,59,64,54,16,15,69,23,93,93,8,1,51,24,3
"COG3920",21,33,3,10,47,74,14,8,20,3,16,12,4,7,7,272,8,47,9,7,11,54,26,10,6,12,11,4,29,10,19,9,36,15,13,18,3,16,18,6,42,9,10,12,18,1,35,4,6,23,54,34,5,14,6,7,232,10,16,9
"COG3921",0,0,0,0,0,3,0,0,0,0,0,0,0,0,0,1,0,0,0,0,0,0,0,0,0,0,0,7,0,0,0,0,6,1,0,0,0,0,0,0,0,0,0,0,0,0,0,0,0,0,0,0,0,0,0,0,0,0,13,5
"COG3923",5,34,0,0,0,9,3,1,0,0,0,42,0,1,0,5,1,1,0,0,1,1,0,0,2,2,0,12,0,0,0,1,5,0,1,0,1,2,0,0,1,0,0,3,0,4,1,0,0,1,2,9,0,0,0,4,0,3,12,3
"COG3924",3,17,0,0,0,1,2,2,1,0,2,24,1,2,0,2,3,0,0,0,0,0,0,0,1,1,2,8,0,1,0,0,1,0,0,0,0,0,0,0,0,0,0,1,0,0,1,0,0,0,2,0,0,0,0,3,0,1,4,1
"COG3925",8,66,0,0,0,5,9,0,8,0,1,74,0,0,0,10,3,0,0,0,0,1,0,0,3,3,3,15,0,1,0,0,10,0,3,0,0,1,1,0,4,4,0,6,3,6,3,1,1,1,9,4,0,0,0,5,0,12,8,5
"COG3926",2,1,11,12,62,1,2,12,12,15,5,0,4,45,238,2,14,1,17,22,12,6,0,50,6,4,2,8,6,48,8,6,21,36,8,0,1,26,4,36,10,60,10,32,18,85,23,15,5,0,3,11,41,101,33,24,4,11,1,4
"COG3933",212,83,11,24,25,156,58,18,45,26,23,62,30,19,58,58,10,69,21,58,26,292,91,49,16,40,19,40,200,51,35,26,269,23,45,170,9,98,65,27,28,143,37,12,37,7,114,9,18,67,65,103,37,12,36,37,1051,15,179,18
"COG3934",5,0,21,0,30,0,0,4,14,5,4,0,0,36,0,19,10,12,1,1,2,0,1,93,10,1,2,4,0,1,21,0,0,0,2,68,0,4,2,6,8,1,0,4,7,3,0,3,53,5,0,1,1,0,36,4,0,6,1,0
"COG3935",260,34,149,82,67,181,6,123,79,107,62,70,161,56,109,86,20,94,46,84,89,30,53,87,25,46,19,108,186,27,147,65,26,48,66,205,44,148,41,107,48,102,58,115,148,28,39,129,77,75,16,231,146,125,90,149,48,137,36,31
"COG3936",1,6,18,25,2,8,22,43,43,3,10,0,4,29,16,0,7,18,14,6,26,4,2,5,9,45,4,12,0,1,23,14,2,6,8,17,2,7,25,2,23,7,2,14,5,0,5,11,9,2,0,5,7,22,0,4,1,37,4,1
"COG3937",3,6,6,3,6,21,0,2,2,5,0,10,1,4,2,35,0,3,3,2,2,1,4,6,0,6,0,6,7,2,2,8,2,2,1,14,1,6,10,2,5,5,3,5,7,0,1,4,1,6,4,41,0,3,4,6,3,18,4,2
"COG3938",4,1,5,2,1,0,1,1,3,2,0,7,2,6,2,2,0,5,0,2,1,0,5,1,0,0,1,4,4,1,4,8,10,8,7,4,1,2,3,7,13,8,0,4,8,4,4,7,2,3,0,27,4,4,4,8,12,22,37,2
"COG3940",129,188,79,229,95,159,19,46,121,77,18,6,126,66,202,422,131,122,68,146,160,13,60,67,224,72,11,88,178,142,128,81,171,22,93,90,14,108,92,75,139,189,146,184,78,254,80,84,66,57,186,96,96,44,174,92,297,69,87,35
"COG3941",0,0,2,1,0,0,0,0,6,1,0,0,2,1,0,0,14,2,11,0,0,0,0,2,7,0,2,2,0,0,10,17,1,3,12,1,0,3,3,4,33,0,15,0,0,17,34,6,20,1,0,0,8,1,21,1,0,4,5,0
"COG3942",34,59,0,1,36,125,1,4,1,0,1,0,2,4,7,372,1,61,1,19,3,0,5,3,0,1,11,3,13,0,0,0,1,2,0,7,1,44,45,0,40,2,1,5,5,0,24,6,0,23,3,661,0,13,5,10,115,1,4,1
"COG3943",158,166,368,505,235,188,348,425,418,292,370,44,228,407,370,75,454,280,442,430,393,478,332,560,304,289,540,295,215,318,328,383,315,514,357,333,707,335,464,490,368,505,306,220,316,253,496,339,403,336,246,59,258,447,310,247,48,261,377,582
"COG3944",188,97,102,76,146,276,8,115,68,113,78,100,134,79,216,333,26,153,49,86,82,38,109,68,27,51,19,70,159,44,154,68,28,26,55,170,52,273,39,73,88,70,66,95,153,26,41,168,117,102,46,232,111,132,90,117,222,146,44,33
"COG3945",14,1,0,0,0,3,3,0,0,0,0,1,1,1,0,3,3,8,0,2,0,10,2,0,0,0,0,0,7,0,0,0,20,2,0,4,0,1,3,0,2,0,2,5,0,0,6,0,0,0,12,1,0,0,0,0,40,1,0,0
"COG3947",0,19,12,17,8,16,3,4,9,9,13,25,4,12,1,7,14,5,19,1,30,4,6,4,15,0,3,19,12,1,13,4,6,10,15,12,15,9,9,22,12,6,11,6,19,9,5,9,25,8,6,9,10,10,43,12,0,27,9,6
"COG3948",11,157,16,20,7,3,12,20,9,6,17,28,1,28,8,14,19,10,16,2,29,2,8,23,19,6,6,28,1,3,28,14,15,4,20,22,1,11,6,4,11,1,5,24,78,8,44,9,64,5,6,4,22,17,35,5,9,56,49,15
"COG3949",0,26,16,12,7,97,6,44,19,20,16,49,16,24,31,1,26,23,14,6,21,14,15,9,13,18,2,12,66,12,26,18,13,15,9,46,7,71,30,15,8,5,19,66,31,5,46,32,26,12,45,59,13,45,19,22,38,78,13,13
"COG3950",117,19,42,88,73,123,88,32,86,50,16,1,156,81,138,28,113,87,86,67,93,110,163,198,117,181,120,32,63,169,116,130,226,429,245,139,364,176,123,211,125,259,137,189,269,183,158,122,173,127,152,49,115,211,112,132,75,42,319,309
"COG3951",7,54,5,4,7,2,11,1,14,12,72,59,3,2,2,12,12,1,7,0,4,4,11,0,2,4,8,20,0,11,5,1,18,4,34,4,1,1,1,4,6,7,2,10,4,9,1,2,5,2,11,10,0,1,3,0,0,23,7,24
"COG3952",0,11,9,4,2,0,0,4,5,2,6,0,10,8,0,4,17,0,30,35,9,7,1,0,22,1,1,0,0,15,3,6,3,11,10,0,0,2,26,3,1,8,2,14,0,5,19,1,16,0,7,0,4,1,8,9,1,3,5,3
"COG3953",0,0,0,0,0,0,0,0,0,0,0,0,0,0,0,0,0,0,1,0,2,0,1,0,0,0,0,0,2,0,0,0,0,0,0,1,0,0,4,0,0,0,0,0,0,0,0,0,0,0,0,266,2,1,0,0,0,0,0,0
"COG3954",10,71,0,0,1,2,6,0,7,0,4,117,1,0,0,6,6,0,2,2,0,0,0,0,0,1,4,19,2,2,0,5,14,1,2,0,0,2,0,0,2,4,1,5,3,8,0,0,0,0,8,7,0,0,0,3,0,12,22,5
"COG3955",7,3,14,2,2,6,0,11,15,14,3,0,3,27,16,4,33,10,12,26,3,0,3,0,9,3,14,4,4,15,41,13,10,2,4,5,9,30,26,24,14,0,17,6,1,12,11,6,14,2,0,15,5,68,1,4,6,7,1,6
"COG3956",59,28,55,68,91,67,65,62,93,93,92,13,63,78,27,12,114,108,92,80,71,138,151,104,90,93,148,59,29,52,62,84,150,77,90,118,113,58,81,102,72,50,85,98,112,79,71,69,72,107,66,16,100,84,71,81,147,46,76,120
"COG3957",29,92,114,65,109,160,4,100,89,50,35,4,95,86,66,419,7,132,42,65,50,15,66,42,10,54,1,44,209,11,154,25,11,39,30,97,25,82,26,47,97,18,29,67,38,10,33,34,71,38,2,322,79,109,53,108,195,88,33,19
"COG3958",361,97,207,179,125,223,73,171,121,189,142,184,162,130,254,112,163,218,102,237,176,116,165,167,158,244,44,202,302,65,222,185,83,95,125,168,47,294,76,179,120,356,201,110,196,101,106,290,146,159,125,205,134,154,107,155,80,273,110,79
"COG3959",161,40,92,51,57,105,33,84,67,114,60,97,83,55,162,45,82,88,42,93,84,50,75,59,92,122,20,75,131,36,204,179,88,89,110,161,50,241,79,225,138,347,191,85,205,107,122,286,145,148,140,198,141,177,96,133,64,230,129,78
"COG3960",17,45,0,2,0,1,7,2,11,0,0,58,0,0,0,16,7,0,0,2,3,0,2,0,3,0,2,23,0,4,0,0,2,0,1,0,0,0,0,0,0,2,0,3,1,9,1,0,0,0,10,0,1,0,0,0,0,17,0,3
"COG3961",0,1,0,0,0,3,0,3,1,0,1,0,0,0,0,1,0,0,0,0,0,0,0,0,0,0,0,12,0,0,1,0,1,0,0,0,0,0,0,0,2,0,0,0,0,0,0,0,0,0,0,6,0,0,1,0,0,0,14,1
"COG3962",10,1,8,16,16,29,16,13,13,19,18,0,7,9,8,8,3,22,10,75,5,84,34,3,11,4,6,20,43,8,10,10,25,10,5,27,2,18,14,6,4,2,8,12,17,4,28,8,14,16,1,32,10,17,16,38,194,36,45,10
"COG3963",0,1,0,0,0,0,0,1,3,0,0,0,1,0,0,0,0,1,0,0,0,0,0,0,0,0,0,1,0,1,0,1,2,1,1,0,0,0,0,0,0,0,0,0,1,0,1,0,0,0,0,0,0,0,0,0,1,1,1,0
"COG3964",1,14,11,12,10,9,14,8,41,18,2,52,7,28,6,0,7,25,37,21,14,3,22,96,34,12,1,48,17,13,27,14,38,1,19,20,7,11,13,21,15,21,17,18,14,46,43,5,14,4,80,19,29,6,53,14,142,6,28,9
"COG3965",16,7,18,10,6,13,0,6,6,11,7,0,2,5,25,28,5,8,0,1,3,4,9,2,1,2,1,7,7,3,24,18,7,4,6,14,1,23,9,25,3,2,3,7,5,4,8,21,2,5,0,27,7,44,6,4,0,16,6,0
"COG3966",7,7,3,3,7,73,0,4,15,3,3,1,0,2,20,39,1,4,0,0,1,0,1,1,0,1,1,4,0,1,3,19,1,2,1,2,0,9,14,1,4,0,3,6,0,5,6,9,1,3,3,150,0,2,5,7,2,1,1,0
"COG3967",0,0,0,0,2,0,0,1,0,3,0,0,0,2,0,0,0,0,1,0,2,0,0,2,0,4,0,0,0,7,0,0,2,0,0,0,0,1,0,0,0,0,0,0,3,0,0,0,0,0,0,0,3,0,3,1,0,0,43,1
"COG3968",460,331,649,589,583,345,957,636,589,677,582,160,612,666,587,179,623,526,705,559,624,685,713,759,636,610,921,614,498,530,596,704,545,772,630,502,758,539,615,658,609,656,617,664,573,652,592,629,654,853,422,269,660,577,554,601,171,578,455,741
"COG3969",58,297,70,216,229,20,98,90,179,78,21,151,130,300,190,53,273,58,206,242,193,128,15,91,319,213,15,131,54,299,99,222,127,133,159,102,15,76,195,281,160,206,221,198,148,283,127,91,185,16,259,11,136,32,203,128,8,252,259,92
"COG3971",14,48,0,2,1,3,17,0,3,0,2,74,1,0,0,15,5,1,2,3,2,1,1,0,6,0,1,26,2,3,0,5,5,3,10,0,2,5,3,1,7,2,2,17,5,7,2,0,0,0,8,10,1,2,1,2,0,8,41,9
"COG3972",136,6,3,3,5,4,4,6,9,9,15,0,26,14,13,5,5,13,1,10,22,2,32,46,0,34,11,2,32,161,1,55,95,27,5,55,2,36,5,4,100,3,31,10,9,0,26,10,14,414,0,16,34,136,192,18,341,6,7,26
"COG3973",196,112,93,85,191,370,36,166,71,216,28,125,97,136,309,536,121,87,96,118,141,56,63,81,132,138,8,116,199,200,160,149,114,102,75,115,26,174,98,106,113,132,106,154,143,167,129,138,76,65,104,329,127,205,173,152,165,191,83,33
"COG3975",0,0,0,0,0,0,14,0,5,0,4,0,2,1,0,0,1,3,3,0,0,0,4,0,0,2,0,0,1,0,0,3,1,5,6,6,1,0,1,1,12,2,5,17,0,0,3,0,0,2,0,0,8,5,0,14,0,1,10,1
"COG3976",3,2,27,10,33,75,8,16,9,37,10,1,23,29,23,9,11,29,24,7,15,3,16,8,23,19,5,92,11,36,16,25,18,24,32,43,12,65,7,66,23,8,29,21,50,8,58,28,23,20,78,22,50,17,44,19,3,26,21,14
"COG3977",24,115,0,2,0,6,5,0,12,0,7,170,1,0,0,12,15,1,0,6,1,0,0,0,4,0,4,57,0,3,1,2,15,2,3,0,0,5,1,2,3,7,0,15,2,9,1,0,0,0,18,13,1,3,0,4,0,21,37,6
"COG3978",5,18,0,0,0,5,1,0,1,0,1,24,0,0,0,3,1,0,0,0,0,0,0,0,1,2,3,4,0,2,0,1,2,2,0,0,0,0,0,0,2,1,0,3,0,3,0,0,0,0,3,3,0,0,1,0,0,8,13,2
"COG3979",5,0,7,0,1,11,0,6,0,1,14,0,2,9,2,0,0,9,24,34,9,0,6,0,0,52,0,1,25,2,2,3,0,1,3,6,1,1,2,0,5,8,32,21,11,0,15,39,22,11,0,56,3,7,4,33,0,0,1,3
"COG3980",4,32,33,21,38,3,3,59,54,30,67,0,10,58,41,11,13,17,31,10,49,9,3,8,66,35,2,54,60,15,37,75,18,23,41,8,2,7,27,76,16,122,85,25,17,33,36,40,22,8,43,3,26,13,23,29,1,30,10,29
"COG3981",17,15,29,30,14,45,1,19,25,18,13,28,55,27,17,17,42,24,17,20,23,10,18,32,24,49,3,21,10,2,24,18,2,10,13,38,10,78,26,37,17,3,13,14,70,8,12,24,14,14,28,76,60,26,16,20,52,85,5,14
"COG4001",248,120,124,150,102,82,115,140,144,202,75,14,151,179,186,48,101,185,120,173,146,183,134,224,83,141,125,171,235,200,294,191,262,261,270,355,706,365,245,222,172,183,188,143,213,312,216,265,363,135,136,101,234,2,244,283,521,300,172,463
"COG4012",0,0,0,0,0,0,1,0,1,2,0,0,0,0,0,0,0,0,1,0,1,0,0,0,0,0,0,0,0,2,0,3,1,0,2,0,0,0,0,1,4,0,2,0,1,2,3,1,0,0,0,0,0,0,0,0,0,11,0,3
"COG4021",0,0,9,0,2,4,2,1,1,5,16,0,1,1,4,0,0,0,13,0,7,0,3,0,2,0,1,1,1,6,7,5,9,3,1,0,0,7,3,2,0,2,1,1,4,2,1,1,0,1,0,9,0,2,7,0,13,35,5,6
"COG4032",1,15,3,20,3,15,3,13,2,11,1,31,41,39,1,6,2,1,21,42,24,2,4,9,54,12,5,8,12,1,5,17,2,37,8,3,6,20,65,7,7,10,11,10,20,75,37,7,15,4,6,54,32,7,25,14,0,15,12,42
"COG4034",0,0,0,0,5,0,0,0,0,20,0,0,0,0,0,0,0,0,2,0,0,0,0,0,2,0,2,0,0,0,1,0,2,0,0,0,0,1,0,0,0,0,0,0,0,5,0,1,0,0,0,0,0,9,0,0,0,0,0,2
"COG4043",25,1,4,0,2,4,0,16,0,6,0,0,4,9,1,0,0,2,0,3,2,0,1,5,0,0,0,4,0,0,29,1,0,0,1,15,0,3,0,2,14,0,0,0,0,1,0,17,2,0,0,0,10,11,0,1,0,28,0,0
"COG4085",0,0,0,0,2,1,0,3,0,0,0,0,0,2,0,0,4,0,1,0,0,0,0,2,0,0,0,0,0,0,0,1,1,0,0,0,20,0,0,0,0,14,3,1,7,10,30,1,1,1,3,0,3,0,0,0,0,3,0,0
"COG4086",152,5,19,30,25,99,1,18,24,14,19,0,50,24,42,54,7,12,8,6,13,9,24,11,0,10,1,19,80,9,25,15,9,18,7,21,9,48,11,12,7,7,19,28,26,8,6,23,25,33,3,132,41,20,17,51,29,50,8,14
"COG4087",1,0,2,0,2,1,0,1,0,2,1,6,0,0,0,2,0,1,0,1,1,0,0,1,3,2,0,1,3,1,0,2,1,1,1,3,1,2,2,0,4,1,1,0,1,0,4,2,0,3,7,6,0,1,1,1,0,11,0,0
"COG4091",4,3,2,2,4,1,1,0,4,5,1,28,4,3,1,1,4,2,8,1,1,61,3,4,7,1,0,0,21,1,1,3,6,0,2,0,0,8,7,3,4,3,3,1,3,1,7,2,0,4,30,5,1,1,5,3,161,0,3,2
"COG4095",0,0,9,0,3,2,0,0,0,0,0,0,0,0,1,0,0,0,2,0,1,0,0,0,0,0,1,0,0,0,0,0,0,0,0,0,0,0,2,0,0,0,0,0,0,0,0,0,0,3,0,0,0,0,10,0,0,0,0,0
"COG4096",45,93,233,280,179,745,248,555,166,130,382,4,341,311,166,179,382,446,232,161,389,402,184,348,224,321,121,363,300,195,490,235,398,204,68,368,276,111,240,309,285,50,331,245,435,140,484,199,356,607,358,52,354,223,157,357,478,235,267,182
"COG4097",0,0,0,0,8,1,0,0,1,0,0,0,0,0,0,3,0,0,0,0,1,0,0,0,0,2,0,0,0,1,0,5,1,0,0,2,0,7,7,0,0,0,2,12,0,0,27,0,0,2,0,16,0,1,0,12,0,0,9,0
"COG4098",24,8,0,1,0,59,0,0,1,2,1,0,3,0,6,25,1,3,0,0,0,1,2,1,0,1,2,1,1,2,0,1,1,3,2,2,2,16,15,1,1,0,1,0,0,0,9,0,1,4,11,175,0,2,2,5,2,1,2,0
"COG4099",66,22,21,41,49,39,91,109,53,72,45,6,15,70,48,17,46,68,35,46,40,39,101,93,58,21,93,34,30,45,71,88,65,43,75,67,208,65,78,34,40,89,57,48,34,122,68,53,41,131,31,54,20,73,64,43,12,34,45,91
"COG4100",186,30,148,96,98,218,20,153,123,168,68,46,160,75,118,103,73,135,62,103,121,84,100,102,45,106,27,120,208,18,206,89,72,36,68,220,60,206,60,123,83,67,86,105,162,50,72,229,125,79,38,157,144,177,85,143,195,248,51,43
"COG4104",0,12,7,10,4,0,1,1,8,0,1,0,0,3,0,1,7,1,4,3,3,0,0,1,7,7,1,2,1,2,0,3,5,2,2,0,19,1,14,3,1,11,1,15,6,8,2,0,1,2,6,0,2,0,11,2,0,5,4,5
"COG4105",6,57,4,5,3,4,11,0,10,4,43,73,3,1,0,15,9,0,6,3,4,2,1,2,7,7,4,18,1,9,1,4,15,5,12,2,7,6,0,2,11,1,9,12,3,9,15,0,2,1,11,8,12,5,9,19,0,12,30,23
"COG4106",1,34,0,1,1,15,2,6,9,0,5,49,0,3,33,39,5,8,0,2,2,0,1,0,3,1,0,21,0,4,2,8,8,1,4,0,0,0,4,1,6,3,2,3,3,1,1,7,0,1,4,7,8,1,1,0,1,4,15,10
"COG4107",7,167,3,2,0,1,5,1,14,5,0,55,5,5,0,5,7,1,8,2,0,0,0,7,6,3,1,17,2,0,10,9,8,2,2,0,1,1,1,1,1,7,3,7,7,11,1,1,8,1,14,4,1,2,1,0,2,28,28,7
"COG4108",299,152,351,242,248,318,302,272,240,347,358,199,292,291,270,136,277,362,284,278,302,331,429,314,242,286,324,279,270,204,329,276,289,310,297,272,363,353,241,265,294,203,262,264,286,257,301,317,239,385,169,362,311,302,255,323,307,201,257,350
"COG4109",7,1,0,1,0,0,0,0,0,0,1,2,0,7,0,3,0,0,0,0,0,0,1,1,0,0,0,1,0,0,3,1,0,0,0,1,0,5,7,0,2,0,0,1,1,0,5,0,0,3,1,85,0,1,0,0,4,4,0,0
"COG4110",1,1,0,0,0,0,1,93,23,1,0,0,0,0,0,0,0,0,1,0,0,0,0,15,0,0,76,0,1,0,0,2,4,111,4,0,0,0,12,0,3,0,1,0,0,0,0,6,1,0,0,0,0,0,4,1,0,0,44,0
"COG4112",0,19,0,0,0,0,0,0,0,0,2,0,0,0,0,0,0,0,0,0,0,0,0,0,0,0,0,7,0,0,0,22,10,0,0,0,0,0,0,0,0,0,0,0,0,0,0,0,0,0,0,0,0,2,0,0,0,10,0,0
"COG4114",2,38,0,0,0,5,5,1,7,0,3,73,0,1,0,11,4,0,0,0,0,0,0,0,1,1,1,16,1,2,0,1,13,3,3,0,0,0,0,1,1,2,0,3,0,4,0,0,1,1,6,7,0,0,0,2,0,5,25,4
"COG4115",33,29,68,58,40,23,22,42,62,58,12,27,14,480,41,79,55,54,47,101,48,30,26,34,213,88,6,39,40,98,16,140,34,23,116,132,18,51,98,100,112,46,88,43,45,131,54,62,199,18,14,38,90,33,63,51,35,73,96,6
"COG4116",12,0,5,2,9,19,1,0,0,3,1,1,3,1,37,22,0,11,0,1,2,1,1,2,1,0,1,0,5,0,1,0,4,0,1,2,1,13,5,1,0,5,0,4,4,0,6,1,0,4,2,42,2,2,0,5,4,4,1,0
"COG4117",8,54,0,0,0,0,2,0,1,0,0,60,1,0,0,7,2,0,0,0,0,0,0,0,3,0,3,10,0,0,0,0,9,0,2,0,0,1,0,0,1,2,0,4,2,3,2,0,0,0,12,6,0,0,0,1,0,4,0,2
"COG4120",232,57,201,124,117,201,41,133,117,176,80,67,249,148,161,107,110,91,96,169,156,50,99,86,91,209,42,150,224,39,200,127,54,81,85,170,83,232,88,146,103,122,128,93,278,58,77,222,143,139,97,361,163,153,112,164,121,139,101,84
"COG4121",12,58,12,32,35,13,19,17,36,9,8,38,24,39,15,7,56,28,46,50,29,15,4,6,41,41,4,25,9,49,32,66,96,57,64,54,5,22,91,46,73,46,53,99,43,89,56,37,57,3,52,18,45,8,47,79,2,46,67,41
"COG4122",38,41,63,69,66,61,46,102,38,37,49,25,71,64,67,67,70,57,73,74,56,104,37,82,70,68,49,56,63,85,149,135,144,193,105,145,89,135,168,139,156,182,144,155,83,130,164,105,136,54,118,142,165,154,133,144,141,114,139,57
"COG4123",203,105,166,156,147,192,108,199,146,182,141,123,159,142,159,90,138,150,172,155,148,171,125,198,117,129,146,131,189,132,201,149,136,216,140,188,122,193,150,159,124,127,182,171,145,127,161,186,152,141,119,224,150,189,149,158,187,161,136,108
"COG4124",0,26,271,77,200,20,363,76,128,152,134,48,30,173,216,6,84,107,100,53,90,85,304,202,33,35,327,165,101,87,87,93,114,29,163,279,354,36,84,106,213,267,25,73,47,58,81,148,155,286,107,34,74,230,81,73,12,28,41,267
"COG4125",1,0,0,0,0,4,0,0,0,0,1,0,0,0,0,1,0,0,0,1,0,0,0,0,1,0,0,1,0,0,0,1,3,1,0,0,0,5,0,1,0,0,0,0,0,0,3,0,0,0,2,15,0,1,0,2,1,0,1,0
"COG4126",2,4,3,0,4,5,1,5,17,6,0,6,3,5,0,1,1,1,5,19,3,2,2,5,5,0,3,7,6,0,12,13,2,1,2,4,1,2,11,7,4,0,1,1,1,2,3,8,2,1,1,4,5,5,15,3,0,22,17,6
"COG4127",0,22,1,4,7,0,0,5,5,15,5,0,0,0,1,2,0,12,7,0,1,0,0,2,2,4,1,2,14,1,0,2,1,1,1,13,2,6,0,3,0,3,2,2,0,0,3,16,0,0,4,6,1,5,1,7,3,7,2,0
"COG4128",0,0,0,0,0,0,0,0,0,0,0,0,0,0,0,0,0,0,0,0,0,0,0,0,0,2,2,0,0,0,0,0,0,2,0,0,0,1,0,0,0,0,0,9,0,1,0,0,0,0,0,0,0,0,0,0,0,0,0,0
"COG4129",11,8,30,4,9,59,5,19,31,61,7,41,27,1,12,12,3,11,11,10,15,9,7,8,3,7,2,33,13,1,5,12,6,7,24,18,4,17,12,14,7,72,13,13,10,6,14,58,12,13,45,111,46,11,11,29,5,11,8,2
"COG4130",0,0,0,0,0,0,0,1,0,0,1,0,0,0,0,0,0,0,0,0,0,0,0,0,0,0,0,13,0,0,0,1,1,0,0,0,0,0,0,1,0,0,0,0,0,0,0,0,0,0,0,8,0,0,0,0,0,0,31,2
"COG4132",12,31,0,5,13,61,1,1,0,1,0,10,0,1,0,96,1,13,9,1,1,0,1,0,0,1,0,0,4,1,1,2,3,6,0,4,2,2,6,0,24,2,21,0,0,1,3,2,0,1,1,10,0,1,2,12,2,0,12,0
"COG4133",7,40,0,1,3,1,6,3,7,1,1,39,2,4,0,6,5,0,2,3,0,1,0,1,4,6,3,6,1,3,0,3,3,0,1,0,3,1,1,1,1,2,4,7,5,2,11,1,0,1,6,5,2,0,2,11,0,6,14,4
"COG4134",12,52,0,1,1,13,4,2,9,4,6,178,5,1,1,6,2,1,2,3,1,2,0,2,4,5,1,42,5,2,2,6,22,2,5,1,12,2,4,1,5,5,8,13,4,1,3,1,2,0,6,11,1,2,6,10,2,18,59,8
"COG4135",15,55,0,0,0,5,3,0,0,0,0,114,3,0,0,5,7,0,0,2,0,0,0,0,4,1,1,17,1,2,1,0,3,0,3,1,0,2,1,0,1,2,0,3,1,5,0,0,0,0,11,5,0,1,1,0,0,11,27,6
"COG4136",2,24,0,0,0,2,1,1,1,0,0,47,0,0,0,4,3,0,1,0,0,0,0,0,1,0,3,12,1,0,0,0,5,0,0,0,0,0,0,0,0,1,0,5,2,2,0,0,0,0,6,4,1,0,0,1,1,6,17,4
"COG4137",7,66,0,0,0,2,23,2,6,4,5,77,2,0,0,10,6,0,6,1,3,2,1,3,6,10,5,22,1,12,0,5,9,0,7,1,1,1,2,0,2,5,6,9,6,8,18,0,0,1,10,5,5,1,3,12,0,6,27,11
"COG4138",4,34,1,0,0,2,2,0,3,0,0,51,0,0,0,8,5,0,0,0,1,0,0,0,1,1,0,23,0,1,0,2,2,2,2,0,0,0,0,0,1,0,0,2,1,2,1,1,1,0,5,3,0,0,0,1,0,7,16,2
"COG4139",4,35,0,0,0,9,5,0,3,0,0,43,1,1,0,5,5,0,0,1,0,0,0,0,3,0,0,20,0,1,0,0,1,1,0,0,0,0,0,0,2,0,0,4,1,3,0,0,0,0,2,2,0,0,0,0,0,5,13,1
"COG4143",7,42,0,0,0,2,9,3,5,0,2,66,1,1,0,15,4,0,1,7,2,1,0,0,3,3,0,19,0,3,0,1,5,1,0,0,0,0,1,0,0,2,4,5,0,2,0,0,0,1,14,4,1,0,0,5,2,7,22,7
"COG4145",104,62,20,25,10,33,52,13,31,36,7,92,13,25,33,22,19,24,20,12,15,53,25,10,14,21,11,68,45,6,27,34,44,21,12,33,3,22,6,19,30,13,53,29,36,15,48,28,9,18,44,32,33,10,15,29,147,29,53,21
"COG4146",53,154,111,271,142,19,415,63,212,165,286,178,154,194,283,48,240,161,231,180,238,240,211,122,232,263,290,215,90,382,68,134,152,240,250,115,253,79,221,179,243,205,269,85,109,281,193,65,183,295,361,25,158,125,178,146,14,85,227,315
"COG4147",20,73,0,0,0,9,3,1,7,0,4,121,2,0,0,11,8,0,0,8,2,0,0,0,3,1,3,28,1,2,0,3,18,1,2,0,0,2,0,2,3,6,0,12,1,10,0,0,0,0,7,10,0,0,1,1,0,23,39,4
"COG4148",10,59,1,1,8,5,12,2,9,8,7,94,2,4,0,13,6,3,9,3,4,1,1,2,14,13,6,34,0,14,2,9,16,1,9,3,5,4,3,3,4,4,5,18,12,13,22,2,1,2,14,4,18,2,5,25,2,4,30,8
"COG4149",73,55,40,42,20,81,24,20,26,37,13,84,76,32,39,31,33,35,18,37,46,40,34,16,23,56,7,44,98,30,37,30,41,43,29,46,34,84,14,16,30,14,39,39,74,16,56,42,48,23,29,68,31,29,32,62,105,46,55,35
"COG4150",10,38,0,0,0,9,3,2,2,0,0,51,1,0,0,7,7,0,0,3,0,0,0,0,2,1,0,17,0,2,0,1,18,1,2,0,1,1,0,1,2,2,0,4,0,3,0,2,0,0,11,8,0,0,0,1,0,10,36,6
"COG4152",13,41,87,36,30,16,18,39,74,46,50,1,38,38,14,31,34,116,119,47,43,12,18,68,21,16,17,36,22,28,77,46,61,33,36,112,17,33,91,49,92,9,51,49,19,12,23,74,53,9,0,64,77,85,60,41,2,106,53,32
"COG4154",39,27,16,8,26,31,6,14,7,19,10,51,8,4,13,23,6,12,4,51,8,16,13,10,20,8,10,38,26,0,11,11,24,10,11,20,4,19,13,24,13,7,17,14,15,5,14,10,7,10,13,33,3,20,9,10,63,33,29,7
"COG4158",114,5,48,28,20,20,3,18,23,29,43,45,32,21,19,24,7,4,14,24,38,2,23,12,9,32,2,46,102,15,27,7,10,18,20,9,5,36,12,19,7,63,3,14,31,9,11,34,26,16,14,67,23,18,19,26,31,8,12,27
"COG4160",11,62,0,1,1,7,14,1,1,0,3,98,3,0,0,11,17,0,0,3,1,0,0,0,4,4,6,36,0,5,0,3,18,1,4,0,1,3,0,1,3,2,0,5,0,7,0,0,2,4,12,16,1,0,1,9,2,19,31,11
"COG4161",11,53,0,1,0,6,1,4,2,0,1,71,2,0,0,13,4,0,1,2,1,2,0,0,3,7,0,13,0,2,0,0,5,0,1,0,1,2,0,0,1,4,0,3,2,9,0,0,0,2,5,8,3,0,1,8,0,11,16,2
"COG4166",155,655,301,316,213,852,80,229,194,247,121,643,458,188,137,1158,327,261,125,277,262,164,242,215,335,488,57,420,218,25,259,160,115,98,180,225,119,401,102,151,240,118,102,251,632,77,161,263,292,193,195,1107,191,176,146,226,783,309,258,148
"COG4167",4,43,0,2,0,4,7,1,1,0,0,74,0,0,0,7,5,0,0,0,1,0,1,1,2,5,4,23,1,1,1,1,3,1,1,0,1,2,1,1,0,2,1,5,2,5,0,0,0,2,7,13,1,0,0,5,1,12,16,5
"COG4168",5,47,0,0,0,5,5,2,5,0,1,58,1,0,0,11,6,0,0,1,0,0,0,0,0,1,3,18,1,3,0,2,7,0,2,0,0,2,0,0,0,2,0,3,1,11,1,0,0,2,4,6,3,0,0,15,0,7,8,3
"COG4170",4,48,0,0,0,8,7,4,2,0,2,58,1,0,0,9,4,0,0,3,2,1,1,1,4,5,1,29,1,0,0,1,4,1,4,0,1,4,0,0,1,3,0,7,2,6,0,0,0,1,3,9,3,0,0,10,0,7,17,5
"COG4171",4,35,0,0,0,2,8,5,1,0,3,34,0,0,0,4,3,0,0,0,0,0,0,0,2,3,0,18,0,2,0,1,5,2,5,1,2,0,0,0,1,2,0,3,3,5,0,0,0,3,6,10,0,0,1,10,0,10,16,5
"COG4172",20,78,16,13,35,75,16,25,8,25,4,93,28,6,15,127,9,9,11,5,18,9,7,2,14,14,10,42,7,2,6,14,18,19,10,7,4,47,5,5,37,4,23,21,13,13,17,6,13,10,36,13,16,11,29,40,30,37,45,11
"COG4174",7,77,8,0,0,2,1,1,5,3,3,52,3,1,0,9,1,1,1,3,0,0,0,0,0,3,2,52,0,1,0,1,8,3,2,0,1,0,0,1,0,0,2,7,1,4,0,0,0,0,10,5,3,0,12,2,0,15,24,4
"COG4175",23,79,51,91,93,20,84,18,116,51,7,35,79,151,122,26,192,10,115,127,106,65,5,60,70,169,9,80,41,186,15,52,42,39,49,12,6,18,36,30,30,43,43,88,40,85,44,11,46,5,103,8,22,6,26,35,4,34,34,21
"COG4176",13,43,33,59,41,9,57,8,71,26,2,47,62,116,79,25,137,12,102,90,75,37,7,35,53,101,9,43,28,145,26,84,42,81,53,8,5,24,57,66,27,87,41,107,50,130,48,15,59,8,103,15,33,11,40,46,8,43,71,40
"COG4177",80,141,99,70,130,173,43,60,141,116,199,265,96,95,28,240,76,115,100,83,81,53,57,110,130,89,21,166,154,41,92,126,64,48,62,123,38,93,69,69,105,68,99,65,218,43,106,197,72,66,131,205,61,96,91,100,254,192,165,116
"COG4178",12,67,7,5,2,0,37,13,35,16,80,77,2,7,0,19,21,18,10,11,10,57,23,14,11,19,5,15,46,17,10,13,67,17,22,12,7,15,20,7,6,14,13,30,21,20,23,2,9,9,23,10,9,12,13,45,146,3,12,49
"COG4181",7,65,0,1,6,30,7,1,5,1,2,72,3,0,0,103,3,19,1,2,1,0,1,1,0,0,0,19,3,4,0,1,4,0,5,1,0,3,0,1,20,2,0,4,3,5,1,5,0,0,6,3,0,1,0,0,67,13,10,3
"COG4185",74,23,54,38,94,7,112,137,117,46,12,2,34,54,87,10,66,21,56,46,68,121,133,52,103,49,130,15,41,90,32,52,70,63,109,31,271,30,44,56,22,60,34,51,22,22,92,41,58,108,50,61,38,113,30,18,3,24,39,143
"COG4186",63,47,46,38,35,29,12,23,53,37,48,4,14,69,74,116,69,30,36,13,39,34,13,28,53,13,0,19,37,99,13,45,106,23,15,22,11,25,49,13,83,8,44,16,12,23,28,17,13,11,19,41,14,20,44,38,53,63,14,25
"COG4187",0,9,7,3,2,3,1,4,30,12,81,29,5,14,1,0,9,19,4,1,13,1,2,2,6,20,0,4,5,25,21,12,9,2,2,1,0,3,8,5,13,4,2,4,12,1,17,2,7,6,18,28,12,6,21,4,32,8,7,43
"COG4188",0,1,1,1,0,0,1,0,0,1,0,0,0,1,0,0,0,0,1,0,0,0,0,0,0,0,0,2,0,1,4,1,1,0,1,0,0,0,4,1,2,2,1,0,1,0,2,1,0,0,0,0,0,1,0,0,0,4,25,1
"COG4189",248,4,29,8,6,22,2,28,8,10,3,44,22,11,68,10,4,16,8,10,26,3,39,12,4,16,3,25,94,4,15,7,16,22,9,46,7,66,20,3,8,6,4,16,18,11,12,15,12,24,19,111,9,12,15,52,149,23,4,1
"COG4191",0,3,17,22,38,2,2,11,16,8,1,14,6,33,14,2,17,0,34,25,9,5,4,18,25,24,90,52,2,54,12,65,21,16,12,40,3,13,8,31,28,25,42,48,27,58,30,39,30,5,0,24,33,4,107,24,0,29,100,7
"COG4192",3,0,0,0,0,0,0,0,0,0,3,0,0,0,0,0,2,0,0,2,0,0,0,0,0,0,0,0,1,0,0,0,0,0,0,0,0,0,0,0,0,0,0,0,0,0,0,0,0,0,0,0,0,0,0,0,0,0,42,0
"COG4193",56,21,71,67,32,47,1,70,19,121,26,4,68,35,106,1,3,43,24,18,30,28,49,16,4,4,6,104,70,12,189,18,9,20,34,118,28,82,7,109,13,101,35,24,17,19,30,107,30,52,0,21,76,168,18,73,12,167,12,26
"COG4194",1,9,0,0,0,11,0,0,0,0,0,0,0,0,0,1,0,9,0,0,0,1,0,0,0,0,1,0,0,0,0,0,0,0,0,0,1,0,0,0,2,0,0,0,0,1,0,0,1,0,0,0,2,1,0,2,0,0,0,0
"COG4197",0,0,0,0,0,0,4,1,1,6,0,0,0,0,0,0,3,0,0,0,2,0,0,0,1,1,0,0,0,0,1,0,0,0,0,0,0,0,0,0,0,0,0,0,0,3,0,0,0,0,4,0,4,0,0,0,0,0,0,1
"COG4198",149,116,200,152,160,37,187,233,159,202,159,25,113,190,172,33,157,214,226,191,173,181,226,217,155,161,237,173,177,193,216,165,153,243,199,148,235,105,237,188,200,178,220,179,103,190,182,145,173,147,117,40,162,253,188,165,41,134,125,186
"COG4199",3,0,0,12,2,3,2,1,0,0,5,1,0,3,2,3,0,0,8,1,1,0,3,3,1,0,1,0,0,0,1,0,0,2,0,1,4,9,12,0,0,2,1,5,1,0,6,0,1,0,8,171,0,1,7,0,1,0,0,0
"COG4200",122,0,4,16,11,14,2,18,2,4,6,0,8,6,19,9,16,5,6,10,29,0,3,13,3,3,2,16,13,3,17,9,3,8,0,8,10,55,7,15,11,4,12,12,44,2,7,38,14,9,1,37,4,9,5,18,13,4,4,3
"COG4206",111,508,538,953,848,80,1252,577,1176,703,704,159,360,907,684,106,1141,1036,1045,873,903,1177,1106,893,1194,892,1387,582,336,1261,563,1364,1062,1298,1167,740,1147,355,1347,828,1136,1063,977,953,646,1419,1057,605,973,862,1258,46,746,711,1222,495,543,474,973,1315
"COG4208",73,22,19,6,13,16,1,7,9,8,12,15,21,20,35,7,3,23,8,9,5,5,14,11,5,18,2,19,32,3,58,7,23,12,14,39,19,58,12,28,5,13,11,44,19,5,6,17,33,22,2,48,40,12,16,54,25,39,24,15
"COG4209",266,99,508,172,201,695,30,332,76,564,86,127,333,153,224,75,141,183,128,243,343,101,152,203,122,227,45,365,488,42,270,179,60,156,189,284,128,528,448,230,204,532,171,177,237,101,74,469,237,217,26,233,418,163,190,364,91,576,87,76
"COG4211",157,75,138,65,50,96,26,92,36,110,69,124,99,31,66,22,57,79,42,114,93,23,67,42,54,76,13,103,69,8,149,52,49,35,59,89,29,146,34,103,63,45,64,53,136,20,32,159,73,90,61,58,110,133,45,110,29,90,65,34
"COG4213",251,89,53,14,18,86,8,14,57,55,196,143,34,17,22,178,26,22,12,20,20,36,23,29,25,22,7,47,47,5,30,26,24,15,17,11,3,26,15,8,23,86,13,23,51,26,22,106,25,24,62,161,33,18,27,8,101,19,56,102
"COG4214",155,88,17,3,14,62,7,8,22,13,75,170,20,7,15,129,19,22,3,13,6,43,12,12,13,19,4,32,15,7,5,11,20,9,16,11,3,9,14,5,17,60,5,15,20,14,18,44,7,18,30,98,9,10,9,11,89,29,38,40
"COG4215",20,77,0,1,1,9,10,1,3,0,3,101,2,0,0,27,13,0,0,1,1,0,0,0,3,4,5,32,1,2,0,3,18,1,4,0,3,2,1,0,2,3,1,9,3,5,2,0,0,0,9,17,4,0,1,12,4,8,48,15
"COG4219",432,123,189,107,159,276,17,200,122,294,111,148,156,96,224,104,33,89,79,219,199,40,99,154,41,85,29,288,273,47,211,114,65,104,110,215,82,323,118,165,72,621,74,123,113,65,77,439,156,102,54,283,267,143,143,153,95,259,65,49
"COG4220",4,155,0,0,0,0,2,0,5,0,0,91,2,0,0,7,6,0,1,0,0,0,1,0,0,0,9,15,0,0,6,0,8,0,3,0,0,1,1,0,1,4,0,5,0,13,3,0,0,0,8,0,1,1,0,0,0,11,0,1
"COG4221",24,108,37,77,83,31,101,113,92,85,140,67,60,95,91,70,107,74,138,94,82,168,84,100,138,78,154,86,29,145,64,106,80,111,118,59,126,45,102,93,98,97,107,91,39,98,131,48,90,90,110,99,34,88,60,76,45,42,119,136
"COG4222",5,2,1,0,2,5,67,1,16,55,41,6,2,1,0,3,1,49,4,2,0,90,113,65,3,2,61,2,24,1,0,0,17,46,38,33,112,4,23,5,0,0,20,2,5,1,23,0,0,75,0,0,3,48,0,0,0,0,1,54
"COG4224",21,10,24,33,12,57,2,25,20,37,20,18,56,16,36,26,21,25,11,26,33,19,24,23,14,26,5,30,36,3,41,28,11,12,27,29,10,50,16,20,15,30,18,31,29,7,17,37,34,20,12,48,27,33,20,30,20,20,13,12
"COG4225",66,167,452,1049,638,103,383,290,477,334,187,93,596,711,691,141,869,492,702,634,826,351,236,623,917,851,275,614,369,1370,223,259,406,286,226,265,67,183,264,366,320,527,277,228,245,518,297,185,334,159,459,17,324,107,444,277,30,149,339,356
"COG4226",7,13,11,46,5,9,8,7,20,30,5,0,7,3,4,20,32,4,3,4,16,6,18,9,18,1,48,16,4,3,25,8,7,0,19,18,46,18,8,4,7,41,3,4,27,16,8,23,2,53,7,7,4,21,14,6,8,18,17,28
"COG4227",27,89,103,108,157,21,47,71,233,117,1065,8,67,173,93,8,132,49,116,256,174,111,59,35,125,268,392,40,29,269,20,187,281,927,166,86,4,28,235,256,57,177,174,137,214,163,107,102,249,4,89,63,106,23,30,137,65,80,163,594
"COG4228",0,0,0,0,1,0,2,1,0,0,0,1,0,1,0,0,1,2,6,0,0,0,1,0,0,0,0,0,0,0,1,0,0,0,3,0,1,0,3,2,2,0,0,0,0,0,1,0,0,0,0,2,0,0,0,0,0,0,1,31
"COG4229",1,0,0,0,0,6,0,0,1,0,2,0,0,0,0,0,0,0,0,0,0,0,0,0,0,0,0,8,0,0,0,2,1,1,0,0,0,0,0,0,0,0,0,0,1,0,0,0,0,0,0,9,0,0,1,1,0,0,17,2
"COG4230",10,129,0,0,0,6,5,14,6,1,1,148,3,0,0,12,8,0,0,11,0,2,1,1,7,5,1,56,1,0,1,2,22,0,6,1,9,11,1,2,3,2,1,5,3,3,2,0,0,3,10,15,1,0,0,29,1,17,75,16
"COG4231",16,36,118,124,98,27,58,54,105,83,71,27,107,118,87,32,75,112,110,96,66,45,30,113,144,102,15,90,51,112,299,305,126,104,161,216,17,105,174,271,259,191,228,207,164,182,142,224,262,41,183,24,233,263,205,155,12,205,164,123
"COG4232",23,256,167,149,106,21,224,242,140,164,262,127,83,199,123,28,173,170,281,157,104,246,187,202,169,105,310,151,20,173,109,148,191,307,217,126,218,53,256,118,212,141,165,133,104,157,278,84,131,181,167,23,139,208,217,164,8,111,218,217
"COG4233",1,0,0,1,3,5,10,6,12,8,3,0,1,5,0,4,3,3,6,0,6,0,0,3,6,8,0,6,0,11,2,4,6,0,6,2,1,1,1,0,3,0,14,11,8,0,16,1,0,0,3,19,13,4,50,12,0,0,55,10
"COG4235",6,31,0,1,4,0,12,2,9,3,4,76,0,4,0,4,8,2,2,1,8,2,1,4,8,6,4,11,1,8,4,9,16,2,10,7,3,9,3,1,13,0,12,14,11,15,51,0,1,3,17,15,9,4,9,47,2,14,21,10
"COG4237",3,7,1,4,1,0,0,5,5,4,0,14,0,4,0,2,3,0,1,4,0,0,2,2,3,7,1,3,0,0,5,10,1,7,5,1,1,3,6,2,2,2,9,6,11,5,4,9,4,1,14,1,1,1,6,3,2,4,8,5
"COG4238",4,24,0,0,1,1,5,0,1,0,1,41,0,0,0,0,1,0,0,0,0,0,0,0,1,1,2,6,0,1,0,0,2,0,0,0,1,0,0,0,0,1,0,2,0,5,0,0,1,0,6,0,0,0,0,0,1,4,3,2
"COG4239",4,85,6,0,0,4,4,0,5,2,3,52,0,0,0,6,4,0,0,2,0,0,0,0,3,1,2,36,2,0,0,1,8,1,2,0,0,0,0,2,1,1,0,3,0,2,1,0,1,1,6,7,0,4,12,1,1,8,23,6
"COG4241",1,4,1,5,4,0,4,5,24,9,9,0,0,7,0,0,13,15,7,7,4,19,11,5,8,8,4,0,13,0,9,4,15,4,1,4,6,2,8,6,12,7,8,4,13,3,7,4,4,9,12,0,1,8,9,0,36,3,8,2
"COG4242",0,0,0,0,1,0,0,1,0,0,1,0,0,0,0,0,0,2,0,1,0,0,0,2,0,0,0,0,1,0,0,1,0,0,0,0,0,0,0,0,1,0,0,3,0,0,0,0,0,0,0,0,0,0,0,0,0,6,1,0
"COG4243",3,10,0,0,15,35,0,0,0,0,0,0,1,0,0,142,0,18,0,0,0,0,2,1,0,0,0,1,1,1,0,0,0,0,0,0,0,0,0,0,11,0,0,0,0,0,0,3,0,2,1,3,0,1,0,0,55,0,1,0
"COG4245",5,61,17,8,13,1,5,194,18,6,9,43,5,91,0,9,2,1,1,3,3,1,1,47,1,6,269,18,1,0,0,1,12,314,1,4,63,1,24,8,4,2,0,13,0,23,32,51,5,5,6,1,3,14,12,0,0,12,108,5
"COG4248",8,112,18,8,1,0,9,8,7,6,9,117,12,8,0,12,14,0,4,0,2,2,0,3,3,0,7,41,1,7,5,1,6,1,2,5,1,1,8,9,5,2,0,4,2,21,24,0,12,2,6,5,1,58,17,3,0,26,0,6
"COG4249",1,2,26,181,53,16,7,231,10,11,141,0,8,8,1,1,8,33,44,10,7,11,17,63,19,0,182,39,3,14,32,26,4,42,27,18,23,6,8,21,13,65,1,24,5,11,74,13,4,10,0,0,2,92,35,3,0,4,3,2
"COG4251",0,0,2,0,0,0,0,0,0,0,6,0,0,0,0,1,0,0,0,0,2,0,0,0,2,0,0,0,0,0,0,0,0,0,0,0,0,1,1,9,0,0,0,0,0,0,0,0,1,0,0,0,0,2,0,0,0,0,0,0
"COG4252",0,0,0,0,0,0,0,5,0,0,4,10,0,0,0,0,0,2,1,1,0,0,1,1,2,2,0,0,0,0,0,1,1,0,2,1,0,1,5,56,0,2,0,1,0,0,4,23,0,0,12,0,26,13,20,0,1,0,0,0
"COG4253",3,0,0,0,0,3,1,1,2,1,8,11,0,0,0,1,2,1,0,6,0,0,0,0,0,0,1,0,0,0,0,3,23,2,2,0,1,0,1,0,2,0,0,0,1,0,1,0,0,1,0,17,1,0,5,2,0,5,97,7
"COG4256",0,11,0,0,0,3,1,0,0,0,1,9,1,0,0,3,2,0,0,0,0,1,0,0,0,0,0,5,1,0,0,0,1,0,2,0,0,0,0,0,1,0,0,0,1,1,0,0,0,0,1,2,0,0,0,0,0,3,7,0
"COG4258",0,0,9,0,3,12,4,5,3,0,102,0,1,2,0,1,1,1,4,1,0,2,7,0,0,5,151,0,0,0,0,5,4,2,10,9,2,1,3,1,6,0,7,10,4,0,14,2,0,3,1,13,2,3,24,22,0,4,16,0
"COG4260",124,55,154,70,72,185,6,99,85,115,171,13,120,89,85,115,101,173,54,133,84,50,57,167,15,80,107,107,184,34,171,58,37,25,57,124,34,179,33,92,92,83,29,83,122,44,22,219,115,58,34,103,126,131,94,80,69,187,64,48
"COG4261",12,16,11,28,30,8,38,10,31,7,53,0,60,39,77,9,45,1,46,53,60,31,4,39,44,77,53,20,28,81,19,36,64,25,33,7,18,31,15,33,21,42,27,19,33,59,56,12,15,2,62,17,24,7,48,28,4,9,42,23
"COG4262",2,0,0,0,0,0,0,0,0,0,0,17,1,0,0,0,0,0,0,0,0,0,0,0,1,1,0,0,0,0,0,0,0,1,0,0,0,0,5,0,0,1,2,0,2,0,8,0,0,0,21,0,0,2,1,0,0,0,0,0
"COG4263",0,0,0,0,6,1,0,0,0,3,1,0,0,0,0,0,0,1,0,0,1,0,0,4,11,0,0,0,0,25,0,0,3,0,0,1,0,0,1,0,0,0,0,0,0,0,0,0,0,2,3,0,18,0,14,0,0,0,2,0
"COG4264",2,254,0,0,0,3,0,3,16,0,0,619,5,0,0,24,9,0,1,1,0,2,0,0,0,1,7,1,0,1,0,0,22,1,2,0,0,0,0,1,1,1,0,1,1,29,3,0,2,2,52,1,0,0,2,1,0,40,0,1
"COG4267",133,18,28,33,13,126,3,37,16,18,1,0,19,32,34,117,5,24,11,30,25,16,25,16,6,21,4,9,61,13,20,20,7,21,20,37,14,77,10,13,40,4,5,27,125,3,0,14,31,21,46,54,44,22,28,35,127,4,7,11
"COG4268",12,58,75,75,74,66,10,178,28,100,421,8,43,44,44,46,57,32,32,86,14,139,87,32,44,24,193,53,23,10,34,26,56,15,25,75,59,56,13,34,96,46,19,12,26,69,29,50,14,172,7,84,45,55,45,72,89,24,16,116
"COG4269",11,94,0,0,1,0,3,0,2,0,1,113,2,1,0,17,19,0,0,4,2,0,0,0,0,2,5,23,0,5,0,0,5,0,5,0,0,2,0,3,8,2,2,8,1,13,1,0,1,0,12,0,0,0,0,2,0,24,0,2
"COG4271",50,5,22,0,2,35,0,5,17,12,22,12,0,45,9,3,1,3,7,1,40,0,2,7,2,3,29,8,21,12,47,15,23,6,5,25,194,4,14,2,5,56,6,4,1,1,81,23,12,2,0,2,3,3,2,5,0,33,2,185
"COG4275",0,0,0,0,0,0,0,0,0,0,0,0,0,0,0,0,0,0,0,0,0,0,0,0,0,0,0,4,0,0,0,0,0,0,0,0,0,0,0,0,0,0,0,0,0,0,0,0,0,0,0,0,0,0,0,0,0,0,0,1
"COG4277",23,77,190,181,206,152,64,120,126,129,61,57,242,183,172,56,166,185,168,165,154,84,76,114,148,197,14,146,182,168,205,230,146,95,149,178,46,166,130,211,200,165,151,220,211,179,93,172,186,73,117,60,234,94,161,195,61,136,162,94
"COG4279",4,24,0,0,1,0,39,0,3,1,12,1,0,1,10,0,3,3,7,1,2,0,2,1,3,4,0,33,0,0,0,7,1,127,6,3,2,11,2,1,19,1,12,19,0,2,40,0,4,1,0,0,4,51,0,42,1,5,14,1
"COG4282",0,0,0,0,1,0,0,0,35,0,0,5,0,0,0,0,0,0,0,0,0,0,0,0,4,0,3,0,0,0,1,0,0,0,0,0,0,0,0,0,0,0,0,0,0,0,1,0,1,0,0,0,0,0,0,1,0,0,0,0
"COG4283",58,45,39,21,35,80,2,60,13,27,15,4,29,12,34,6,4,36,18,16,35,4,23,12,6,8,6,14,76,2,31,21,28,19,9,44,30,45,31,14,11,2,13,37,35,15,9,15,13,17,1,25,29,26,30,17,9,64,43,7
"COG4284",21,91,98,38,77,72,0,123,31,70,40,0,85,32,55,253,3,75,31,23,57,14,29,58,11,0,12,77,139,5,120,27,4,20,14,170,18,147,2,94,40,64,18,29,9,24,23,117,45,37,0,9,122,122,32,88,117,184,6,13
"COG4286",0,5,36,43,21,71,4,43,16,34,59,0,65,38,36,2,27,22,7,31,40,13,30,33,15,54,6,26,69,3,65,19,11,19,18,41,44,93,1,28,20,0,19,26,59,10,15,58,31,31,0,8,35,62,19,41,27,9,13,38
"COG4287",0,1,0,0,0,0,0,0,0,0,0,0,0,0,0,0,0,0,0,0,0,0,0,0,0,0,0,0,0,0,0,2,0,0,0,0,0,0,1,1,0,0,0,0,2,0,0,0,1,0,0,0,0,0,0,0,0,0,0,0
"COG4288",0,0,0,0,0,0,1,0,4,0,0,2,0,0,1,5,0,1,0,1,1,1,0,1,3,7,0,3,4,0,1,0,0,2,0,1,0,0,0,1,0,0,2,0,3,0,0,0,0,0,3,0,1,0,1,0,0,1,1,0
"COG4289",14,32,217,292,241,27,100,103,118,159,125,21,192,361,184,34,200,87,305,316,285,67,64,119,384,211,161,248,65,326,133,191,322,148,122,96,28,101,211,421,189,258,200,144,270,510,139,229,189,190,422,27,362,110,226,156,50,198,201,214
"COG4290",0,0,0,0,0,0,0,0,0,0,0,0,0,1,0,0,0,0,0,0,0,0,0,0,0,1,0,0,0,0,0,0,0,0,0,0,1,0,0,1,1,1,0,0,0,0,0,0,0,0,0,0,4,0,0,0,0,0,0,0
"COG4292",0,4,0,0,13,2,0,0,7,3,0,0,2,0,35,7,1,0,4,4,13,0,1,11,0,3,0,1,1,65,3,3,4,3,3,4,0,3,25,0,8,1,1,0,19,0,7,0,12,2,8,54,4,1,16,1,4,5,36,2
"COG4294",6,3,2,0,5,14,0,9,0,3,3,1,1,0,5,1,0,0,0,2,0,2,0,6,0,0,0,0,2,0,15,2,1,1,1,6,0,0,0,0,1,0,0,2,2,0,0,2,0,0,0,0,0,11,0,0,1,0,0,0
"COG4295",0,11,26,12,14,87,0,13,20,31,30,14,39,15,28,1,2,34,6,3,10,6,112,69,7,7,3,24,28,0,9,15,30,105,39,28,24,30,4,5,8,35,21,32,5,10,11,25,16,58,5,42,10,82,19,32,7,7,8,6
"COG4296",3,8,24,23,7,16,3,8,50,11,4,37,34,8,7,3,0,3,8,17,23,13,5,6,42,26,5,23,10,8,43,12,7,10,9,22,8,20,11,40,16,7,15,17,109,6,14,12,24,7,3,12,34,8,32,25,12,9,9,5
"COG4299",18,117,99,326,238,12,124,123,163,72,123,4,126,253,193,24,240,89,253,202,216,212,33,95,340,251,160,146,54,360,127,259,120,251,181,100,16,64,238,191,266,205,172,215,131,336,152,129,204,17,249,5,134,63,273,236,5,108,164,119
"COG4300",2,4,0,0,0,11,0,3,0,0,0,5,0,1,0,0,0,0,0,0,1,1,0,0,1,0,0,0,0,1,0,1,2,0,0,2,2,9,4,0,0,1,1,2,0,0,6,1,0,2,8,72,0,0,0,5,0,0,0,0
"COG4302",7,27,2,8,7,5,8,2,16,14,5,56,3,7,3,3,5,5,5,2,1,2,5,3,5,7,5,17,8,6,4,3,15,4,6,0,1,4,5,3,16,7,3,15,13,16,9,17,3,6,8,1,11,8,6,6,1,24,42,7
"COG4303",15,61,8,5,16,5,12,4,18,32,5,83,7,6,2,11,5,8,6,5,9,4,8,4,12,5,4,32,5,7,3,16,9,6,15,6,1,1,4,7,9,21,9,19,15,22,13,30,13,6,8,5,15,19,8,8,5,36,61,22
"COG4310",0,0,2,0,0,0,0,40,1,0,0,0,1,3,0,14,29,0,2,22,1,0,0,0,0,2,0,0,0,0,0,0,0,0,1,0,0,0,1,2,0,0,25,0,0,0,0,0,0,0,0,0,0,0,34,0,0,2,41,30
"COG4314",0,0,0,0,4,0,4,0,2,1,3,0,1,2,0,0,1,0,0,0,6,0,0,2,2,1,0,0,0,4,0,0,0,0,0,1,0,0,0,0,3,0,2,7,2,0,2,1,0,0,0,0,3,2,3,11,0,0,3,1
"COG4316",1,0,0,0,0,1,0,0,0,0,0,0,0,0,0,0,0,0,0,0,0,1,0,0,0,2,0,0,0,0,0,1,0,0,0,0,2,4,0,0,0,0,0,0,0,0,0,0,0,0,0,5,1,0,0,12,0,0,0,1
"COG4319",0,0,0,0,0,0,0,1,0,0,0,0,0,0,0,0,1,0,0,0,0,0,0,0,0,0,0,4,0,0,0,0,1,1,0,0,0,0,0,0,1,0,0,0,1,0,0,0,0,0,0,0,0,0,0,0,0,0,14,3
"COG4320",10,9,0,0,22,52,0,0,0,0,0,0,0,0,2,93,0,18,0,0,0,0,1,0,0,0,0,0,0,1,1,1,0,0,0,0,0,0,0,0,10,0,0,3,0,0,2,0,0,2,0,3,0,0,0,0,1,1,2,1
"COG4325",2,0,0,0,0,2,7,0,3,0,0,0,0,1,0,1,2,0,1,2,0,0,0,0,0,0,0,0,0,0,0,2,0,0,1,0,1,0,0,2,3,0,1,6,0,2,0,0,0,0,0,3,0,0,0,0,0,0,0,4
"COG4330",5,3,0,0,0,0,0,0,0,0,0,0,0,0,6,0,0,0,0,0,0,0,0,0,0,0,0,0,0,0,0,0,0,1,0,0,0,1,2,0,0,0,0,0,0,0,1,0,0,0,0,31,0,0,0,0,0,0,0,0
"COG4332",1,2,4,40,2,1,0,3,3,5,0,30,0,4,12,0,8,1,16,9,15,0,0,12,6,7,1,4,2,33,10,7,2,3,4,2,0,1,21,5,17,29,2,1,8,25,19,2,7,0,77,0,1,0,28,5,0,13,13,2
"COG4333",27,0,14,13,41,14,0,9,19,18,9,0,30,25,6,1,23,14,7,9,26,16,15,4,8,59,3,21,11,11,17,8,4,2,7,14,8,26,13,3,11,34,13,16,50,5,2,29,16,4,27,12,10,8,19,7,8,16,15,9
"COG4335",0,4,4,6,7,1,0,0,4,8,0,26,0,1,32,0,16,2,6,14,3,1,2,9,2,5,0,2,2,37,4,7,3,0,2,3,5,0,23,5,15,30,5,3,10,26,12,0,4,0,85,0,2,2,9,5,0,3,3,0
"COG4336",95,12,3,9,10,1,2,6,8,18,9,11,8,5,5,69,2,21,3,26,8,2,5,7,6,4,2,10,4,1,8,12,4,1,0,8,2,11,2,11,6,4,3,11,4,9,2,16,6,17,2,1,4,11,7,14,1,4,5,0
"COG4354",0,24,80,83,198,5,26,88,153,125,18,7,9,118,100,19,87,14,116,166,186,34,12,38,257,51,6,73,42,146,66,105,30,21,53,25,4,25,27,108,69,230,121,87,45,111,31,51,79,10,12,7,27,14,116,69,0,32,21,10
"COG4357",51,0,0,0,0,2,0,0,1,0,0,0,4,2,3,1,0,1,0,0,0,1,0,1,0,0,0,0,0,0,0,0,1,0,0,0,0,3,1,1,1,1,0,1,6,0,0,0,0,0,0,18,0,1,0,0,0,0,1,0
"COG4359",0,0,0,0,0,0,0,0,0,5,0,0,1,0,0,0,0,0,1,0,0,0,0,0,0,0,0,0,0,0,1,1,0,0,0,0,0,0,2,0,0,0,0,0,2,1,1,0,0,0,0,0,0,0,7,0,0,0,0,1
"COG4372",5,1,0,2,9,2,6,3,15,1,12,0,0,5,0,2,5,30,3,3,2,47,37,4,4,12,4,0,24,0,9,4,41,3,2,19,3,15,12,3,14,3,5,1,4,1,20,0,0,20,8,16,1,8,3,2,177,8,5,7
"COG4373",0,0,0,0,0,0,0,0,3,2,0,0,0,0,0,0,1,0,4,0,0,0,0,0,0,3,0,0,0,0,0,8,1,0,0,0,0,0,0,1,2,0,1,0,0,0,1,0,0,0,0,1,0,0,0,0,0,0,1,1
"COG4377",54,1,53,38,28,23,2,26,28,33,8,7,40,27,9,19,3,42,15,28,22,12,20,28,9,26,5,35,27,2,61,12,9,6,27,13,4,17,8,19,11,104,24,51,9,3,15,40,24,18,5,51,42,18,32,48,9,15,15,9
"COG4379",0,0,1,1,3,2,2,1,0,1,0,2,0,1,0,0,0,0,3,0,0,0,1,0,1,1,0,1,1,0,0,0,1,0,8,1,0,0,1,2,5,0,2,0,0,4,6,1,0,1,0,0,0,0,0,1,0,14,1,31
"COG4380",0,0,0,0,0,0,0,0,0,0,11,0,0,0,0,0,0,41,8,0,0,0,0,26,0,0,0,0,0,0,0,0,2,3,0,25,0,9,1,0,0,0,0,0,0,0,0,0,0,0,0,0,0,0,0,0,0,0,41,0
"COG4381",0,0,0,1,0,0,0,0,0,0,0,0,0,0,0,0,0,0,2,0,0,0,0,0,0,0,0,0,0,0,0,1,0,1,2,1,0,0,1,0,2,0,1,0,0,0,1,0,0,0,0,0,0,0,0,0,0,0,0,0
"COG4382",0,0,0,0,0,0,0,1,2,0,0,0,0,0,0,0,0,0,0,0,0,1,0,0,0,1,0,0,0,0,0,0,1,0,0,0,0,0,0,0,2,0,0,0,0,0,1,1,0,0,0,1,0,2,0,1,0,1,2,0
"COG4383",0,5,34,21,19,0,13,1,33,16,4,8,25,4,7,0,60,11,66,57,17,186,5,13,47,7,12,11,0,34,29,20,7,39,43,31,6,8,88,70,17,111,12,16,0,91,12,12,23,2,9,3,39,3,2,33,0,17,17,312
"COG4384",1,0,0,0,0,0,0,0,0,0,0,0,0,1,0,0,0,1,0,0,0,0,0,0,0,0,0,0,1,0,1,0,0,0,4,1,0,1,1,2,2,0,0,0,0,1,1,4,0,0,0,0,0,0,0,0,0,0,0,24
"COG4385",8,122,8,9,2,1,8,8,3,0,4,23,0,14,0,14,12,3,11,8,16,0,0,20,9,3,2,13,0,1,4,10,10,1,10,11,0,6,1,0,3,2,8,12,79,1,14,7,39,1,3,6,16,16,29,0,1,30,52,2
"COG4386",1,0,0,1,2,3,6,0,1,0,0,4,1,2,1,0,2,2,3,4,1,0,0,0,0,0,0,1,1,0,1,3,0,1,13,1,0,0,1,3,7,1,2,3,3,2,2,3,0,0,1,3,1,0,1,2,1,0,5,41
"COG4387",0,0,4,1,0,0,0,0,2,1,0,0,0,0,0,0,0,0,0,0,0,0,0,1,0,2,0,1,0,0,2,0,0,0,8,0,0,0,0,2,3,2,0,0,0,2,1,0,0,0,7,0,0,0,0,1,0,0,3,0
"COG4388",0,1,9,0,1,0,0,3,13,3,0,3,9,15,0,5,1,1,3,1,5,0,0,0,0,0,0,0,0,1,3,2,0,1,14,6,6,14,0,2,4,1,8,0,0,0,9,6,4,0,0,0,0,1,2,33,3,1,2,4
"COG4389",0,0,0,0,0,0,0,2,0,0,0,0,0,0,0,0,0,0,0,0,1,1,0,1,0,2,0,0,0,0,0,0,0,1,0,1,1,3,0,0,0,0,0,0,0,0,0,0,0,1,0,4,1,0,0,19,0,0,0,0
"COG4390",0,0,0,0,0,0,0,0,0,0,0,0,0,0,0,1,0,0,0,0,0,0,0,0,0,0,0,0,0,0,0,0,0,0,0,0,0,1,0,0,0,0,0,0,0,0,0,0,0,0,0,2,0,0,0,3,0,0,0,0
"COG4392",4,2,3,0,0,0,0,1,3,0,0,3,0,0,0,0,1,0,0,0,1,0,2,0,0,0,0,0,1,0,1,0,0,0,1,0,0,2,6,0,0,0,0,1,0,0,6,0,0,0,0,54,1,2,0,0,0,0,0,0
"COG4393",13,42,0,1,22,56,0,0,0,0,0,18,2,0,0,207,4,19,0,5,0,0,2,2,0,4,2,1,5,3,1,0,0,0,6,1,1,3,0,0,19,4,0,5,2,11,1,6,1,5,16,7,2,0,0,12,98,1,2,0
"COG4394",0,0,0,0,5,2,5,1,1,3,90,0,1,2,0,0,0,1,16,0,6,0,0,0,1,2,0,0,0,5,0,3,5,6,4,2,3,2,4,3,4,3,19,3,1,1,8,0,0,0,26,4,11,1,2,8,1,2,9,22
"COG4395",0,0,1,1,6,2,4,1,4,21,0,0,0,7,0,0,0,2,5,0,5,0,0,1,2,10,0,3,1,5,1,3,2,0,11,9,2,2,0,3,5,1,2,2,3,0,16,6,0,0,1,0,10,6,5,13,0,2,5,0
"COG4396",0,0,0,2,0,0,0,1,9,1,0,4,2,0,0,0,0,0,0,0,5,0,0,0,1,1,0,0,0,0,1,1,0,0,1,0,0,3,3,0,1,0,2,0,0,0,0,4,0,2,1,0,1,2,2,0,0,3,0,0
"COG4397",0,0,22,0,2,0,1,1,7,1,1,8,3,9,1,3,1,1,10,0,2,0,1,0,1,0,0,1,0,1,1,2,3,0,8,2,3,7,2,1,3,0,8,0,0,1,3,0,0,0,3,0,0,2,1,14,1,1,2,2
"COG4399",4,1,0,0,3,4,4,0,0,1,3,0,7,2,0,0,0,0,6,0,1,0,1,3,16,2,115,1,2,0,3,0,4,6,0,2,0,0,5,1,0,0,24,2,1,0,0,1,0,0,15,5,1,0,1,5,0,4,6,0
"COG4401",0,0,1,2,2,8,1,0,0,0,0,0,0,0,0,0,0,0,0,0,2,28,6,0,0,1,0,2,13,0,0,0,7,1,2,3,0,1,1,0,0,1,3,0,1,0,6,0,0,3,0,0,0,0,0,3,76,0,1,0
"COG4403",199,3,32,7,10,30,1,3,46,12,8,52,64,4,219,44,17,13,2,4,13,7,20,101,1,19,2,5,84,9,3,13,16,11,0,38,15,62,15,16,12,34,2,12,31,1,10,8,6,6,29,96,3,4,38,18,47,11,6,1
"COG4405",9,8,3,9,2,31,0,5,5,2,5,1,4,0,4,51,10,6,2,0,1,1,1,0,5,0,3,10,1,1,3,0,3,2,6,1,1,3,10,2,3,8,0,2,1,18,5,2,0,1,9,44,2,5,3,1,0,18,3,1
"COG4408",0,0,0,0,0,0,5,0,0,0,0,0,0,0,0,0,0,0,3,0,0,0,0,0,0,1,0,0,0,0,0,0,3,0,0,0,0,0,1,0,0,1,9,0,0,2,0,0,0,0,0,0,0,0,0,0,0,0,3,0
"COG4409",11,133,93,210,160,30,133,247,206,87,183,40,164,151,208,83,185,88,285,303,201,217,51,203,357,166,151,114,74,379,117,249,185,200,202,149,237,91,196,156,253,351,165,196,103,241,286,63,184,31,355,45,85,138,140,253,9,186,207,268
"COG4412",5,23,163,70,13,3,115,370,25,226,201,4,2,3,11,8,4,318,191,7,48,194,156,521,59,11,387,38,30,5,115,11,158,470,250,90,298,13,40,17,15,11,42,9,5,22,432,89,23,558,0,9,10,487,75,13,7,26,3,446
"COG4413",0,9,54,45,53,0,4,22,37,19,2,2,26,88,34,1,53,7,43,72,81,12,3,40,72,34,3,49,7,60,39,93,31,34,41,8,0,20,78,49,22,39,39,32,18,115,28,12,58,2,63,0,19,5,58,7,6,3,15,4
"COG4420",1,0,7,1,7,3,0,6,10,13,5,0,0,5,0,1,0,0,1,4,3,0,0,0,3,0,4,8,0,1,8,2,0,1,0,7,1,13,1,1,3,0,0,2,1,3,2,11,1,1,2,47,9,18,2,0,2,22,0,1
"COG4421",0,1,0,10,3,0,0,0,1,2,0,15,18,0,2,0,0,12,5,0,2,0,0,0,0,1,0,1,2,9,0,0,25,0,1,0,1,0,0,0,10,1,0,0,0,0,0,18,8,0,0,0,0,2,4,0,18,13,0,10
"COG4422",100,45,252,265,233,116,147,152,168,176,94,71,176,346,268,65,299,106,276,234,339,154,99,267,281,266,86,183,209,181,220,189,147,221,150,231,61,229,198,401,252,246,253,182,218,208,160,180,292,66,238,74,203,138,242,148,93,153,168,210
"COG4430",4,26,3,48,33,4,7,22,27,18,9,13,6,32,29,2,36,40,29,42,33,40,5,20,65,5,1,31,25,37,36,53,61,6,19,33,1,15,18,25,45,36,57,19,12,49,21,4,12,3,71,0,46,8,41,19,12,20,40,9
"COG4443",32,6,37,8,23,23,1,20,11,30,13,22,25,15,21,10,19,28,14,23,19,5,7,19,10,18,6,21,22,1,29,13,14,15,4,18,16,25,10,20,20,4,8,11,23,7,17,40,19,22,21,44,20,22,14,39,9,18,8,10
"COG4445",0,0,0,0,0,6,0,0,4,0,0,0,0,0,0,0,0,0,0,1,0,0,0,0,0,0,0,5,1,0,0,4,6,1,0,0,0,0,0,0,0,0,0,0,0,0,0,0,0,0,0,9,0,0,0,0,0,0,38,4
"COG4448",0,4,7,1,2,0,12,4,6,15,0,1,1,1,0,0,0,13,1,1,6,55,29,2,0,1,0,4,24,0,2,3,48,0,1,21,1,7,6,1,9,1,2,5,0,1,23,15,1,13,0,0,3,72,7,0,167,20,1,0
"COG4452",15,106,9,68,10,2,22,10,25,33,6,127,9,23,41,20,23,5,33,16,44,3,2,16,17,9,8,38,8,56,16,19,43,10,32,2,1,5,66,26,46,74,41,19,16,84,19,7,14,1,112,12,7,5,51,6,5,54,62,15
"COG4453",3,52,0,0,0,1,0,0,3,0,2,1,0,0,0,4,2,0,0,2,0,0,0,0,0,0,0,0,0,1,0,3,5,2,0,0,0,0,0,1,4,0,0,0,1,2,0,0,1,1,6,1,0,0,1,0,0,0,32,5
"COG4456",1,0,0,0,5,2,0,2,0,2,1,0,7,2,0,0,0,1,2,0,1,0,0,3,0,0,1,6,3,3,3,0,0,2,0,6,0,0,0,0,0,0,0,0,0,0,0,2,1,0,0,0,0,6,4,2,4,4,0,0
"COG4457",0,5,2,2,0,6,18,4,5,0,203,0,0,13,0,0,3,1,64,46,8,1,402,21,8,12,1,10,0,2,5,18,9,2,35,34,7,0,6,1,7,3,4,3,2,86,4,5,1,1,0,0,9,3,2,19,1,9,8,69
"COG4458",0,3,1,2,0,4,8,3,4,2,85,0,0,1,0,0,0,1,7,3,1,0,0,4,2,15,0,4,0,5,5,11,6,1,23,0,6,0,3,3,7,1,4,2,4,3,11,8,0,1,0,4,5,2,0,17,2,6,0,30
"COG4460",0,0,0,0,0,6,0,0,0,0,1,0,0,0,0,0,0,0,0,1,0,0,0,0,0,0,0,4,0,0,0,0,0,1,0,0,0,0,0,0,1,0,0,0,1,0,0,0,0,0,1,3,0,0,1,0,0,0,12,4
"COG4463",18,18,18,8,13,9,3,28,22,23,15,1,8,3,20,9,6,18,5,21,5,17,7,3,4,4,8,12,13,6,26,9,21,5,6,27,3,37,21,17,15,10,13,16,9,6,11,11,4,14,10,99,16,17,14,13,50,66,3,3
"COG4464",125,88,160,140,103,168,57,132,157,88,89,96,95,123,112,72,157,68,155,133,127,115,72,85,142,79,77,99,141,70,89,128,104,118,92,165,143,170,76,103,54,95,93,128,139,90,83,153,145,63,82,197,86,156,87,105,76,119,116,128
"COG4465",93,13,76,37,31,100,16,60,31,46,27,44,86,26,47,50,8,38,33,34,41,40,48,73,9,30,8,47,105,11,50,27,31,32,27,56,24,61,45,25,24,55,32,52,44,19,32,58,48,40,21,151,58,68,45,50,94,27,21,14
"COG4466",8,14,0,0,0,25,0,8,0,0,4,0,0,0,0,12,0,5,0,0,1,4,1,1,0,0,0,0,0,0,11,2,1,0,0,21,1,9,7,2,1,1,0,1,0,0,4,7,0,4,2,76,6,13,0,4,1,17,0,0
"COG4467",1,0,0,0,0,7,0,0,0,0,0,0,0,0,0,4,0,0,0,0,0,0,0,1,0,0,0,0,0,0,0,0,0,0,0,0,0,7,3,1,0,0,0,0,0,0,2,0,0,0,0,39,0,0,0,0,0,0,0,0
"COG4468",333,55,202,140,172,300,41,142,52,173,89,63,177,110,184,209,71,202,73,155,111,124,126,149,88,148,31,134,268,49,163,88,97,78,83,210,83,201,58,127,73,143,131,105,187,59,75,235,123,119,72,304,158,176,77,159,324,113,70,48
"COG4469",5,2,0,0,0,36,0,0,0,0,0,2,0,2,0,31,0,0,0,0,0,0,1,0,0,0,0,0,0,1,0,1,0,0,0,0,0,3,5,0,0,0,0,1,1,0,2,0,0,1,2,102,0,1,0,0,1,2,0,0
"COG4470",0,1,0,0,0,28,0,8,0,3,0,1,1,0,0,21,0,1,0,0,2,0,0,1,0,1,0,2,0,1,5,0,1,0,0,7,0,2,3,0,0,0,0,0,0,0,2,1,0,0,3,76,1,9,0,1,0,13,0,0
"COG4471",1,1,0,0,0,0,0,0,0,0,0,0,0,0,0,1,0,1,0,0,0,0,0,1,0,0,0,0,0,0,0,0,0,0,0,0,0,2,2,0,0,0,0,0,1,0,3,0,0,1,1,32,0,1,0,1,0,0,0,0
"COG4472",75,14,68,39,55,71,6,65,39,58,30,18,56,35,41,37,30,48,21,25,32,37,34,46,27,38,15,48,54,10,63,17,19,12,17,62,39,81,21,47,37,18,37,33,67,11,24,60,35,22,21,74,51,83,35,53,43,72,13,18
"COG4473",6,3,0,0,0,49,0,0,0,0,0,0,0,0,0,32,0,0,0,0,0,0,0,0,0,1,0,0,0,1,0,0,2,0,0,1,0,3,8,0,0,0,0,0,1,0,10,0,1,4,5,118,0,0,1,1,2,0,0,0
"COG4474",5,12,52,23,61,14,19,45,52,35,16,0,17,40,17,22,41,22,32,71,29,10,23,42,33,73,21,62,20,67,24,64,27,10,66,59,2,18,39,66,63,38,21,73,44,43,20,86,90,13,3,62,27,20,35,65,1,71,35,32
"COG4475",45,9,41,35,33,44,9,34,37,37,17,13,59,27,47,7,39,24,15,21,43,14,25,23,20,37,6,39,15,8,36,25,9,12,18,34,21,50,15,29,26,20,25,19,67,9,18,58,38,19,15,61,43,61,23,8,40,52,18,10
"COG4476",5,0,0,1,0,3,0,0,0,0,0,0,0,0,1,0,0,0,0,1,0,0,1,0,0,1,1,0,1,0,0,0,0,0,1,1,0,6,3,0,1,0,0,0,0,0,1,1,1,1,1,28,0,0,2,0,1,0,2,0
"COG4477",23,8,3,3,0,66,3,28,4,9,12,3,2,2,7,48,1,7,0,0,5,1,1,10,0,1,2,6,1,0,19,0,3,2,4,33,0,33,17,3,1,2,0,6,1,0,6,18,1,7,7,195,2,49,4,6,2,24,2,0
"COG4478",11,5,0,3,6,49,2,2,7,4,2,0,4,5,1,14,1,2,0,1,1,1,3,2,1,2,0,2,6,1,1,4,1,0,6,11,3,7,14,2,6,1,0,3,5,2,4,3,4,4,1,78,1,2,11,2,12,10,5,0
"COG4479",1,1,0,0,1,9,0,0,0,0,0,0,0,0,0,4,0,0,0,0,0,0,0,0,0,0,0,0,1,0,0,0,0,0,0,0,0,0,3,0,0,0,0,0,0,0,2,0,0,0,1,22,0,0,0,0,1,0,0,0
"COG4481",41,9,24,12,17,35,10,33,7,26,13,11,28,21,33,20,6,11,3,16,12,24,11,31,4,12,6,29,42,12,27,18,17,3,10,44,11,43,13,11,13,25,20,13,12,16,9,26,17,17,8,70,20,31,23,26,60,21,11,10
"COG4483",1,0,0,0,0,16,0,0,0,0,0,0,0,0,0,8,0,0,0,0,0,0,0,0,0,0,0,0,0,0,0,0,0,1,0,0,0,2,0,0,0,0,0,0,0,0,2,0,0,1,0,28,0,0,0,0,1,0,0,0
"COG4485",469,70,425,261,331,345,20,277,163,398,222,110,346,303,301,145,59,342,155,443,233,61,163,423,93,135,51,241,472,79,360,165,65,77,111,466,133,437,93,189,105,146,166,367,129,78,97,405,315,195,61,693,351,447,156,422,133,233,97,83
"COG4487",0,17,16,8,15,1,2,3,13,8,9,0,9,25,0,7,1,60,11,0,10,1,39,21,0,7,1,12,0,0,24,8,17,0,5,31,0,6,6,1,5,2,0,2,3,6,3,4,13,1,3,27,5,14,2,12,0,10,7,1
"COG4492",55,15,63,39,50,64,6,46,52,62,38,35,57,48,32,11,28,69,39,62,61,43,43,44,26,33,14,41,86,14,56,31,30,26,32,44,33,92,31,20,40,31,39,69,78,16,35,74,59,35,49,78,53,53,45,75,102,39,30,16
"COG4495",0,1,15,0,1,0,0,15,1,2,7,21,2,0,24,3,0,4,0,2,2,0,0,12,0,3,2,3,4,1,8,0,7,2,1,13,2,20,3,1,1,1,0,3,4,0,2,1,5,15,4,15,0,14,3,1,0,20,1,0
"COG4496",32,17,68,46,48,79,7,63,48,77,43,18,82,36,48,22,38,48,20,58,53,26,47,51,30,52,13,37,72,12,61,48,34,22,22,61,30,77,22,50,29,46,19,56,80,20,35,73,61,28,23,39,58,62,38,48,85,54,27,22
"COG4499",0,0,0,0,1,0,0,1,3,7,8,9,11,0,1,0,0,1,4,1,1,0,0,0,0,2,0,2,3,1,4,1,3,0,0,0,0,1,1,0,1,7,0,1,3,0,1,5,1,4,4,29,0,0,0,1,2,0,3,0
"COG4502",0,2,3,7,0,1,0,0,4,9,2,0,0,15,0,0,0,7,5,0,9,0,0,0,0,0,1,0,0,0,1,4,1,0,6,0,0,1,1,2,0,2,1,0,0,9,3,2,5,0,23,0,2,5,19,0,0,19,0,0
"COG4506",171,23,68,45,58,91,8,72,63,98,48,27,81,54,60,37,37,65,38,59,51,53,64,43,29,51,12,56,79,12,31,22,21,9,16,45,16,43,19,21,29,29,17,20,44,9,12,62,20,19,6,49,34,49,16,34,50,31,9,10
"COG4508",3,0,0,0,0,3,0,1,0,0,0,0,0,0,0,0,0,0,0,0,0,0,0,0,0,0,0,0,1,0,0,0,0,0,0,1,0,0,0,0,0,0,0,3,0,0,1,1,0,1,2,0,0,0,0,0,0,6,2,0
"COG4509",540,133,249,116,172,299,16,305,121,282,94,172,222,125,373,107,48,217,78,181,132,62,99,211,57,128,43,170,224,53,281,165,69,59,110,229,76,305,81,140,173,193,145,112,125,56,72,393,161,110,106,369,224,206,111,172,113,452,64,51
"COG4512",7,5,8,0,0,0,0,35,12,3,17,15,1,1,0,6,0,21,1,0,0,5,7,12,0,0,3,3,8,0,20,4,0,1,0,29,0,10,0,7,4,3,0,21,4,0,1,17,0,0,0,0,18,27,1,7,0,31,0,0
"COG4521",7,50,6,2,17,3,6,5,4,19,4,85,13,6,4,11,8,0,2,25,5,2,6,0,4,18,3,22,4,2,3,4,13,7,13,14,1,6,9,6,2,4,19,30,4,7,7,37,24,8,5,41,10,4,10,0,0,19,24,12
"COG4525",5,30,0,0,0,7,4,3,2,1,2,43,0,0,0,6,4,0,0,3,0,1,0,0,3,6,0,14,1,0,0,0,8,1,0,0,3,3,0,0,5,1,0,4,3,5,0,0,0,1,2,5,2,22,0,1,0,3,23,4
"COG4529",11,84,0,1,1,4,4,0,4,0,3,117,1,0,0,16,13,0,0,2,1,0,1,0,5,2,5,36,3,2,0,4,9,0,2,0,0,1,0,0,1,3,1,6,4,8,3,0,0,0,16,8,0,0,2,1,1,12,54,13
"COG4531",7,41,1,2,0,5,3,1,8,0,2,82,3,1,0,8,6,0,0,0,0,1,0,0,0,4,3,16,0,4,0,3,11,1,1,0,1,2,0,1,0,2,0,3,3,7,1,0,2,2,6,8,0,0,0,5,2,11,30,8
"COG4533",24,189,0,1,0,15,13,0,6,0,7,221,1,0,0,32,14,0,1,7,0,0,0,0,4,6,7,74,4,3,0,3,19,4,3,1,0,1,5,1,2,5,0,19,11,10,1,2,4,0,9,26,0,0,0,6,2,21,63,20
"COG4535",8,52,0,5,0,5,20,4,9,3,51,91,3,5,0,11,10,2,6,0,8,1,1,3,5,13,1,32,1,12,1,13,9,4,9,1,6,3,0,1,10,0,3,8,5,10,17,2,4,3,5,6,13,3,5,13,2,7,53,33
"COG4536",21,44,31,54,62,20,178,148,62,90,196,91,57,60,84,11,109,98,71,30,54,212,194,65,52,80,210,49,24,94,42,33,137,180,129,65,235,34,68,49,54,24,41,37,32,49,129,38,41,150,50,15,76,139,20,57,5,32,135,144
"COG4537",6,0,0,1,2,1,0,1,3,1,4,1,0,1,0,0,0,1,0,0,0,0,1,0,0,0,0,0,0,0,0,0,0,1,1,0,0,0,2,0,0,0,0,0,1,0,0,1,1,1,0,30,2,3,1,1,0,1,0,0
"COG4540",5,112,6,1,0,1,3,1,2,0,1,2,0,0,0,10,6,1,1,2,4,0,5,1,5,3,5,6,0,1,13,2,6,0,0,1,0,1,3,4,8,4,0,6,9,0,5,1,0,0,2,4,0,6,9,1,1,11,25,5
"COG4541",0,0,0,0,0,0,0,0,0,0,0,0,0,0,0,0,0,0,0,0,0,0,0,0,0,0,0,0,0,0,0,0,0,0,1,0,0,1,0,0,0,0,1,0,0,0,0,0,0,0,0,0,0,1,0,3,0,0,1,0
"COG4542",8,2,0,0,10,14,6,3,1,1,11,0,1,0,0,3,1,16,0,2,1,29,21,1,0,4,0,6,14,0,2,1,33,2,2,7,5,8,7,0,8,0,3,1,0,0,12,0,0,8,1,11,1,2,0,3,95,0,19,1
"COG4545",0,0,0,0,0,1,1,0,0,0,0,0,2,0,0,0,0,0,1,0,0,1,0,0,0,3,0,0,0,1,5,1,3,0,0,0,0,0,0,0,0,0,7,0,0,1,0,0,0,1,4,3,0,0,0,2,1,0,1,0
"COG4547",0,0,0,0,0,0,0,0,7,0,0,0,0,0,0,0,0,0,1,0,0,0,0,1,0,0,0,20,0,0,0,0,0,0,1,0,0,1,0,0,0,0,0,0,0,0,0,0,0,0,0,0,0,0,14,0,0,0,0,0
"COG4548",195,24,74,8,17,79,5,20,20,92,15,121,44,31,51,40,10,16,15,30,45,14,20,28,6,44,10,34,59,7,36,43,10,12,10,31,7,67,26,14,66,10,16,37,34,13,16,55,25,22,15,211,19,16,22,4,22,93,14,4
"COG4550",2,1,0,0,0,0,0,0,0,0,0,1,0,0,0,6,0,0,0,0,0,0,1,2,0,1,0,0,0,0,0,0,0,0,0,0,1,4,4,0,2,0,0,0,0,0,0,0,1,0,1,18,0,1,0,0,1,0,0,0
"COG4552",18,42,120,106,92,156,35,74,88,86,33,48,98,126,112,69,79,76,131,62,108,20,31,77,91,96,16,66,96,78,106,95,58,42,69,73,20,130,139,116,97,97,84,139,155,120,86,90,110,56,142,55,78,56,125,74,45,90,71,37
"COG4555",11,5,9,0,0,50,1,7,1,9,8,17,14,1,2,20,1,1,2,0,3,0,0,0,0,6,1,10,7,2,33,1,0,4,1,11,0,4,7,19,1,3,2,1,3,0,0,1,1,0,8,38,20,8,0,1,1,13,2,1
"COG4558",4,0,0,0,0,1,0,1,3,0,2,0,0,0,0,8,5,0,0,1,0,0,0,0,0,0,2,4,0,3,0,1,7,2,0,0,0,0,0,0,0,1,0,0,2,12,1,0,0,0,4,5,0,0,2,1,0,6,13,4
"COG4559",2,0,0,0,0,2,0,0,2,0,0,6,1,0,0,20,6,0,0,1,0,0,0,0,0,0,1,3,1,3,0,1,2,0,0,0,0,0,0,0,1,2,0,0,2,4,5,0,0,0,12,3,0,0,0,0,0,11,19,10
"COG4564",0,27,24,16,32,4,32,10,82,24,16,0,0,63,1,0,46,92,73,0,76,1,3,0,0,0,3,18,0,3,11,34,135,9,3,84,0,7,81,62,108,0,77,8,0,0,1,52,78,1,0,0,142,10,27,24,0,3,111,16
"COG4565",26,115,3,2,2,9,19,1,18,4,10,245,6,7,9,35,22,1,10,4,20,2,0,3,14,5,12,46,5,5,12,6,22,16,5,3,0,5,5,6,4,11,13,15,12,29,9,13,3,2,39,13,16,5,13,15,1,40,72,16
"COG4566",0,5,5,2,54,16,54,9,24,33,14,0,5,24,2,4,19,9,22,0,24,6,4,23,34,39,2,7,7,135,4,32,26,4,50,25,20,13,17,10,39,7,27,53,15,12,87,10,2,13,14,0,102,22,58,62,0,18,37,15
"COG4568",1,16,0,0,0,3,1,2,3,0,0,37,0,1,0,1,6,0,0,1,1,0,0,0,0,0,1,9,0,1,0,0,4,1,1,0,0,0,0,0,1,0,0,1,0,3,0,0,0,0,4,1,0,1,0,0,0,4,18,4
"COG4569",7,52,0,2,0,2,6,0,5,0,2,95,1,1,0,8,6,1,0,1,0,0,0,0,1,0,4,29,0,2,0,1,5,3,5,0,0,2,0,0,1,5,1,20,4,8,2,0,1,1,3,2,0,0,0,1,1,9,25,5
"COG4570",6,166,8,9,3,0,1,16,4,8,9,50,2,28,9,15,11,3,6,18,11,0,3,1,4,2,5,9,7,7,15,2,7,6,6,24,2,32,3,17,17,4,6,10,21,8,10,21,10,8,8,17,13,6,10,1,22,32,1,16
"COG4571",3,21,0,0,1,1,0,0,3,0,0,5,1,0,0,4,8,0,0,0,0,0,0,0,0,0,0,0,0,0,0,0,9,0,0,0,0,0,0,0,3,4,0,0,1,0,1,0,0,0,29,0,0,0,1,3,0,9,0,0
"COG4572",3,23,0,1,0,2,1,1,2,0,0,24,0,0,0,7,5,0,0,0,1,0,0,0,1,0,3,7,0,0,0,0,1,2,0,0,0,0,0,0,1,0,0,2,0,4,0,0,0,0,3,2,0,0,0,0,0,1,10,1
"COG4573",29,79,14,31,11,40,17,8,22,20,6,145,82,14,14,12,22,6,4,19,30,5,14,19,36,80,11,40,15,2,10,17,35,5,27,15,0,34,7,7,9,6,10,21,103,21,14,9,13,6,20,10,12,7,10,4,17,65,8,10
"COG4574",6,18,0,0,0,0,6,1,2,0,3,38,0,0,0,7,1,0,1,1,1,0,0,0,1,0,3,15,0,1,0,0,7,1,1,0,0,2,1,1,4,1,0,4,0,4,0,0,0,0,8,1,0,0,0,1,0,7,21,2
"COG4575",7,61,0,0,1,6,3,4,4,3,3,105,3,3,0,11,11,0,0,1,4,0,0,0,6,3,5,23,1,7,0,2,16,1,3,0,0,1,0,1,3,1,0,9,3,12,0,0,0,1,16,5,2,0,2,1,0,13,22,10
"COG4576",27,16,7,2,1,35,8,6,10,5,2,30,10,4,9,14,4,2,2,4,2,2,5,3,10,4,1,10,5,5,5,10,6,9,8,6,7,13,2,3,10,16,21,6,24,4,5,11,2,4,20,19,4,1,6,10,4,19,21,7
"COG4577",107,47,24,11,19,76,20,22,34,15,4,109,49,10,29,100,21,9,9,18,13,9,20,14,20,26,4,48,46,8,7,9,14,25,12,8,7,18,14,3,7,16,27,12,20,16,8,10,4,7,26,56,9,3,8,6,5,26,69,14
"COG4578",5,38,0,0,1,1,2,0,4,0,0,42,0,0,0,5,1,1,0,0,0,41,7,0,1,1,0,9,28,2,0,1,20,0,4,6,0,1,3,2,2,2,1,4,0,2,2,0,0,3,4,6,0,1,1,2,144,4,12,5
"COG4579",7,97,0,2,0,15,6,2,12,0,6,187,2,1,0,13,8,0,0,3,1,0,0,0,1,2,4,35,2,3,0,1,5,1,1,0,1,2,0,0,1,1,0,4,0,3,1,0,1,0,6,10,0,0,0,1,0,4,24,2
"COG4580",55,154,0,2,1,21,15,8,16,0,313,395,7,3,0,30,39,0,0,13,5,1,0,0,6,5,21,123,9,10,1,14,49,8,7,0,1,3,5,1,15,15,0,18,7,28,5,1,5,2,38,35,1,1,4,11,0,41,245,168
"COG4581",38,105,0,0,94,164,0,4,0,0,1,0,6,0,6,721,2,75,0,0,0,1,6,0,0,0,0,0,7,7,3,7,0,0,3,2,4,6,0,0,49,0,0,15,1,1,3,9,0,6,4,34,2,4,12,2,281,1,8,2
"COG4582",5,66,0,0,3,8,13,0,5,4,46,84,1,2,1,13,10,0,2,1,4,1,0,1,4,2,3,19,0,7,1,1,8,2,3,0,0,2,3,0,6,3,1,17,3,6,8,0,1,3,9,5,1,0,2,0,1,6,34,21
"COG4584",152,692,317,261,541,283,408,554,378,209,62,835,287,367,559,544,475,366,505,1091,430,747,1841,137,637,989,60,325,344,922,287,243,294,1073,1356,274,36,185,687,771,525,253,536,994,214,422,410,732,628,95,243,151,409,509,401,600,73,290,332,331
"COG4585",94,146,202,136,223,230,47,93,56,140,213,58,194,100,61,672,160,313,139,75,143,173,88,129,102,166,157,97,235,59,154,106,228,81,94,239,23,128,237,96,196,110,116,128,50,123,135,149,119,88,64,358,282,212,144,131,470,37,216,60
"COG4586",5,10,1,0,7,3,5,21,5,17,6,17,9,8,81,28,1,15,1,0,6,1,1,10,1,4,3,13,3,1,21,4,3,5,2,23,0,7,21,0,4,10,6,7,20,0,3,30,9,29,22,72,4,22,2,2,10,61,3,0
"COG4587",5,10,5,0,8,2,1,13,4,9,3,8,4,5,92,11,2,6,2,5,6,4,5,11,6,1,1,18,3,0,17,3,6,4,0,18,0,8,31,15,1,10,18,10,7,1,3,17,9,19,19,43,11,24,1,3,6,49,2,3
"COG4589",4,50,4,36,11,5,9,0,16,4,2,52,19,7,5,6,7,2,19,10,19,6,2,17,26,17,3,7,7,41,6,11,23,2,10,3,6,1,11,16,12,44,5,18,15,26,11,4,9,4,93,3,18,7,18,25,1,1,10,3
"COG4590",0,42,0,0,1,0,0,0,2,0,2,0,0,0,0,0,0,0,2,1,0,0,0,0,0,0,0,31,0,0,0,0,0,0,0,0,0,0,0,0,0,0,0,0,0,0,0,0,0,0,0,0,3,4,0,0,0,2,0,0
"COG4591",30,234,228,235,195,79,253,359,202,217,429,132,153,269,182,70,374,263,349,208,211,494,185,328,275,340,452,184,115,397,123,236,340,521,314,206,281,137,343,241,270,174,270,229,181,285,416,155,309,98,235,124,235,267,199,207,5,147,288,232
"COG4592",9,46,0,0,0,5,7,0,3,0,1,70,1,0,0,4,4,0,0,2,0,0,0,1,0,1,3,16,0,4,0,0,14,0,1,0,0,2,0,1,1,2,0,3,0,4,2,0,0,0,3,7,0,0,1,2,1,8,18,3
"COG4594",2,0,0,0,3,6,1,0,0,0,0,0,1,0,0,1,1,0,0,0,0,2,0,0,2,4,0,0,3,0,1,1,6,1,0,1,3,3,0,0,1,1,1,3,1,1,0,0,0,3,0,4,1,0,1,8,0,0,0,1
"COG4597",18,71,0,1,4,6,20,4,13,1,7,96,0,4,0,5,9,1,3,0,9,1,1,0,8,6,5,11,1,7,1,4,15,4,11,3,2,0,1,3,13,3,5,17,4,13,15,1,1,0,12,1,7,4,5,10,1,16,5,2
"COG4598",11,43,1,0,0,13,3,2,5,0,3,64,0,1,0,7,2,0,1,2,1,0,0,0,1,0,3,24,1,2,1,1,11,1,1,0,1,1,0,0,3,3,0,4,1,10,0,1,0,0,8,0,0,0,0,1,0,7,46,8
"COG4603",75,71,147,103,131,160,31,111,186,174,52,169,105,114,67,91,101,99,79,135,138,45,62,66,86,110,23,133,161,33,107,120,38,49,71,148,51,162,74,79,131,140,96,108,198,50,96,235,121,79,111,245,116,117,134,108,99,257,52,47
"COG4604",7,28,1,0,4,15,12,3,11,7,2,31,21,1,5,19,3,23,11,6,5,8,0,21,1,17,0,17,20,1,20,6,4,3,6,3,7,2,4,10,7,5,17,2,4,0,14,2,5,1,3,20,7,4,6,26,5,7,22,1
"COG4605",9,32,1,1,14,27,7,2,8,10,4,26,27,0,5,11,1,13,7,11,6,16,0,21,5,9,1,20,10,0,17,10,6,2,7,4,0,4,4,13,5,11,12,8,2,2,7,2,1,5,3,22,6,4,14,40,6,8,12,1
"COG4606",8,19,0,0,6,19,11,3,16,3,2,20,24,1,2,21,5,26,15,4,7,7,0,30,0,11,1,15,16,2,7,16,3,3,6,4,7,3,2,10,6,20,13,5,4,1,11,2,4,1,5,18,6,2,5,27,5,6,16,2
"COG4607",6,28,1,1,13,28,3,1,13,10,2,13,22,5,2,10,3,22,11,2,1,8,1,25,2,7,0,24,8,1,11,6,6,0,10,4,5,3,7,16,4,4,17,7,7,0,11,0,1,3,4,55,4,2,5,33,1,7,14,0
"COG4608",396,310,227,198,165,481,92,177,220,216,87,446,220,196,149,252,214,170,122,161,176,167,168,134,164,230,39,351,327,53,168,170,170,125,118,238,102,390,136,209,223,108,182,173,341,69,188,238,184,148,343,561,170,157,196,210,434,376,214,108
"COG4615",7,77,0,1,0,6,12,1,5,0,6,101,1,1,0,18,14,0,0,4,2,0,0,0,5,3,5,32,0,2,0,3,15,1,6,0,0,1,0,1,0,3,1,6,1,10,3,0,3,1,13,7,1,2,0,1,0,9,35,9
"COG4618",0,0,1,0,0,0,0,0,0,21,3,0,0,1,0,0,0,0,0,0,2,0,0,0,0,0,0,0,0,2,0,0,5,0,2,0,0,1,0,0,0,0,0,0,0,0,0,2,0,0,0,0,0,0,0,0,0,3,0,0
"COG4619",15,61,0,0,9,86,5,2,7,0,3,70,2,0,0,120,5,1,0,1,3,0,1,1,3,0,7,23,3,3,0,1,16,0,2,0,0,6,0,0,3,5,1,7,2,6,8,2,1,0,4,63,0,0,0,2,75,10,13,5
"COG4623",20,105,101,143,162,18,68,58,104,51,20,101,62,180,98,19,180,75,159,151,135,49,9,79,121,132,17,107,38,191,55,146,152,95,105,83,13,54,195,123,149,128,109,143,95,221,83,66,138,10,118,36,77,22,104,106,9,60,207,55
"COG4624",558,174,492,359,402,403,262,304,552,524,188,320,456,444,507,244,374,429,429,352,437,224,178,372,433,444,45,412,703,364,458,509,308,275,374,441,87,442,506,385,449,510,554,508,571,283,441,571,438,240,537,331,459,326,509,465,385,658,339,238
"COG4625",16,130,22,6,5,7,28,3,9,28,11,86,3,4,0,7,11,4,52,4,3,3,4,3,8,23,5,67,3,21,5,2,24,1,14,0,11,10,3,2,15,16,20,28,9,18,3,1,2,5,48,5,14,10,46,4,1,6,14,6
"COG4626",171,399,149,64,616,16,25,156,85,74,67,146,124,187,17,84,57,140,137,12,90,47,57,84,70,28,15,40,83,21,70,107,54,32,60,109,10,76,48,61,34,35,25,42,41,60,110,52,92,24,33,22,30,62,42,44,59,152,12,41
"COG4627",0,0,0,0,1,0,0,0,0,0,0,0,0,0,0,0,0,0,1,0,0,0,0,0,58,0,0,0,3,0,0,0,0,2,0,0,0,0,1,0,0,0,0,1,0,0,0,0,0,0,0,0,1,0,0,0,0,6,0,0
"COG4628",1,3,0,0,0,1,0,0,1,0,1,0,0,0,0,0,0,0,0,0,0,0,0,0,0,0,0,4,0,0,0,0,1,0,0,0,0,0,0,0,0,0,0,0,0,0,0,0,0,0,0,4,0,0,0,0,0,0,5,0
"COG4631",0,0,0,0,0,0,0,0,1,2,0,0,0,0,1,0,0,0,0,0,0,0,0,0,0,0,0,0,0,0,1,1,0,0,0,0,0,0,0,0,0,0,0,2,2,0,0,0,0,0,0,0,1,0,1,0,0,0,0,0
"COG4632",103,20,125,140,107,53,31,70,112,131,59,7,73,123,210,48,141,107,98,77,99,123,44,124,183,146,9,116,160,198,184,113,148,41,60,150,43,136,114,195,98,195,104,75,134,204,95,132,112,44,299,127,124,131,139,80,186,178,95,54
"COG4633",20,29,9,0,38,105,1,8,3,3,1,1,3,14,3,135,5,26,2,1,4,1,5,2,0,12,0,0,7,6,0,1,7,3,0,4,2,11,11,0,14,0,0,5,5,0,8,3,1,5,1,112,16,10,4,23,40,3,5,2
"COG4635",5,24,0,14,2,5,7,1,4,0,1,29,2,1,0,2,3,1,0,0,3,0,2,1,2,7,0,12,0,2,2,3,13,0,8,4,5,5,5,7,5,11,5,7,6,16,8,1,0,1,40,10,3,2,5,21,0,4,23,6
"COG4636",188,24,30,12,29,62,3,33,19,17,14,37,74,22,49,60,5,45,6,25,29,20,16,29,6,31,8,15,105,16,41,16,9,24,11,24,14,72,15,36,14,14,27,50,25,20,21,16,43,18,23,69,44,13,43,53,43,20,24,18
"COG4637",15,0,22,111,62,28,101,38,97,38,36,0,23,38,74,1,44,30,66,17,166,206,14,17,105,37,83,16,28,7,10,119,88,33,22,84,29,58,9,4,93,39,115,86,22,54,13,31,59,8,0,27,73,70,54,26,7,38,69,37
"COG4638",9,78,0,2,1,8,8,2,6,0,3,94,0,0,0,11,4,0,0,2,2,0,0,0,4,2,5,56,0,2,0,3,9,3,1,0,1,4,0,0,6,0,1,14,1,7,2,0,0,1,7,26,1,0,0,0,1,0,116,16
"COG4639",0,0,4,3,0,39,0,19,1,16,15,35,1,0,23,25,7,10,3,0,6,2,6,1,0,42,5,5,0,4,10,8,43,0,2,10,3,5,7,1,2,2,7,0,0,6,7,9,8,3,2,13,3,2,6,2,0,36,2,0
"COG4640",7,1,0,0,0,64,0,0,0,0,0,0,1,0,3,27,0,1,0,0,0,0,0,0,0,3,0,0,0,0,0,1,0,2,1,2,0,9,4,0,0,0,0,4,1,0,4,0,0,4,3,100,0,1,0,5,4,0,1,0
"COG4641",6,2,89,96,62,69,1,66,68,48,74,0,224,76,39,0,4,189,82,45,34,43,38,153,3,15,9,44,353,11,98,16,29,65,13,13,28,24,9,66,12,13,11,65,1,5,13,10,26,13,24,4,45,9,41,103,6,2,25,23
"COG4642",6,16,54,133,96,27,212,179,80,107,172,0,60,90,65,11,122,116,121,111,61,56,166,95,114,62,160,36,40,128,66,87,72,148,114,83,264,30,76,91,97,105,111,99,44,131,170,59,110,219,92,66,86,130,82,84,4,15,99,157
"COG4643",10,97,0,0,3,8,22,4,23,10,0,0,3,4,0,4,8,6,6,1,10,0,1,8,14,7,15,375,5,15,4,9,35,0,15,5,0,3,3,4,17,1,5,28,11,2,15,1,3,3,1,1,2,3,23,20,1,39,11,9
"COG4644",22,4,0,1,1,41,38,2,11,0,10,24,0,1,0,16,19,1,19,13,3,0,0,0,3,7,10,0,5,1,2,9,218,5,10,2,1,6,8,1,25,22,917,20,4,2,14,1,1,0,64,34,1,31,4,2,1,156,145,49
"COG4646",956,307,1298,1016,807,904,259,885,784,1172,420,261,1836,767,1189,754,758,784,1076,2108,940,566,579,663,763,1302,558,886,1105,678,1120,882,739,457,969,1009,1231,888,576,580,1069,636,1753,685,2031,670,628,1284,1291,1377,619,497,1191,485,986,1263,589,1394,922,1004
"COG4648",0,0,0,0,1,4,1,0,2,0,29,0,0,3,0,0,0,2,0,0,0,0,0,0,0,1,0,0,0,0,0,0,1,0,0,1,2,1,0,1,2,1,1,2,0,0,6,0,0,1,2,4,0,1,3,4,0,1,2,0
"COG4650",11,70,0,0,3,4,4,0,13,4,0,112,2,1,0,24,8,4,1,1,3,1,1,2,3,2,2,21,1,14,2,2,22,2,3,3,0,0,1,1,6,7,0,6,6,7,1,0,1,1,10,11,9,2,3,1,1,17,6,8
"COG4651",16,142,1,2,5,2,20,5,13,12,8,141,2,16,1,16,10,4,13,2,15,3,4,7,12,18,3,66,0,19,5,12,13,3,25,6,2,3,4,3,16,3,8,17,9,13,41,4,0,1,14,16,13,6,18,15,1,23,32,13
"COG4652",2,1,0,0,13,0,0,0,0,2,4,1,3,3,0,48,0,0,0,2,0,0,1,0,0,0,1,0,1,0,0,0,2,0,1,1,0,9,3,0,6,0,2,0,5,0,0,2,0,0,0,81,1,3,0,1,0,9,13,0
"COG4653",131,67,28,9,35,10,24,39,40,26,19,98,44,43,12,21,25,28,10,3,35,1,6,37,21,17,5,15,22,18,22,29,21,34,18,48,8,6,17,34,31,25,39,25,24,23,15,18,52,44,9,34,21,51,43,37,5,66,3,44
"COG4656",486,199,294,229,264,267,242,185,281,324,259,204,292,276,230,157,252,282,306,253,232,201,249,239,250,293,226,280,317,169,264,321,183,259,293,278,182,249,224,227,266,247,331,283,370,202,199,349,336,210,172,340,263,282,257,241,107,259,292,263
"COG4657",44,42,68,70,69,56,77,48,70,81,62,34,76,74,52,29,78,58,64,60,64,69,83,68,72,75,66,58,66,63,138,129,123,164,130,179,118,132,166,148,155,134,160,130,189,118,74,157,161,163,77,47,157,161,133,145,50,115,136,134
"COG4658",138,126,254,235,191,177,186,156,209,253,201,117,290,232,184,56,268,226,228,242,204,129,173,196,223,280,150,239,201,173,230,258,134,206,191,232,121,225,188,227,257,173,262,217,357,187,160,260,249,181,113,73,246,257,208,218,86,177,183,188
"COG4659",36,50,81,85,80,40,93,45,82,76,63,39,70,87,65,20,82,68,71,83,60,69,78,66,64,87,82,59,83,70,92,153,98,149,160,119,136,124,159,152,125,87,144,168,188,125,105,151,151,160,106,51,148,132,132,150,49,106,123,127
"COG4660",49,76,176,173,187,150,153,100,148,204,174,91,219,180,134,47,188,181,167,167,184,118,158,169,210,213,156,189,137,122,168,184,126,171,172,175,158,148,137,168,167,175,167,155,272,157,103,192,194,184,105,54,203,199,158,179,59,140,174,170
"COG4662",2,2,1,1,0,0,2,1,2,20,3,0,1,1,1,0,2,1,3,1,4,0,0,1,1,2,0,1,2,0,4,1,0,0,2,0,0,4,1,0,1,1,3,3,2,3,4,1,2,1,0,0,2,0,4,2,4,14,2,0
"COG4663",0,4,1,0,2,0,0,5,11,4,1,0,1,7,2,2,2,3,2,1,1,0,1,3,1,2,0,2,3,0,7,5,0,1,15,3,0,0,7,0,4,3,2,1,2,1,3,3,1,3,0,3,3,2,4,2,0,1,0,0
"COG4664",0,3,1,2,4,0,0,1,6,3,0,0,2,6,0,3,1,0,1,4,4,0,0,0,2,3,0,2,0,0,5,6,0,0,13,3,0,2,5,2,4,1,4,4,7,0,2,4,5,3,0,1,1,1,8,2,0,12,1,1
"COG4665",0,4,0,0,3,0,1,0,7,3,2,0,0,3,0,2,2,2,2,4,2,0,1,0,3,2,0,1,0,0,1,2,1,0,5,5,0,1,7,2,2,0,3,0,3,1,1,3,0,1,0,0,0,3,4,1,0,2,0,0
"COG4666",146,47,48,103,50,69,41,27,112,89,50,116,146,67,22,7,36,38,43,83,69,31,77,53,75,209,14,42,37,39,31,40,17,11,40,21,10,20,38,13,23,21,30,26,30,11,20,50,26,26,64,32,27,80,44,24,47,42,24,19
"COG4667",157,135,150,190,223,203,178,235,146,205,186,121,183,170,200,247,164,244,175,177,131,240,216,184,169,180,221,142,243,183,182,185,165,284,200,202,254,219,120,195,187,189,183,209,147,183,194,173,183,240,152,183,206,233,161,243,136,121,198,214
"COG4668",48,74,5,6,9,37,16,12,16,11,7,117,10,10,16,39,7,19,6,6,3,54,35,4,3,8,8,57,32,11,15,28,87,9,11,70,7,32,14,10,5,12,13,47,18,19,30,10,20,28,30,112,7,15,12,33,352,29,141,44
"COG4669",6,61,0,1,0,1,6,0,2,2,1,90,0,1,0,18,9,0,0,2,0,0,0,1,2,2,1,0,0,5,0,5,0,1,5,1,1,2,3,2,2,1,0,4,1,18,10,1,2,0,14,1,0,1,0,1,0,0,0,2
"COG4670",33,127,9,22,20,105,45,15,53,18,17,195,29,12,20,21,29,49,22,12,22,9,13,4,15,22,6,47,27,12,11,32,34,22,50,26,3,15,15,10,65,32,53,32,50,20,32,32,16,15,81,44,16,14,17,31,61,55,35,17
"COG4672",5,117,0,0,0,7,4,1,4,10,0,76,6,0,0,10,5,0,0,6,2,0,0,2,0,1,3,15,0,1,0,0,28,0,1,0,0,3,0,1,6,3,0,65,2,10,6,2,2,0,18,3,1,1,0,0,3,9,1,9
"COG4674",1,0,3,0,0,0,0,3,2,0,102,0,0,3,1,0,1,2,0,4,0,0,0,0,0,2,0,3,15,0,3,1,5,1,0,15,0,3,3,1,2,0,0,0,3,0,0,1,0,0,1,0,1,0,0,0,0,1,24,20
"COG4675",0,6,2,3,0,0,0,1,1,4,2,0,0,21,0,0,0,1,0,0,0,0,2,0,0,0,0,15,1,0,5,0,0,3,2,0,0,0,0,0,6,0,0,5,0,0,0,7,0,0,0,0,0,1,0,0,0,18,1,4
"COG4676",3,46,0,0,0,0,4,0,4,0,0,69,1,1,0,1,0,0,3,0,1,0,0,0,0,1,4,11,0,2,0,1,2,1,6,0,0,2,1,0,0,3,0,5,1,5,0,0,1,0,4,0,0,0,0,1,0,2,0,2
"COG4677",78,105,195,418,353,110,695,176,299,339,170,122,413,525,328,36,402,496,298,382,400,315,468,450,307,491,497,260,336,580,192,220,260,519,419,226,667,197,265,404,215,216,226,428,317,538,282,152,432,457,509,11,218,320,306,418,32,82,209,710
"COG4678",3,1,0,0,0,0,17,0,0,0,0,0,0,0,0,8,6,0,0,1,0,0,1,0,0,0,2,0,0,0,0,0,0,0,0,0,0,0,0,0,1,1,0,0,0,0,0,0,0,0,5,2,0,0,0,0,0,0,0,2
"COG4679",1,25,20,4,8,0,0,10,1,33,1,15,2,19,2,29,7,5,1,4,19,4,2,0,2,2,6,12,1,3,5,0,0,1,1,1,0,14,1,2,1,0,0,1,8,2,3,9,5,8,1,13,12,11,1,1,3,9,4,4
"COG4680",1,26,8,9,27,2,17,50,23,4,37,39,7,3,13,9,7,10,18,22,16,2,15,12,27,20,66,6,4,33,6,18,31,4,19,15,6,8,20,7,29,34,10,16,20,51,19,4,7,67,42,2,36,56,15,7,0,5,47,5
"COG4681",4,41,0,0,0,8,10,0,2,0,5,46,0,1,0,2,3,2,3,4,0,1,1,0,1,1,0,17,1,0,1,1,5,2,3,0,0,1,0,1,3,2,8,6,1,9,13,1,0,0,4,9,3,1,1,5,0,7,24,4
"COG4682",11,63,0,3,0,0,5,0,1,0,4,72,0,0,0,8,12,0,0,2,2,0,0,0,1,1,3,16,1,2,0,2,11,4,7,0,0,0,0,1,4,3,1,3,1,8,0,1,1,1,18,6,1,0,2,1,0,5,37,7
"COG4683",2,2,1,0,3,0,0,0,1,0,2,0,1,0,0,2,0,9,0,0,0,1,0,0,0,0,0,0,0,6,0,0,1,0,0,0,0,1,0,0,11,0,0,0,3,0,0,0,0,0,0,0,0,0,0,0,0,1,15,5
"COG4684",22,14,26,8,13,48,1,12,18,6,14,27,32,2,44,37,6,19,4,16,6,9,10,15,4,24,1,12,40,9,11,8,7,23,21,37,8,26,26,20,18,5,26,12,35,9,16,12,16,40,23,126,6,12,16,26,8,21,12,14
"COG4685",4,35,0,0,0,0,6,0,4,0,0,36,2,0,0,12,9,0,0,1,0,0,0,0,2,1,2,11,1,2,0,0,12,2,3,0,0,3,0,0,3,2,0,8,2,9,0,0,1,0,4,3,0,1,1,1,1,12,0,5
"COG4687",10,8,0,3,1,22,0,0,3,1,1,0,2,3,2,16,0,6,0,0,1,3,3,2,1,1,0,0,3,2,0,0,3,1,5,3,0,9,15,2,3,1,1,2,0,0,2,2,2,4,3,122,2,1,3,1,9,1,5,0
"COG4688",1,0,0,0,0,0,0,0,2,0,0,0,0,0,0,0,5,0,0,0,0,0,1,0,0,0,10,14,1,0,0,0,0,0,1,0,0,2,1,0,3,0,2,6,0,0,0,0,0,0,0,2,0,0,0,0,0,0,0,0
"COG4690",34,182,228,211,226,496,318,236,262,254,226,35,194,215,162,725,267,290,279,162,268,181,321,209,213,257,397,203,172,214,170,280,238,286,304,214,373,192,300,230,330,205,263,237,188,213,223,204,212,322,128,368,262,230,211,199,294,147,247,374
"COG4692",22,25,119,208,159,37,481,30,125,102,83,9,180,184,229,17,206,253,193,131,186,82,233,91,146,164,191,112,72,234,41,114,171,125,87,122,15,68,93,226,131,167,75,44,90,201,136,111,240,823,211,13,82,42,188,142,14,35,85,336
"COG4693",4,0,6,0,2,2,0,0,4,20,1,6,4,4,0,18,5,0,0,2,2,25,1,5,4,1,1,13,3,2,8,4,4,0,1,3,0,2,0,0,12,0,2,3,1,2,5,1,18,18,12,9,0,0,0,2,0,0,17,2
"COG4694",11,5,50,21,64,0,1,45,69,52,107,0,6,82,30,0,5,77,18,3,21,70,3,11,12,1,0,9,30,24,2,8,3,1,19,17,1,2,10,52,79,78,0,26,6,5,19,9,16,11,97,28,2,68,16,21,9,11,28,0
"COG4695",133,239,53,13,85,13,17,58,51,28,31,111,124,57,13,42,24,28,3,26,43,50,18,51,38,10,13,20,47,7,16,28,32,51,32,96,13,55,74,37,65,69,23,59,34,83,55,20,89,23,40,17,29,50,31,40,100,136,8,43
"COG4696",0,9,1,0,3,0,0,4,9,2,2,1,0,1,0,5,1,1,4,0,11,0,1,0,0,6,0,9,0,0,4,6,2,3,0,0,0,8,18,5,16,2,7,1,0,0,4,2,8,0,5,51,1,1,17,1,0,4,1,3
"COG4698",0,0,0,0,0,1,0,0,0,0,0,0,1,0,1,0,0,0,0,0,0,0,0,0,0,0,0,0,0,0,0,0,0,0,0,0,0,4,4,0,0,0,0,0,0,0,1,0,1,1,3,78,0,0,0,1,0,0,0,0
"COG4699",1,2,0,0,0,1,0,0,0,0,0,1,0,0,0,4,0,0,0,0,0,0,1,0,0,0,0,0,0,0,0,0,1,1,1,1,0,3,3,0,0,0,0,0,0,0,4,0,0,3,0,65,0,1,0,0,2,0,0,0
"COG4700",4,0,0,0,0,0,0,0,3,0,0,0,0,0,0,6,3,0,0,0,0,0,0,0,0,0,2,0,0,4,0,0,0,0,0,0,0,0,0,0,0,0,0,0,0,4,3,0,0,0,13,0,0,0,0,0,0,0,0,1
"COG4701",0,0,0,0,0,0,0,1,0,0,0,0,0,0,0,1,0,0,0,0,0,1,0,0,0,0,0,0,0,0,0,0,0,0,1,0,0,1,0,0,0,0,0,0,0,0,0,0,0,0,0,1,0,0,0,2,0,0,0,0
"COG4702",21,0,2,10,2,27,4,1,7,4,4,2,3,3,4,2,0,16,6,3,3,7,5,8,0,3,0,3,22,1,7,6,1,1,5,4,5,25,3,2,2,1,2,7,5,1,0,0,4,3,0,8,2,2,16,9,7,2,6,3
"COG4703",1,0,0,0,0,0,0,0,0,0,0,0,0,0,0,0,0,0,0,0,0,0,2,0,0,0,0,0,0,0,0,0,0,0,2,1,0,2,5,0,1,0,0,0,0,0,2,0,0,1,1,56,0,1,1,0,1,0,0,0
"COG4704",0,0,5,5,3,0,0,0,1,0,0,0,0,7,0,0,1,3,7,0,2,0,0,1,0,0,0,3,0,0,2,0,0,0,1,2,1,1,5,6,0,2,0,0,6,2,1,1,10,0,0,0,0,0,5,0,0,0,1,1
"COG4706",0,0,0,0,0,1,2,2,0,0,32,0,0,0,0,0,1,1,0,1,0,1,0,0,0,0,0,0,0,0,0,1,8,0,2,1,0,0,0,0,0,0,1,7,1,0,4,1,0,0,0,5,5,1,3,5,0,1,7,0
"COG4708",68,25,67,32,37,92,8,52,39,49,18,39,92,50,28,45,39,38,28,37,69,22,31,46,40,67,11,51,71,10,52,33,13,22,26,51,16,66,12,37,46,29,31,39,58,16,30,75,62,47,20,125,54,45,49,53,35,48,29,28
"COG4709",79,6,4,7,12,36,3,6,4,11,3,18,18,9,20,37,7,13,3,9,3,4,8,9,7,22,2,4,25,2,15,13,5,17,14,3,5,36,11,1,10,32,11,13,22,4,9,6,13,7,6,156,9,6,12,14,20,13,9,8
"COG4710",0,0,1,0,0,0,0,1,0,1,0,0,0,1,0,0,0,0,0,0,0,0,0,1,0,1,0,0,0,0,0,0,0,0,0,0,0,0,0,0,0,0,0,0,0,0,0,0,0,0,1,0,2,0,2,0,0,0,0,0
"COG4712",2,120,18,9,4,0,16,2,18,12,10,1,5,18,23,5,1,2,14,2,3,1,9,7,6,6,1,2,0,2,11,11,4,3,7,18,2,5,5,20,17,5,3,2,6,3,36,12,4,1,63,0,8,0,12,4,1,9,27,5
"COG4713",58,52,35,43,52,29,7,39,11,8,13,28,52,30,6,4,8,30,16,15,26,8,15,66,14,14,7,34,15,16,107,11,7,7,24,62,23,94,14,67,15,7,35,53,9,16,32,28,23,11,18,144,54,36,50,46,31,94,9,16
"COG4715",0,0,0,1,0,0,0,0,0,0,1,1,0,0,0,0,0,0,11,0,0,0,0,0,17,0,0,0,0,0,1,1,0,0,0,0,0,2,5,0,4,6,11,0,0,0,24,0,0,0,0,0,1,1,1,0,0,5,0,0
"COG4716",110,119,220,76,145,375,11,176,97,230,75,91,207,120,87,450,109,173,96,106,171,37,88,137,92,146,39,166,253,19,251,63,28,65,80,147,68,257,45,145,104,110,74,114,309,61,87,256,132,91,41,282,229,221,87,151,164,100,53,55
"COG4717",9,43,52,74,58,122,11,74,48,30,81,87,46,28,41,119,12,75,22,26,51,20,35,40,14,64,7,54,136,42,155,32,29,20,20,100,35,124,20,88,25,24,22,18,42,13,63,76,47,65,38,64,67,104,43,70,57,91,36,22
"COG4718",1,134,0,0,0,4,3,0,0,0,1,86,1,0,0,7,6,0,2,1,0,0,0,0,2,1,4,17,0,0,0,2,17,0,1,0,0,0,0,0,1,2,0,79,0,15,0,0,0,0,13,2,0,0,0,0,0,11,0,8
"COG4720",99,26,66,36,78,163,2,53,39,45,34,30,42,51,52,117,13,53,16,78,25,8,33,35,10,25,10,63,75,16,55,38,14,24,32,69,18,101,34,58,58,9,29,48,69,11,43,62,32,54,9,217,48,36,50,66,73,54,23,15
"COG4721",12,34,0,0,23,73,3,2,0,0,0,0,2,0,0,253,0,30,8,1,0,1,5,1,0,1,0,0,5,1,1,5,2,10,3,0,1,3,4,0,29,4,10,3,1,0,0,3,0,4,10,13,2,0,0,0,102,0,8,0
"COG4722",7,6,5,1,13,1,0,1,7,9,2,11,12,9,0,26,0,13,1,2,3,0,0,3,1,0,0,3,4,1,1,0,4,0,1,5,0,15,5,0,4,5,2,6,2,1,4,0,3,1,11,2,0,5,0,1,8,16,0,0
"COG4723",4,214,0,0,0,4,8,0,5,0,0,111,0,0,0,15,2,0,0,1,0,0,0,0,4,0,2,11,0,2,1,0,18,1,0,0,0,3,0,2,1,3,0,49,1,10,5,1,0,2,8,0,1,0,0,1,2,30,0,3
"COG4724",42,4,21,56,25,0,4,499,26,14,51,0,1,38,30,105,8,33,26,19,25,1,3,154,4,2,38,2,62,1,252,11,70,43,31,3,278,1,77,37,65,5,65,18,0,15,880,97,19,32,12,26,13,165,42,51,4,40,16,22
"COG4725",30,61,63,55,40,19,3,73,51,58,35,38,78,37,53,19,22,67,53,19,43,16,14,34,21,8,14,43,64,4,54,63,11,15,15,70,7,62,1408,68,44,26,33,43,38,14,17,92,54,12,8,24,33,30,74,34,37,98,28,11
"COG4728",29,16,48,27,13,19,30,49,29,43,36,8,39,16,86,5,40,50,24,19,46,96,112,32,26,11,60,36,63,20,54,22,13,49,32,46,47,45,18,23,27,54,15,36,41,12,25,47,46,98,7,16,54,81,25,44,54,45,13,103
"COG4729",1,0,3,1,1,0,0,0,1,1,1,6,0,1,0,0,1,1,1,0,1,0,1,0,0,0,0,0,3,1,2,4,1,1,2,0,0,1,2,0,3,3,2,1,0,1,1,0,0,1,1,0,2,1,6,1,0,0,0,0
"COG4731",0,1,0,0,0,0,3,0,0,0,3,0,1,0,0,0,0,0,0,0,0,0,0,2,0,0,0,0,0,0,1,0,0,0,0,0,0,0,4,0,0,0,0,1,0,0,0,0,0,0,0,0,0,0,0,0,0,0,0,0
"COG4732",22,2,39,28,31,47,7,27,31,35,21,38,58,28,45,21,28,31,26,30,39,12,32,20,22,39,9,26,62,9,48,30,13,29,25,38,19,61,7,16,33,7,30,34,81,20,27,23,30,29,17,41,34,39,36,43,38,24,19,24
"COG4733",24,986,0,1,2,18,17,9,41,46,7,436,14,2,0,66,26,0,0,36,8,2,0,6,7,6,15,70,2,4,2,5,72,5,10,0,0,3,4,1,10,13,0,273,14,62,21,4,6,1,115,9,1,2,7,4,12,156,39,42
"COG4734",73,43,19,22,55,27,27,35,69,50,14,23,31,50,38,12,62,13,60,77,94,21,15,60,100,34,9,151,32,35,50,25,37,16,33,44,27,92,63,21,16,36,39,48,57,28,24,48,78,9,38,29,17,12,37,20,36,32,82,16
"COG4735",5,53,3,0,0,2,4,5,33,11,51,59,0,13,0,6,11,8,25,7,22,2,3,0,2,5,2,36,2,11,6,16,19,15,6,0,0,2,46,15,53,16,11,26,2,8,0,13,7,0,7,0,1,4,28,2,1,13,10,11
"COG4737",5,0,0,0,0,1,0,0,1,0,2,4,0,0,0,14,4,0,1,0,0,0,0,0,1,0,1,2,0,1,0,0,3,2,4,0,0,0,0,0,1,0,0,0,0,16,1,0,0,1,17,1,0,0,0,0,0,1,3,0
"COG4739",6,9,43,65,70,2,37,19,44,24,4,0,46,83,63,6,86,32,29,50,57,25,2,32,113,64,4,31,17,76,31,80,52,41,47,44,5,31,48,63,71,76,82,82,65,91,45,26,59,6,42,0,48,13,52,49,5,18,68,35
"COG4744",4,18,9,28,37,3,54,12,37,22,30,0,20,27,21,6,51,5,29,31,39,64,37,23,62,13,33,25,20,29,13,62,23,43,35,7,55,15,25,27,21,27,32,26,19,50,33,14,33,43,36,0,17,27,51,12,1,12,13,36
"COG4747",88,48,70,85,121,30,51,49,77,44,24,21,77,122,103,22,101,55,69,78,88,46,21,58,153,99,10,82,43,120,42,116,77,65,76,95,11,60,78,91,111,108,110,67,70,105,59,68,87,19,54,50,97,43,80,75,8,73,102,40
"COG4748",0,3,16,15,2,2,7,11,41,23,8,0,13,60,4,6,46,20,52,0,6,12,5,4,16,5,2,12,26,13,0,8,67,2,26,9,1,10,7,62,12,49,8,33,21,2,35,17,39,10,96,12,25,2,24,2,0,10,1,2
"COG4750",63,120,117,173,73,248,19,86,31,163,48,65,166,106,150,23,98,85,67,26,92,30,53,145,74,52,28,85,156,58,50,93,47,53,67,43,259,180,37,69,103,74,50,122,163,78,57,115,104,90,69,143,89,33,79,104,293,42,41,87
"COG4752",2,2,1,3,3,0,3,0,8,5,7,0,2,7,0,2,7,12,11,5,4,1,4,7,5,8,2,1,2,1,6,6,5,11,3,1,1,1,3,1,4,8,18,9,5,0,7,0,0,6,13,11,2,7,2,2,0,3,7,3
"COG4753",3134,785,1597,2294,1824,1661,870,1251,1013,1622,665,1269,1743,1782,2231,960,1634,1057,1415,1679,1790,804,686,1295,2000,1920,589,1337,1939,2098,1444,1437,1260,1502,1413,976,511,1598,2095,1736,1303,2999,1273,1590,1656,2534,1546,1621,1745,621,2798,1707,1871,861,1873,1520,796,1384,1140,677
"COG4757",0,0,0,0,0,0,0,0,1,0,0,0,0,0,0,0,0,0,0,0,0,0,0,0,0,0,0,0,0,0,0,1,2,0,0,0,0,0,1,0,0,0,0,0,0,0,0,0,0,0,0,0,0,0,1,0,0,0,15,1
"COG4758",1,2,1,0,0,1,0,2,0,0,0,0,0,0,0,3,0,1,0,0,0,0,0,0,0,0,0,0,1,0,0,0,0,0,0,0,0,1,6,0,1,0,0,0,0,0,6,0,0,2,1,71,0,0,0,1,1,0,0,0
"COG4760",49,0,0,0,0,0,3,14,0,0,47,0,1,0,0,0,0,3,0,0,0,31,9,0,0,0,0,0,7,0,6,0,9,0,0,6,0,0,2,5,0,0,12,0,0,2,8,4,0,3,0,0,2,0,7,0,79,0,0,22
"COG4763",4,36,2,0,0,7,3,1,16,7,2,41,0,6,0,6,11,2,17,2,25,2,1,0,1,0,4,10,0,6,0,0,29,2,12,2,7,4,7,1,0,3,7,5,1,2,1,0,3,0,4,5,0,2,0,4,0,11,0,2
"COG4766",5,38,0,0,1,0,5,1,9,1,1,51,1,1,0,7,6,1,1,2,2,0,1,0,4,1,2,5,2,0,1,3,8,2,2,0,1,0,3,1,4,3,4,5,4,10,5,1,0,0,5,0,0,0,2,0,3,14,22,6
"COG4767",227,31,89,74,97,207,9,159,59,91,69,91,150,56,154,125,16,68,77,41,62,34,50,99,13,35,39,57,127,17,57,28,17,22,22,74,18,101,18,61,53,50,33,52,23,9,13,65,67,38,20,87,43,69,55,80,27,62,18,12
"COG4768",0,1,0,0,0,21,0,0,0,0,0,0,0,0,1,19,0,0,0,0,0,0,0,0,0,0,0,0,0,0,0,0,0,0,0,0,0,2,5,0,0,0,0,0,0,0,3,0,0,0,0,48,0,0,0,0,1,0,0,0
"COG4769",41,15,73,31,56,77,11,56,50,60,20,31,74,41,57,22,42,59,35,58,53,44,30,52,29,44,11,60,97,14,64,55,29,26,19,78,21,83,19,62,38,24,57,48,58,21,30,69,62,33,37,28,63,57,43,78,88,53,33,22
"COG4770",15,47,25,5,49,88,0,3,0,9,3,0,14,0,0,410,0,34,1,36,0,0,5,0,3,0,0,1,10,3,2,0,3,17,0,2,19,4,0,0,36,0,1,14,0,0,1,1,1,8,3,13,8,1,4,19,174,6,1,2
"COG4771",57,679,373,902,763,71,578,590,689,341,288,119,656,695,714,182,867,341,671,700,729,826,313,692,1220,792,457,490,242,988,489,972,587,775,703,275,409,302,733,617,588,807,741,681,493,1174,871,287,620,359,820,148,413,387,867,418,486,404,786,525
"COG4772",5,20,0,1,7,0,3,0,2,0,0,0,36,0,1,6,2,0,4,3,7,1,0,1,21,3,4,0,2,0,0,1,16,5,9,0,0,3,4,4,5,16,0,20,8,9,6,0,3,4,8,0,0,0,4,0,0,1,96,1
"COG4773",10,65,0,3,0,4,9,0,6,0,0,114,1,0,0,14,9,0,2,0,1,0,1,0,3,0,5,26,0,1,1,2,5,1,9,1,1,2,1,0,4,2,0,6,3,14,0,0,1,1,7,2,0,0,0,0,0,23,0,2
"COG4774",10,44,0,0,0,1,6,0,2,0,2,84,1,0,0,4,4,0,1,4,0,0,0,0,1,3,6,26,0,2,1,0,19,1,4,0,0,3,2,1,10,4,0,16,5,18,3,0,2,0,11,1,1,0,0,3,1,15,41,13
"COG4775",44,335,242,293,291,32,603,283,314,284,589,244,160,348,175,58,381,322,399,316,254,565,536,356,351,265,735,263,91,394,166,326,393,523,365,235,582,119,343,265,293,233,298,238,151,338,377,179,243,470,285,63,252,314,273,221,175,145,403,506
"COG4776",2,12,1,0,0,11,2,2,0,0,126,16,0,0,0,1,1,0,0,3,1,0,0,0,0,7,1,24,0,1,0,1,3,2,2,0,4,5,2,0,0,0,0,0,1,2,0,0,1,2,1,22,1,0,1,18,0,5,34,54
"COG4778",10,34,1,3,0,2,6,2,19,4,2,64,0,4,1,4,14,0,6,9,4,1,1,5,10,3,0,14,0,1,9,7,11,1,1,0,1,1,3,1,0,4,6,15,11,7,1,1,8,0,11,11,0,1,5,0,2,12,23,7
"COG4779",6,53,0,0,0,3,7,0,0,0,0,82,2,0,1,7,4,0,0,4,1,1,0,0,2,2,2,19,0,2,0,2,8,0,2,0,0,0,0,0,2,4,0,5,0,6,1,0,1,0,5,3,0,0,0,1,0,13,26,11
"COG4781",0,0,0,0,0,71,0,0,0,0,0,0,1,0,0,28,0,0,12,0,0,0,0,0,0,0,0,0,0,1,0,0,0,0,0,0,0,0,4,0,1,0,0,0,0,0,0,0,0,0,3,56,0,0,0,0,0,0,0,0
"COG4783",21,94,9,6,14,6,20,7,39,24,97,123,3,11,0,15,14,27,8,13,11,50,35,7,19,25,4,36,34,17,10,22,43,1,8,23,10,13,15,12,31,9,14,29,18,18,53,5,5,22,15,30,16,15,31,16,164,11,34,37
"COG4784",0,27,14,71,49,8,13,6,16,19,6,0,32,13,8,1,64,61,37,32,28,14,0,5,37,2,4,21,0,45,16,23,67,15,18,35,12,6,11,24,27,16,14,37,3,22,27,29,23,2,15,0,7,5,46,49,0,5,4,13
"COG4785",2,11,0,0,0,5,3,5,3,0,61,26,0,1,0,3,1,0,0,2,0,1,1,1,1,5,2,12,0,0,0,3,8,1,0,0,6,4,1,0,2,0,0,1,0,1,0,0,0,5,1,5,1,0,0,10,0,3,41,21
"COG4786",15,62,128,80,44,82,11,81,45,80,82,117,150,57,75,5,10,61,54,54,75,29,43,101,14,39,9,95,199,10,197,31,18,48,58,72,37,67,37,105,30,132,52,78,23,34,61,45,83,47,54,14,145,56,94,195,9,38,23,55
"COG4787",3,43,0,1,0,5,2,0,1,0,31,49,2,1,0,1,6,0,0,1,0,0,0,0,2,1,2,10,1,1,1,0,0,0,1,0,0,1,0,0,3,2,0,2,3,5,0,0,0,0,5,3,1,0,0,0,0,4,0,24
"COG4789",8,0,2,3,0,1,1,0,6,1,1,208,0,2,0,29,18,0,2,0,1,0,0,0,0,2,4,2,2,11,1,7,4,0,1,0,0,0,4,3,5,1,5,1,6,32,20,2,1,0,26,0,0,0,0,0,0,1,2,12
"COG4790",4,0,2,1,0,0,4,0,5,2,1,80,0,1,0,10,2,0,2,0,2,1,0,0,2,0,5,2,0,9,1,2,1,0,2,0,0,0,2,1,3,1,2,2,3,8,17,1,0,0,11,0,0,0,1,0,0,0,1,4
"COG4791",8,23,0,0,0,1,6,0,0,1,1,78,0,1,0,8,4,0,2,2,1,0,0,0,2,0,1,1,0,1,0,1,0,0,1,1,0,0,1,1,4,0,1,0,1,4,10,0,1,0,9,1,0,1,1,0,0,0,0,1
"COG4792",0,0,0,0,0,0,0,0,3,0,0,0,0,4,0,0,0,0,3,0,2,1,0,0,2,0,0,2,0,2,0,2,1,0,0,1,0,0,0,2,1,0,4,0,0,1,13,1,0,0,0,0,0,0,0,0,0,2,0,1
"COG4794",4,0,0,1,0,0,1,0,1,0,0,25,0,0,0,2,2,0,1,0,1,0,0,0,1,1,2,1,0,1,0,1,0,0,1,0,0,0,0,0,3,0,2,0,0,3,5,0,0,0,4,0,0,0,0,0,0,0,0,0
"COG4795",17,98,0,1,0,10,4,0,5,0,0,118,9,0,0,9,8,0,1,6,2,2,0,1,7,2,5,37,1,2,0,0,21,1,6,0,1,5,1,3,3,3,0,17,2,6,0,0,3,0,10,8,1,0,2,9,2,11,18,15
"COG4796",11,99,8,2,9,9,21,9,29,14,10,116,6,4,0,18,11,6,9,9,1,21,23,7,13,24,7,32,18,3,24,33,79,2,16,17,3,23,65,7,33,7,14,25,20,10,30,2,11,16,14,26,4,14,23,14,100,26,43,11
"COG4797",0,0,0,0,0,0,0,0,0,0,0,0,0,0,0,4,0,0,0,0,0,0,0,0,0,0,0,0,0,0,0,0,1,0,0,0,0,5,0,0,0,0,0,0,0,0,14,0,0,0,3,21,0,0,0,2,1,0,0,0
"COG4799",218,195,393,470,464,223,583,342,536,327,231,114,490,417,514,249,557,444,503,452,425,357,349,415,576,555,348,341,415,499,206,301,186,150,210,186,180,169,213,208,271,257,308,217,226,214,220,187,225,197,204,46,208,167,226,213,142,145,185,192
"COG4803",1,4,0,1,0,0,1,0,3,0,0,0,0,1,0,1,0,1,3,0,1,0,1,2,2,0,0,1,0,0,1,1,1,0,2,1,0,1,1,0,2,0,0,1,0,1,1,0,0,1,0,1,0,1,1,0,1,0,1,0
"COG4804",277,189,389,395,499,147,955,885,466,498,764,176,460,348,474,97,667,263,531,447,395,1789,880,406,473,404,1173,326,285,305,223,441,493,1235,422,452,821,304,537,311,315,408,411,443,349,598,355,339,410,909,480,98,451,616,279,432,83,296,295,542
"COG4805",252,25,118,90,45,232,13,68,73,103,39,95,193,65,158,62,17,112,72,71,98,36,61,107,18,72,13,110,232,61,125,68,42,51,61,76,63,214,44,89,36,234,52,89,60,28,52,105,86,63,57,185,145,108,84,159,86,96,47,32
"COG4806",26,108,70,146,196,76,114,69,156,82,57,141,120,144,168,64,202,177,145,129,154,128,118,159,192,193,199,126,144,195,66,219,246,192,89,140,36,99,156,127,183,121,157,147,132,235,125,96,152,24,154,32,172,88,137,146,7,91,189,167
"COG4807",5,13,0,1,0,2,2,0,2,0,0,24,0,0,0,6,2,0,3,0,0,0,0,0,0,0,1,8,0,0,1,0,7,3,0,0,0,0,5,0,0,0,10,0,0,4,0,0,0,0,15,5,0,0,2,0,0,1,17,2
"COG4808",4,34,0,0,0,0,2,0,1,0,0,39,0,1,0,6,7,0,1,1,0,0,1,0,0,0,2,10,1,1,0,0,3,1,2,0,1,1,1,0,1,0,0,7,1,4,0,0,0,0,10,35,0,0,0,2,0,0,0,2
"COG4809",1,1,8,0,0,0,0,0,0,5,0,0,3,0,0,0,0,0,3,0,1,1,0,0,1,0,0,0,0,0,1,2,0,0,1,0,1,2,0,0,0,0,0,1,0,1,0,0,2,0,0,0,0,0,17,1,0,0,1,0
"COG4810",97,21,6,8,3,50,11,7,13,5,6,38,28,2,21,31,4,2,6,9,10,9,11,12,4,16,3,16,27,6,3,10,13,14,5,5,3,22,3,4,9,12,23,12,27,11,13,8,4,11,19,68,1,5,9,7,5,13,26,8
"COG4811",1,18,0,0,0,1,1,1,1,0,0,22,0,0,0,1,1,0,0,0,0,0,0,0,1,0,1,4,2,0,0,1,10,0,0,0,0,3,0,0,4,1,0,3,2,9,0,0,0,0,8,4,0,2,0,0,0,3,10,2
"COG4812",5,12,7,4,2,2,6,2,8,6,0,25,1,1,4,4,2,2,3,0,4,1,1,0,3,0,0,8,1,1,0,6,10,3,5,1,0,0,2,2,3,8,1,5,7,1,6,19,1,3,4,1,0,2,3,7,2,5,8,2
"COG4813",3,0,2,0,4,26,0,1,3,1,7,0,2,3,5,0,0,4,2,3,4,1,1,1,1,0,1,4,8,0,1,6,0,0,1,5,0,17,4,0,2,0,1,4,2,0,0,5,1,1,0,26,4,3,2,1,0,16,2,0
"COG4814",0,5,0,0,0,137,0,0,0,0,0,0,0,1,0,53,0,0,0,0,0,0,0,1,0,0,0,0,0,0,0,0,0,0,0,0,0,7,2,0,1,0,0,4,0,0,11,0,1,1,0,188,0,0,0,0,1,0,0,0
"COG4816",88,8,21,6,8,52,9,5,18,16,5,63,22,7,12,32,3,5,2,5,7,5,9,6,8,8,0,30,19,9,9,12,24,17,18,9,3,21,2,6,6,17,36,17,22,3,24,23,3,12,35,56,6,8,20,8,4,29,59,11
"COG4819",6,18,1,4,9,5,4,2,8,10,1,43,5,0,1,5,3,3,3,3,4,0,3,1,2,2,2,14,2,0,6,7,14,3,7,1,3,4,1,1,5,7,6,9,15,17,7,12,7,7,9,6,13,8,8,5,1,26,35,11
"COG4820",62,47,3,2,3,7,4,4,15,7,2,63,11,4,7,26,7,2,2,3,5,2,5,5,4,9,1,15,14,3,5,6,8,18,11,4,1,7,4,3,5,7,18,11,15,12,20,2,5,5,41,34,3,3,6,5,2,22,23,7
"COG4821",18,17,7,22,35,3,0,7,15,2,5,3,1,15,6,12,6,27,16,8,15,0,0,3,15,1,0,11,6,2,20,12,0,1,14,6,1,7,11,15,18,14,19,15,11,15,6,7,6,3,9,0,4,6,29,3,3,24,2,1
"COG4822",85,43,147,152,191,169,101,113,173,115,56,35,187,188,180,70,229,116,145,172,196,118,99,117,231,249,23,150,279,152,202,245,81,206,141,80,63,202,163,164,138,171,190,242,243,242,140,146,182,65,94,133,119,66,182,149,122,94,137,93
"COG4823",223,41,95,92,106,199,228,506,229,156,465,24,89,85,181,61,109,131,92,51,184,326,304,339,112,225,400,56,38,178,137,68,168,170,347,161,567,145,114,117,104,63,70,134,177,209,275,94,79,254,64,87,95,202,295,112,2,89,74,335
"COG4824",49,7,31,2,42,21,16,21,13,18,12,13,10,47,6,12,7,15,11,4,14,22,16,29,12,7,5,12,21,0,19,14,44,7,13,80,8,24,24,15,9,2,9,12,13,5,15,27,62,11,49,34,8,23,18,5,33,92,8,5
"COG4825",0,0,0,0,0,17,0,0,0,0,0,0,1,0,0,0,0,0,0,0,0,1,0,0,0,0,0,0,1,0,0,0,0,0,0,0,0,0,0,0,0,0,0,1,0,0,0,0,0,0,0,0,0,0,0,1,0,0,0,0
"COG4826",158,40,58,66,45,60,74,202,56,49,136,42,27,20,82,69,8,55,40,48,24,94,123,154,17,4,165,48,78,43,64,37,24,180,80,55,142,110,67,23,43,18,43,24,28,18,131,56,28,74,30,39,48,135,68,60,18,105,11,122
"COG4828",4,11,6,22,14,2,11,1,22,9,0,0,26,18,38,7,36,0,15,23,39,12,1,28,22,24,0,24,9,53,2,9,2,7,3,0,1,6,13,11,8,10,2,4,7,25,10,1,6,1,20,0,5,0,13,5,1,4,12,3
"COG4829",0,0,0,0,0,1,0,1,1,0,1,0,0,0,0,0,0,0,0,0,0,0,0,0,0,0,0,3,1,0,0,0,0,0,0,0,0,0,0,0,0,0,0,0,0,0,0,0,0,0,0,1,0,0,0,0,0,0,13,0
"COG4832",65,39,64,30,54,82,2,32,43,47,22,43,17,16,46,19,13,60,18,10,23,7,22,12,38,3,11,48,11,3,67,23,9,12,21,45,11,42,13,46,26,25,18,21,57,4,16,54,32,18,18,43,46,33,28,33,25,42,17,9
"COG4833",1,86,92,373,270,52,75,38,202,101,17,7,71,132,388,22,306,199,142,168,294,23,16,154,203,53,11,99,83,399,196,290,320,39,197,216,20,77,203,189,204,707,251,181,154,521,160,167,129,17,973,3,104,117,218,194,5,93,117,34
"COG4834",1,7,13,0,18,0,4,6,17,11,1,1,3,0,4,0,6,1,2,4,2,1,1,4,0,8,2,9,1,1,5,5,20,1,10,1,1,2,6,4,4,1,5,0,1,7,21,5,5,8,0,3,12,4,0,1,3,5,2,15
"COG4835",1,0,0,0,0,20,0,0,0,0,0,0,0,0,0,10,0,0,0,0,0,0,1,1,0,0,0,0,0,1,0,0,0,1,0,0,0,1,3,0,0,0,0,0,0,0,2,0,0,3,0,34,0,0,0,1,0,0,0,0
"COG4839",1,0,0,0,0,2,0,3,0,0,1,0,0,0,0,1,0,0,0,0,0,0,0,0,0,0,0,0,0,0,0,0,0,0,1,1,0,3,5,0,1,0,0,0,0,0,1,0,0,0,1,36,0,4,0,0,2,1,0,0
"COG4842",1,2,7,0,0,0,0,3,1,0,1,5,6,1,25,1,0,10,1,0,1,2,1,16,0,7,0,3,1,0,4,1,6,0,4,35,0,10,2,0,4,0,0,1,0,0,0,0,6,27,2,9,0,19,2,10,0,4,0,0
"COG4843",0,1,2,0,0,0,0,0,0,0,1,1,0,0,0,0,0,0,0,0,0,0,0,1,0,0,0,0,0,0,0,0,0,0,0,16,0,1,0,0,0,0,0,0,0,0,0,3,0,0,0,0,0,7,0,0,0,21,0,0
"COG4845",9,80,79,125,166,49,163,54,168,155,100,53,62,216,72,19,163,103,134,98,159,53,32,51,108,113,69,82,38,113,76,176,130,71,154,111,25,72,199,84,134,83,149,129,159,140,107,84,103,23,128,19,144,56,175,62,68,117,215,155
"COG4849",0,0,3,28,0,0,0,138,0,0,26,0,0,0,0,0,0,0,1,0,0,0,2,25,0,0,268,0,0,0,0,0,0,0,0,0,50,3,6,0,0,1,0,0,0,2,1,11,4,0,0,0,0,0,3,0,0,0,0,0
"COG4850",13,40,0,0,16,77,0,0,0,0,0,0,3,0,0,240,0,15,0,0,0,0,2,0,0,0,0,0,7,2,0,0,0,0,0,0,0,4,0,0,13,0,0,5,0,0,0,3,0,2,3,11,0,0,0,0,120,0,1,0
"COG4851",23,1,1,1,0,55,0,0,0,0,3,2,2,0,2,31,1,4,0,0,3,0,0,2,0,0,0,0,5,1,0,0,0,1,8,2,2,3,2,2,0,1,0,2,2,0,3,2,0,0,5,45,0,1,2,1,1,3,4,1
"COG4853",0,0,0,0,0,1,0,0,0,0,0,0,0,0,0,32,0,0,0,0,0,0,0,0,0,0,0,0,0,0,0,0,0,0,0,0,0,0,0,0,0,0,0,0,0,0,4,0,0,0,0,38,0,0,0,0,0,0,0,0
"COG4856",123,31,160,93,120,231,19,131,109,146,63,37,215,94,142,73,87,116,69,87,101,69,91,115,93,148,18,131,253,15,173,107,62,46,87,158,62,220,60,96,97,30,98,142,190,51,70,162,109,79,40,217,112,185,117,117,185,140,44,57
"COG4857",10,1,2,4,9,6,8,3,12,32,2,44,9,3,7,16,2,3,9,3,2,1,8,3,12,2,0,0,8,1,8,3,26,8,9,10,0,7,10,3,0,7,9,7,13,3,11,12,2,4,40,53,0,1,5,1,2,7,27,2
"COG4858",1,4,0,0,0,44,0,1,0,0,0,0,0,0,1,21,0,0,0,0,0,0,0,3,0,1,0,0,0,0,0,0,0,0,0,0,0,5,8,0,2,0,0,0,1,1,2,0,1,0,2,121,0,1,0,1,4,0,0,0
"COG4859",8,3,3,18,10,1,12,13,20,6,14,0,12,6,3,1,3,6,16,4,18,1,7,9,7,5,5,5,18,2,13,7,3,6,4,9,6,11,6,12,16,0,5,23,26,13,4,6,6,17,1,3,15,1,18,16,5,2,3,3
"COG4861",0,2,2,31,0,0,0,94,7,0,30,0,0,0,0,0,0,1,17,0,0,0,0,25,0,0,349,0,0,0,0,8,1,0,0,0,30,4,7,0,0,5,1,0,0,4,2,0,4,0,0,0,0,0,15,0,0,0,8,0
"COG4862",94,12,60,26,28,125,5,47,31,46,15,56,100,32,66,40,4,46,15,13,32,16,34,48,8,20,5,35,124,6,79,30,19,36,25,83,27,101,21,59,19,23,23,41,30,15,32,59,36,46,30,195,59,70,31,70,20,47,18,17
"COG4864",12,63,73,90,115,31,84,49,117,64,22,0,79,156,101,19,161,66,166,118,117,97,34,87,161,137,8,89,64,175,73,127,107,110,116,83,34,59,164,126,129,81,149,151,92,176,144,66,152,18,105,14,98,29,107,94,116,78,99,78
"COG4865",18,0,0,0,0,1,14,3,13,2,0,0,4,1,0,11,3,2,18,4,2,0,1,0,1,0,2,2,2,3,1,2,8,13,0,6,0,0,3,1,6,2,55,0,1,9,1,3,0,0,54,10,2,2,0,0,0,13,10,2
"COG4866",192,96,111,183,198,99,92,130,179,142,58,67,183,201,213,69,216,210,188,210,203,100,46,141,241,192,44,118,163,210,124,186,224,127,156,187,74,148,206,180,189,174,187,161,129,180,125,162,177,55,189,41,200,113,179,203,130,153,172,82
"COG4868",124,65,225,110,75,190,267,200,138,234,226,81,171,75,81,158,52,132,109,151,130,165,319,227,66,103,325,141,170,18,225,99,69,168,150,76,332,154,54,117,88,88,99,100,141,32,134,195,82,313,55,228,117,298,89,126,69,168,69,280
"COG4869",167,12,39,12,38,58,5,30,36,37,20,78,36,31,42,43,15,33,12,42,10,7,12,30,22,20,16,47,35,8,21,37,18,44,11,51,31,43,32,25,19,28,59,29,58,15,27,44,30,15,60,80,22,37,26,34,25,70,52,26
"COG4870",422,28,153,67,178,105,10,165,44,204,72,46,111,178,176,29,27,102,46,61,63,24,51,94,35,46,36,51,281,34,185,43,21,35,61,244,160,277,21,127,38,22,96,135,45,32,65,66,174,66,14,61,131,64,56,174,72,120,21,29
"COG4871",0,0,0,0,0,6,0,0,0,0,0,0,0,0,0,0,0,0,0,0,1,2,0,1,0,0,0,0,0,0,0,0,0,0,0,0,0,0,0,0,0,0,0,0,0,0,0,0,0,0,0,0,0,0,0,0,0,0,0,0
"COG4874",7,0,7,23,19,1,37,2,8,2,0,1,34,12,30,3,26,0,5,23,23,26,1,13,30,26,0,18,17,35,2,9,13,19,10,1,3,11,12,17,6,16,26,14,22,26,13,1,17,1,33,1,6,1,7,10,3,3,11,10
"COG4877",0,1,8,10,10,20,0,4,6,6,1,0,18,5,6,2,13,8,10,6,21,2,12,12,16,17,1,7,4,0,19,6,2,2,8,8,3,14,1,10,4,3,2,11,23,1,2,15,11,4,0,12,13,4,5,9,10,9,4,2
"COG4878",137,21,9,27,10,27,0,27,10,5,1,0,10,1,16,104,2,16,4,0,12,9,7,6,21,6,1,9,6,12,10,12,10,22,23,29,7,95,10,10,41,12,8,24,181,1,14,18,6,17,49,110,24,21,21,50,160,5,7,11
"COG4880",5,16,36,29,20,67,1,38,20,41,31,32,22,39,86,43,3,46,7,98,20,5,22,15,7,10,8,23,117,7,34,28,24,24,14,83,10,28,26,32,15,12,7,17,47,4,5,61,11,43,8,44,63,26,28,40,10,95,9,3
"COG4884",0,55,1,3,0,0,5,0,4,0,0,0,2,2,8,0,1,0,2,1,6,0,0,0,4,2,1,9,0,2,3,0,1,2,1,0,1,0,2,2,1,4,6,7,0,4,14,2,5,0,49,0,1,1,0,0,2,0,5,0
"COG4886",253,221,270,300,208,175,359,160,309,397,421,203,250,215,196,114,249,276,361,315,214,53,214,402,233,145,690,196,84,325,217,246,269,221,172,437,100,205,401,315,218,154,216,245,147,531,227,382,409,381,324,129,309,351,207,242,39,412,171,472
"COG4887",9,1,21,16,26,14,27,32,23,24,4,4,42,53,45,4,56,54,55,67,32,62,35,25,32,46,6,20,40,71,17,43,56,48,28,66,11,26,37,19,42,18,37,19,27,39,51,32,26,49,29,4,54,8,21,70,89,7,60,24
"COG4889",152,9,87,11,101,17,78,75,140,31,102,0,23,37,15,2,91,4,38,6,17,669,8,5,37,42,7,0,5,97,14,27,50,31,78,76,3,9,62,18,93,18,14,2,25,96,82,17,129,14,0,0,65,14,61,53,15,21,69,38
"COG4890",2,3,0,0,0,1,1,1,0,0,0,11,0,0,0,1,2,0,0,1,0,0,0,0,0,0,0,1,0,0,0,0,0,0,1,0,0,1,0,0,0,0,0,1,1,2,0,0,0,0,3,0,0,0,0,0,0,0,4,0
"COG4892",0,0,0,0,1,7,0,0,0,0,0,0,0,0,0,6,0,0,0,6,0,0,0,0,0,0,0,0,1,0,0,0,0,0,0,1,0,0,0,0,0,0,0,0,0,0,0,0,0,0,0,8,0,0,0,0,0,0,0,0
"COG4894",68,11,47,39,47,20,5,29,31,48,17,12,11,38,30,10,27,23,14,38,45,13,21,28,12,7,10,39,60,5,43,28,11,13,23,44,15,53,17,37,46,32,14,13,28,21,14,66,39,21,8,48,61,52,24,25,20,35,19,14
"COG4895",0,0,0,0,0,0,0,0,1,0,1,0,0,0,0,0,0,0,0,0,0,0,0,0,0,0,0,0,0,0,0,0,0,0,1,0,0,0,0,0,0,0,2,0,0,0,1,0,0,0,0,8,0,0,0,0,1,1,0,0
"COG4898",1,2,2,2,1,6,1,2,8,1,0,0,7,3,0,9,3,17,0,0,1,2,0,0,0,0,3,0,0,1,2,1,0,0,0,1,1,6,7,0,5,4,1,0,2,1,2,0,3,0,3,0,2,0,0,4,0,2,2,0
"COG4903",2,0,1,0,0,0,0,8,0,0,1,0,0,0,0,0,0,0,0,0,0,0,0,3,0,0,0,0,0,0,15,0,0,0,0,4,0,4,0,0,0,0,0,0,0,0,0,9,0,0,0,0,0,15,0,0,0,6,0,0
"COG4905",181,180,225,201,269,510,25,234,125,242,128,137,324,143,204,700,114,212,109,127,181,66,108,172,63,185,22,219,218,52,288,134,52,63,125,340,80,357,56,198,179,165,118,189,272,43,59,350,161,136,86,159,264,302,147,211,434,343,78,71
"COG4907",1,44,1,1,1,61,23,2,0,1,2,0,2,0,1,24,1,18,20,0,2,1,7,0,0,2,0,0,1,0,1,4,11,18,3,32,0,3,0,2,26,2,50,1,0,2,3,21,0,2,38,101,5,12,1,0,1,41,19,2
"COG4908",3,3,0,0,0,1,0,0,1,0,2,6,0,0,4,1,0,0,0,0,0,0,0,0,1,0,0,0,0,0,0,0,0,0,0,0,0,0,8,0,0,0,0,0,1,0,1,0,0,0,0,0,0,0,0,0,0,9,0,0
"COG4909",19,2,3,1,7,14,17,5,14,8,7,43,11,1,7,53,2,2,0,5,2,5,2,1,4,23,0,18,32,7,3,21,26,36,8,3,0,14,12,2,5,17,62,3,10,0,36,7,2,7,56,46,0,2,8,3,7,3,145,19
"COG4910",2,0,1,0,1,1,3,1,4,1,2,8,3,0,1,12,1,3,0,1,0,1,0,1,0,3,0,7,5,0,0,4,3,7,0,1,0,2,3,0,2,6,14,2,7,1,5,0,0,2,17,14,0,1,1,0,4,0,35,4
"COG4912",114,44,143,131,135,117,75,202,130,145,140,42,126,177,166,62,203,113,136,131,152,133,120,155,127,128,121,100,138,164,134,131,123,147,130,113,138,144,118,119,105,75,139,127,97,168,141,112,142,81,132,123,129,158,115,149,36,111,87,157
"COG4913",6,31,34,50,20,169,56,37,45,13,18,12,96,114,37,216,61,56,58,32,51,63,39,30,38,146,6,32,35,6,124,130,43,63,68,108,39,170,24,134,82,20,110,110,396,6,262,116,95,31,70,56,91,36,89,81,421,60,42,49
"COG4916",1,1,26,0,0,0,0,1,2,0,0,0,0,0,37,0,2,4,0,11,2,1,1,0,0,0,2,0,0,0,0,0,1,0,0,15,0,0,0,0,0,0,0,0,0,24,2,0,0,0,0,0,0,0,21,0,0,5,0,0
"COG4917",78,45,6,5,6,42,11,11,14,13,4,94,10,11,14,22,5,8,5,7,7,4,11,5,6,13,7,37,15,12,8,13,13,19,13,6,5,22,8,3,9,5,30,22,20,17,16,7,7,8,16,35,3,6,6,10,6,23,39,11
"COG4922",0,0,5,0,1,0,0,1,1,4,1,1,3,2,0,0,0,12,1,0,3,3,1,0,1,2,1,3,1,1,0,5,0,0,2,9,0,1,3,11,6,20,2,4,5,0,3,0,6,1,1,15,0,2,0,1,3,2,0,0
"COG4924",7,34,4,6,7,40,24,3,8,0,86,0,2,13,2,172,3,17,10,1,1,21,3,7,0,38,0,0,2,2,38,18,11,22,7,7,0,4,1,18,11,8,17,21,13,1,76,17,0,2,14,3,3,3,14,5,58,3,2,18
"COG4925",6,14,5,21,25,2,6,4,28,13,32,4,3,19,7,0,5,6,19,22,17,4,5,17,6,13,3,14,7,40,11,17,12,9,28,4,2,4,19,22,12,26,17,17,19,39,32,3,5,5,45,0,19,6,43,4,21,13,41,10
"COG4926",37,9,6,2,4,2,0,18,3,38,4,37,16,3,6,14,0,7,3,2,4,3,1,3,3,0,0,4,7,1,3,7,0,5,4,67,3,2,5,1,10,14,4,4,21,3,25,24,2,10,24,40,4,20,4,8,26,140,4,2
"COG4927",21,7,2,2,8,33,0,60,12,34,9,41,7,11,8,5,3,1,4,4,5,0,2,0,5,9,1,4,1,6,4,7,7,3,2,8,13,20,22,4,1,5,1,6,4,0,10,8,17,1,17,1,8,2,1,4,3,4,1,3
"COG4928",34,43,37,81,57,40,6,544,88,83,420,42,5,13,190,16,14,23,14,17,26,29,9,139,13,12,398,14,74,17,146,23,46,25,14,76,105,95,16,126,20,17,73,22,40,77,32,15,26,4,120,67,84,96,28,43,11,102,45,396
"COG4929",0,0,1,16,3,0,2,1,11,7,2,0,1,2,11,0,4,0,9,8,18,0,1,8,5,1,0,4,2,23,2,6,6,5,5,2,1,1,6,4,4,28,3,5,7,25,2,1,2,1,44,0,3,1,12,1,1,6,6,2
"COG4930",19,3,62,5,189,52,295,90,129,169,71,6,9,43,138,6,97,67,31,146,133,150,53,121,15,197,49,40,31,18,33,23,39,330,32,38,106,78,6,42,84,165,51,23,59,147,0,29,86,82,17,21,24,60,53,112,83,51,36,25
"COG4932",1569,531,503,192,550,527,57,305,238,617,129,664,386,277,674,845,75,398,189,357,202,137,235,297,95,255,53,298,490,100,601,305,196,249,158,727,61,423,292,618,412,132,331,239,253,140,170,641,470,322,193,995,224,275,382,274,728,575,155,55
"COG4933",0,5,6,33,28,1,20,5,12,8,81,1,2,2,10,4,4,17,5,4,18,0,66,6,2,0,53,22,1,7,40,1,5,120,3,8,11,12,20,16,15,0,2,1,0,9,3,10,2,5,3,13,8,14,2,4,0,12,5,40
"COG4936",14,7,46,25,18,23,9,42,14,28,39,4,39,21,13,15,15,32,19,17,34,10,18,52,10,11,6,51,36,8,113,9,15,16,20,35,8,24,9,77,17,68,26,24,31,7,25,51,38,22,82,18,59,34,13,30,2,35,35,20
"COG4937",8,10,26,33,31,3,176,23,55,74,118,0,35,22,35,7,68,88,60,38,42,146,153,100,55,64,204,19,14,46,11,36,64,139,97,54,151,24,47,42,65,17,50,29,17,30,40,36,32,155,11,0,47,85,30,47,0,28,53,142
"COG4938",4,8,109,53,7,0,11,23,23,52,5,0,44,35,15,6,103,22,88,6,59,4,282,48,30,26,272,54,83,28,49,85,49,25,24,42,550,37,30,15,15,17,28,60,15,85,111,0,39,1,14,7,27,9,17,50,8,3,44,5
"COG4939",3,5,0,0,2,0,0,0,1,0,0,0,0,0,0,4,1,0,0,0,1,0,0,0,0,0,0,0,0,0,0,1,0,0,2,0,0,0,0,0,5,1,4,0,0,1,0,0,0,0,0,0,0,1,3,0,0,1,1,0
"COG4940",1,6,14,8,2,2,4,7,25,19,2,0,6,10,1,2,9,6,7,5,1,0,5,9,4,2,1,0,5,0,11,19,7,2,4,2,0,8,11,4,3,3,11,10,25,4,6,9,10,10,20,52,7,1,10,1,1,33,7,4
"COG4942",7,66,40,70,52,15,50,134,70,39,30,86,50,56,50,9,62,59,91,31,84,13,13,130,96,75,3,64,19,118,63,66,125,44,66,30,74,20,110,72,45,84,80,104,52,91,179,21,64,11,113,18,41,57,84,37,1,47,83,29
"COG4943",30,162,0,1,0,28,16,2,16,0,9,249,3,0,0,27,24,0,0,6,2,0,0,0,5,3,14,49,1,8,0,8,34,8,11,0,1,5,0,0,4,2,2,25,5,18,4,1,1,1,28,24,1,0,0,7,3,16,101,25
"COG4946",63,128,402,525,370,34,688,152,406,207,317,11,451,457,463,61,637,268,642,516,450,657,444,151,613,663,595,190,206,840,180,468,462,657,526,223,300,192,518,526,464,393,445,488,247,455,411,240,682,364,442,2,285,278,398,448,22,196,395,503
"COG4947",11,7,48,51,19,76,17,24,22,53,17,2,89,29,17,5,85,42,23,29,60,82,39,16,46,96,10,27,31,0,36,22,18,8,14,47,39,61,13,30,44,0,16,32,137,5,11,53,41,41,19,49,24,27,15,25,101,15,12,30
"COG4948",91,383,226,224,230,76,219,158,310,208,199,988,173,243,205,118,394,187,293,210,229,216,255,178,429,294,202,202,142,251,72,136,131,155,106,60,90,88,104,101,116,222,130,136,336,184,130,87,97,129,272,43,105,100,106,129,181,110,202,96
"COG4950",7,33,0,0,0,2,4,1,6,0,1,48,1,0,0,7,5,0,0,0,1,0,0,0,1,0,1,22,1,0,0,1,8,3,3,0,0,1,1,0,2,1,0,6,2,2,0,0,0,0,4,4,0,0,1,0,0,14,42,9
"COG4951",18,42,22,60,72,93,66,55,7,35,54,22,59,119,67,30,204,123,64,53,58,74,397,138,39,11,38,63,25,142,22,58,86,40,91,87,200,157,22,30,176,119,95,51,37,138,72,73,34,40,3,78,145,129,84,47,9,58,115,169
"COG4952",0,1,5,13,1,0,0,4,4,3,0,17,4,0,17,2,2,1,1,1,0,0,3,2,6,0,0,6,0,2,4,12,3,0,3,1,2,17,1,8,0,1,6,3,1,0,3,10,0,1,13,2,1,3,0,5,0,3,4,3
"COG4953",12,141,26,79,25,14,76,13,87,38,98,72,50,16,44,17,47,12,88,23,55,7,5,14,51,54,2,50,20,77,30,61,64,30,84,20,5,10,125,45,80,96,91,109,40,90,94,31,28,7,173,19,19,11,97,12,5,86,88,76
"COG4955",0,0,0,0,0,1,0,0,0,0,0,0,0,0,0,4,0,0,0,0,0,0,0,0,0,0,0,0,0,0,0,0,0,0,0,0,0,0,0,0,0,0,0,0,0,0,0,0,0,0,0,33,0,0,0,0,0,0,0,0
"COG4956",18,11,7,4,14,25,18,5,25,6,12,1,4,6,0,11,8,33,7,9,4,40,25,12,11,15,2,24,28,1,4,3,15,4,4,14,7,7,3,15,8,1,9,7,4,5,7,6,4,9,9,42,8,6,3,2,55,9,5,5
"COG4957",0,0,0,0,0,0,0,0,0,0,0,0,0,0,0,0,0,0,2,0,0,0,0,0,2,0,0,0,0,0,1,0,2,3,0,1,0,0,0,0,2,0,1,0,0,0,0,0,0,0,0,0,0,0,0,0,1,3,0,2
"COG4959",0,0,0,0,1,0,1,0,0,1,6,0,0,1,0,0,0,0,0,0,0,11,1,0,0,0,0,0,1,0,3,0,22,2,0,0,0,0,0,0,0,0,0,0,0,0,3,0,0,3,0,0,0,0,0,0,23,1,0,14
"COG4962",171,108,261,160,104,219,25,227,104,197,130,223,179,97,136,338,25,167,88,149,179,104,117,158,39,102,30,169,401,68,311,135,100,112,101,181,81,270,82,142,154,310,109,146,74,73,73,324,127,167,79,167,263,203,135,260,207,188,60,58
"COG4963",0,1,2,9,0,0,0,9,3,0,8,7,0,0,0,0,1,1,0,21,1,0,2,1,1,3,5,2,1,0,0,0,0,1,5,1,10,4,2,0,0,0,0,2,0,2,4,10,2,15,7,0,1,4,7,10,0,5,0,0
"COG4964",0,74,0,0,0,0,0,0,8,0,10,0,0,0,0,0,0,1,2,2,0,0,11,0,0,4,0,36,2,0,0,0,0,0,9,1,2,0,0,0,0,0,0,0,0,0,1,0,0,7,0,0,0,6,0,0,0,5,0,0
"COG4965",139,8,44,45,21,112,3,48,33,25,30,34,33,33,48,36,11,42,13,79,29,13,20,40,9,16,10,33,101,21,79,21,12,26,26,36,18,74,26,42,36,28,15,77,14,3,10,38,27,30,19,101,41,32,38,63,22,18,21,5
"COG4967",4,17,0,1,0,2,3,0,4,0,2,36,1,0,0,4,4,0,0,1,0,0,0,0,0,0,3,8,0,0,0,2,4,0,2,0,0,1,0,0,2,0,0,5,1,4,0,0,1,0,2,6,0,0,0,2,0,7,11,1
"COG4969",4,35,1,0,9,2,8,1,3,0,2,56,2,12,1,6,8,1,1,1,3,1,0,0,2,2,2,18,0,2,2,0,5,0,3,0,2,4,1,1,2,0,0,6,3,3,2,0,2,3,6,13,1,3,1,9,0,9,22,4
"COG4972",56,88,80,30,32,52,7,36,28,87,28,13,69,11,46,10,8,33,31,5,47,5,36,116,12,17,9,69,44,9,55,10,3,2,8,22,1,17,10,35,13,22,4,41,6,4,5,51,13,16,8,19,44,50,20,19,8,14,3,8
"COG4973",24,142,110,129,214,34,173,94,114,112,90,112,113,285,81,34,179,146,161,132,121,131,97,67,96,152,51,145,22,136,43,118,266,186,185,194,106,76,116,117,197,211,117,236,55,160,73,85,164,22,89,9,158,111,148,152,5,71,275,173
"COG4974",861,519,1023,946,1043,546,1450,1423,1072,1025,1886,550,969,1050,821,474,1256,882,1205,1066,1208,1225,725,1909,1062,910,3792,685,585,1312,1153,1129,1145,1132,1234,887,1476,854,1467,1031,848,1001,1411,1117,811,1258,1312,774,1432,1897,764,514,789,1067,1389,953,334,658,939,1261
"COG4975",3,5,0,0,0,65,0,0,0,0,0,3,0,0,0,27,0,7,0,0,0,0,0,0,0,2,0,0,0,0,0,0,0,0,1,0,0,0,0,0,4,0,0,0,0,0,4,0,1,0,2,48,0,0,1,0,0,1,0,0
"COG4977",38,130,203,835,224,67,115,184,280,172,69,1,89,281,247,38,296,217,452,286,392,75,48,268,417,142,292,349,86,550,326,302,484,163,326,158,32,248,437,271,388,445,215,302,214,658,435,124,254,793,786,78,136,176,819,216,40,365,213,91
"COG4978",65,59,40,35,36,41,14,22,72,48,26,166,42,71,37,64,26,29,25,32,46,38,22,35,54,47,4,40,68,24,63,63,61,56,53,64,19,51,132,60,40,42,105,43,32,32,70,22,30,21,211,82,43,31,46,53,114,108,53,18
"COG4981",72,142,0,0,103,349,0,0,1,0,0,0,8,0,2,976,0,84,0,0,0,0,9,0,0,0,0,2,11,5,0,1,1,0,0,2,0,7,0,0,60,0,1,16,0,0,0,15,0,8,7,32,0,1,0,1,479,0,9,0
"COG4982",64,120,0,0,103,256,0,0,0,0,1,0,5,1,7,960,0,76,0,4,0,0,5,1,0,0,0,2,26,9,1,5,0,0,0,2,1,16,0,0,47,0,0,15,0,1,3,7,0,8,1,22,0,2,0,1,508,0,8,0
"COG4983",0,8,6,7,4,13,9,0,16,4,1,10,5,3,15,2,17,14,4,0,21,2,4,2,1,1,10,8,6,18,18,10,3,0,0,53,6,23,0,22,15,1,1,7,11,0,3,10,1,23,0,6,7,26,17,15,3,52,1,3
"COG4984",0,0,6,30,6,1,7,5,13,6,1,0,3,3,26,0,14,4,8,14,21,2,0,12,17,4,2,2,5,36,11,11,17,6,8,5,4,5,14,9,20,37,8,6,9,41,11,6,9,2,96,1,8,3,10,10,1,4,11,6
"COG4985",2,27,29,10,16,8,2,28,12,33,14,0,8,9,12,1,3,10,20,7,28,8,5,34,1,3,1,41,5,2,19,11,3,11,23,12,6,14,4,27,18,46,9,28,3,8,2,49,15,17,0,30,44,1,28,10,3,20,9,19
"COG4986",11,0,0,0,13,16,0,0,0,0,0,0,0,0,0,0,0,0,0,0,0,0,0,0,0,0,0,0,0,0,0,0,0,0,0,0,0,2,0,0,1,0,0,2,0,0,0,0,0,0,0,0,0,0,0,0,4,0,0,0
"COG4987",22,66,0,3,1,58,25,1,6,0,1,90,3,1,1,74,7,6,0,5,1,77,26,0,1,13,5,39,37,2,0,1,61,2,4,25,2,32,0,4,7,2,4,7,3,5,50,0,0,8,11,124,1,2,0,19,221,18,30,6
"COG4988",170,150,65,49,120,365,25,73,44,45,26,162,90,73,83,629,44,87,29,70,66,87,52,30,32,62,12,80,261,18,101,43,84,34,26,66,45,101,32,34,66,27,35,79,172,22,34,59,35,63,33,237,89,50,48,100,510,87,93,28
"COG4989",205,42,7,18,11,90,10,26,18,14,57,70,19,7,26,97,10,24,9,5,21,8,9,8,7,9,3,35,21,8,8,13,13,10,15,24,8,44,23,8,19,13,13,24,30,9,15,11,13,24,20,161,4,11,8,18,21,39,29,38
"COG4990",223,45,44,19,31,127,2,95,21,29,10,21,111,13,53,39,11,39,28,11,26,11,21,60,3,20,2,24,23,4,33,17,13,7,13,36,9,45,10,43,26,12,27,72,58,15,5,35,21,20,3,22,68,23,25,61,15,23,13,15
"COG4992",366,384,323,276,331,271,367,196,382,233,249,350,353,376,386,342,371,422,355,342,353,303,322,326,360,426,221,403,386,373,362,346,344,237,304,318,201,325,298,315,306,239,318,352,408,313,229,292,335,290,209,285,376,260,294,333,379,241,373,367
"COG4993",18,94,0,3,0,16,13,1,7,0,2,174,1,1,0,22,13,0,0,7,3,0,0,0,2,3,0,59,3,5,1,4,21,2,5,1,0,3,1,3,8,3,0,16,4,9,1,0,1,2,12,30,1,0,1,2,0,18,94,12
"COG4995",0,5,49,56,9,1,8,484,8,68,50,1,6,116,14,2,64,232,38,25,27,4,70,152,214,4,118,1,4,64,77,18,49,13,11,99,183,3,29,225,16,61,122,3,22,185,103,68,18,5,50,1,82,81,17,37,0,3,13,4
"COG4997",80,0,1,0,32,6,0,15,4,11,3,0,1,4,0,0,0,0,3,0,5,1,0,0,1,1,2,2,0,0,9,2,1,0,0,11,0,4,3,1,0,0,4,8,5,1,1,6,0,0,0,0,13,16,12,3,0,10,0,0
"COG4999",543,813,1410,1621,907,423,686,1358,1447,1277,752,214,1038,1111,1378,265,855,702,1428,818,1752,481,403,1019,1335,908,567,1017,701,1096,1681,1280,1090,665,1339,769,731,928,1075,1587,1214,1408,1237,860,942,1419,986,1228,1176,701,847,496,1040,1,2062,750,168,1046,606,599
"COG5000",32,103,226,352,249,39,317,137,337,214,269,14,233,339,337,71,425,180,424,368,333,422,135,234,469,327,319,117,127,618,110,356,264,333,331,186,190,132,414,276,360,331,274,315,227,469,346,150,284,159,417,15,260,111,309,240,11,243,315,256
"COG5001",1291,161,724,441,347,331,46,444,392,567,463,501,719,494,474,194,182,427,308,296,452,179,313,622,177,271,61,633,1297,97,953,240,144,291,284,582,254,621,297,669,244,655,371,454,541,197,343,479,443,281,942,583,870,549,363,702,225,288,279,225
"COG5002",222,507,1214,3558,1628,418,1864,828,1814,1192,1540,69,1426,2590,2359,371,2523,1609,2281,2573,3135,1829,1269,2381,2381,1557,1719,2163,867,3018,1379,2213,2902,1696,2044,1620,1320,1094,1900,2278,2104,2240,2187,1471,1177,3886,1905,1012,1959,1556,3141,314,1630,1160,2990,1411,146,936,2019,2188
"COG5004",1,34,0,0,0,0,0,0,0,0,0,0,1,0,0,1,2,0,0,0,0,0,0,0,0,0,0,8,0,1,0,1,0,0,0,0,0,0,0,0,0,1,0,1,0,0,1,0,0,0,0,0,0,0,0,0,0,6,10,1
"COG5005",0,0,1,1,0,0,3,0,12,1,0,3,0,0,0,0,1,0,5,0,3,0,0,0,1,3,0,0,0,0,0,0,1,0,6,0,0,0,0,0,0,1,1,0,0,0,1,0,0,0,11,0,0,0,0,0,0,0,0,0
"COG5006",16,36,0,0,11,19,7,1,2,0,2,77,1,2,0,74,6,9,0,2,4,0,0,1,0,1,4,25,0,2,0,7,6,1,9,0,0,4,1,3,11,3,5,8,3,7,3,1,0,0,5,13,1,0,0,1,1,8,23,5
"COG5007",3,22,0,1,0,3,1,1,1,0,1,45,0,0,0,4,3,0,0,1,1,0,1,1,0,1,2,5,0,2,0,1,4,0,0,0,2,1,1,0,1,1,0,3,2,5,0,0,0,0,5,11,0,0,0,2,0,7,12,5
"COG5009",140,294,338,224,230,164,754,520,370,375,664,338,240,260,238,148,305,448,381,234,274,525,676,434,314,247,969,337,314,346,241,352,393,576,498,369,729,168,348,271,367,282,375,267,166,259,608,259,275,576,188,202,431,522,339,312,74,197,459,695
"COG5011",60,11,28,29,25,37,13,34,34,43,24,11,32,18,46,13,20,27,21,35,25,22,20,34,22,33,3,24,65,11,92,59,45,28,36,62,29,124,31,65,49,25,57,54,88,24,45,80,46,48,41,71,56,87,57,61,111,76,30,22
"COG5012",244,60,24,102,45,20,22,36,82,63,8,0,62,102,85,38,32,17,35,85,78,15,21,48,74,77,4,68,47,119,29,60,35,33,43,33,11,39,95,64,109,109,75,43,58,124,46,82,32,14,164,101,24,23,64,36,23,106,38,29
"COG5013",38,247,3,3,9,33,31,12,25,6,11,346,8,14,0,64,35,32,2,9,10,1,3,7,21,34,9,105,5,27,4,12,38,6,20,4,12,35,2,5,14,9,2,25,14,36,39,2,2,4,54,94,29,5,7,20,8,59,127,40
"COG5015",55,12,27,5,11,41,1,9,11,22,4,8,15,15,28,2,5,19,10,16,15,17,15,17,16,2,8,6,61,8,56,24,22,7,36,59,3,92,36,62,37,59,34,24,38,20,32,58,35,17,16,61,40,54,30,61,34,38,28,10
"COG5016",262,146,428,371,392,176,502,353,390,342,323,76,445,503,499,106,520,369,456,430,458,433,386,434,595,559,427,371,395,566,370,455,346,420,373,285,390,312,368,469,414,503,489,471,430,498,454,384,517,383,358,101,333,328,426,408,276,284,333,445
"COG5017",11,10,10,1,10,5,6,38,13,9,31,0,3,11,20,16,2,6,22,21,35,3,15,23,0,11,2,16,6,33,64,5,14,7,28,40,6,27,28,21,11,76,3,2,17,3,7,15,16,14,24,32,31,30,2,33,2,25,11,3
"COG5018",177,10,105,64,37,92,10,91,66,84,38,37,107,52,83,15,42,55,36,44,86,21,60,85,66,81,6,54,71,17,110,54,11,24,41,80,30,95,12,62,30,72,37,67,140,13,25,57,54,46,38,85,93,63,61,63,56,22,21,23
"COG5026",0,25,7,33,11,2,19,5,18,13,4,1,22,8,19,7,11,32,12,17,16,67,27,16,20,14,0,3,40,45,7,17,62,11,16,15,2,4,36,17,32,44,19,20,20,54,40,5,14,12,72,0,9,2,23,3,225,32,7,3
"COG5029",0,0,0,2,0,0,0,0,0,0,0,0,0,0,1,0,6,1,0,0,0,0,0,1,8,0,0,0,0,0,0,0,1,0,1,0,0,1,1,0,2,5,0,0,0,0,4,0,0,0,0,0,0,0,1,0,0,0,1,0
"COG5039",27,1,1,2,18,4,7,6,6,13,1,0,2,13,1,0,4,31,5,0,6,3,1,11,26,22,27,1,1,10,1,5,98,3,89,70,3,7,18,9,24,80,17,20,2,22,3,3,11,5,37,22,85,21,1,11,0,14,4,5
"COG5042",0,0,1,0,0,4,0,0,0,0,0,0,0,0,0,0,0,1,0,0,0,0,0,0,0,0,0,0,0,0,0,0,1,0,0,0,0,0,0,0,1,0,0,0,0,0,0,0,0,0,0,1,0,0,0,0,0,2,0,0
"COG5048",0,0,22,2,0,0,0,0,3,11,0,0,7,1,0,1,0,1,1,0,0,1,2,1,1,0,0,6,0,0,2,0,0,23,0,0,0,3,26,4,2,7,46,33,9,0,0,3,0,7,0,2,4,0,0,6,0,3,0,0
"COG5108",13,1,0,0,0,180,0,0,1,47,4,0,0,13,0,0,11,1,12,0,0,0,2,0,0,0,0,0,21,2,0,0,4,0,0,0,2,0,12,2,0,0,0,2,0,0,3,1,0,0,0,0,0,0,0,0,0,0,0,0
"COG5146",1,22,29,45,82,5,138,104,48,48,97,0,27,118,31,2,79,31,60,82,63,174,94,77,100,66,117,34,13,69,67,91,34,130,84,6,87,21,51,67,30,51,59,78,37,104,101,13,65,71,6,0,30,60,71,30,2,22,21,79
"COG5184",0,49,810,46,33,4,2,279,14,244,29,0,91,46,2,0,5,95,7,21,29,2,79,105,20,47,5,88,71,7,273,1,21,11,84,469,17,515,5,497,0,8,6,50,136,0,5,197,13,53,0,73,189,42,120,134,1,116,4,3
"COG5206",0,3,9,23,74,0,0,5,36,8,0,0,121,0,0,2,32,1,81,1,28,20,0,25,5,1,5,9,0,51,7,15,14,0,19,6,0,4,8,15,62,59,38,12,2,16,14,3,92,4,1,0,23,11,88,42,0,1,45,39
"COG5255",0,3,0,2,0,0,0,1,0,0,0,0,0,0,0,0,0,0,0,0,1,0,0,0,0,0,1,0,0,0,0,0,0,0,0,0,0,0,0,0,0,0,0,0,0,0,0,0,0,0,0,0,0,0,1,0,0,0,0,1
"COG5263",310,237,89,142,146,374,58,65,60,50,47,511,143,144,96,82,81,74,57,105,80,29,70,72,116,164,11,76,345,109,109,67,81,60,108,103,37,258,164,46,49,85,179,110,130,38,234,153,122,76,412,1639,67,96,123,88,353,41,92,56
"COG5265",0,0,1,1,0,0,0,0,0,0,0,0,1,0,0,21,0,0,0,0,0,0,1,0,22,0,3,0,0,0,0,2,0,1,0,1,0,1,0,0,0,0,0,28,2,24,1,0,0,0,0,0,1,0,0,0,0,1,0,0
"COG5266",0,70,1,0,2,0,2,6,5,8,0,170,0,3,0,0,4,1,11,4,3,1,0,5,5,10,2,3,2,12,3,4,7,0,11,2,4,5,5,3,6,9,8,1,7,10,6,6,1,3,15,6,4,3,1,17,3,3,2,5
"COG5268",0,1,0,0,0,0,5,0,0,0,23,0,0,0,0,0,0,1,0,0,0,13,5,0,0,0,2,0,0,0,0,0,9,0,0,0,0,0,0,0,0,0,0,0,0,0,3,0,0,0,0,0,0,0,0,0,21,0,0,6
"COG5271",0,3,1,0,4,0,0,1,2,244,1,0,3,1,0,0,0,0,0,0,3,0,0,1,0,0,0,0,0,0,0,0,8,2,2,0,0,0,21,1,0,1,0,0,0,1,1,0,1,0,0,0,0,0,0,0,0,1,1,0
"COG5272",1,1,1,0,4,0,0,0,2,0,0,1,0,0,0,0,0,0,1,0,0,0,0,0,1,1,0,4,0,0,0,1,5,1,1,0,0,2,0,0,2,0,0,5,0,1,0,1,0,0,3,0,2,0,1,0,1,1,0,1
"COG5276",1,1,2,3,1,5,1,1,13,0,0,0,4,2,1,9,0,3,3,1,2,2,3,2,0,0,0,6,5,2,0,4,2,1,4,1,1,15,2,1,5,3,2,1,3,0,1,4,1,3,0,5,2,3,7,1,0,1,51,0
"COG5279",509,43,221,150,159,207,8,286,85,192,65,53,203,168,224,59,25,142,73,163,140,35,100,186,36,93,11,137,240,37,210,82,66,56,77,275,85,307,121,172,55,141,160,98,95,47,56,223,137,93,18,130,245,216,136,174,41,263,42,49
"COG5280",140,456,54,25,41,8,7,8,12,31,3,46,53,132,7,14,8,31,19,4,20,4,14,6,22,0,11,11,87,4,9,36,44,8,49,138,0,47,23,19,1,1,16,17,257,3,27,32,70,18,0,23,14,95,48,26,211,102,9,3
"COG5281",7,269,13,9,20,1,15,6,18,1,3,228,5,0,1,22,19,5,3,6,14,1,3,8,4,2,4,40,1,1,12,24,122,9,32,22,4,22,6,18,6,9,17,225,16,50,32,6,29,10,56,16,5,7,32,71,5,177,0,28
"COG5282",14,29,0,0,25,67,0,0,0,0,1,0,0,0,0,209,0,20,0,0,0,0,2,0,0,0,0,0,4,3,0,0,0,0,0,1,1,0,0,0,31,0,1,4,0,0,0,4,0,1,5,8,1,0,0,1,89,0,1,0
"COG5283",34,481,165,188,22,126,54,194,42,66,372,140,68,533,166,165,129,118,92,25,71,492,58,101,22,10,30,117,71,142,125,288,84,70,124,213,11,87,62,162,113,26,62,96,438,41,304,195,140,82,288,138,45,142,69,46,203,454,151,51
"COG5285",0,0,0,0,0,1,0,0,0,0,1,0,0,0,0,0,0,0,0,0,0,0,0,0,0,0,0,10,0,0,0,2,0,0,0,0,0,0,0,0,0,0,0,0,0,0,0,0,0,0,0,0,0,0,1,0,0,0,0,3
"COG5293",0,5,10,0,2,2,0,14,5,2,0,1,6,3,26,11,2,0,1,1,2,2,2,3,1,0,0,0,0,0,0,14,11,1,1,9,1,15,8,0,1,0,0,8,0,57,6,11,6,1,1,51,5,0,0,5,1,28,0,0
"COG5294",1,1,1,0,0,0,0,2,0,0,0,2,0,0,0,13,0,0,0,0,0,0,0,0,0,0,0,0,0,0,0,0,0,0,0,0,0,0,0,5,0,0,0,0,0,0,0,0,0,1,0,0,0,1,4,0,0,0,0,0
"COG5295",73,4,10,11,10,14,16,23,85,18,7,10,7,58,0,101,40,41,33,21,34,10,16,28,14,59,10,3,50,24,148,31,20,27,20,5,15,125,28,5,33,35,37,31,52,41,143,8,14,8,73,175,4,94,22,113,78,102,38,39
"COG5298",2,3,7,0,0,0,2,3,37,0,1,0,0,3,1,0,10,1,0,6,0,1,1,0,0,3,0,0,20,0,0,0,0,0,0,0,0,3,5,5,1,7,11,9,5,0,3,1,0,2,29,58,0,0,1,0,0,1,0,0
"COG5301",16,262,1,6,0,0,11,0,3,1,1,149,1,1,0,86,24,0,6,1,1,0,7,3,1,32,7,9,3,21,0,4,25,0,8,0,0,1,0,2,5,1,14,5,6,1,5,1,2,2,16,11,0,9,11,0,25,49,28,6
"COG5302",0,36,0,0,0,0,0,0,0,0,0,50,0,0,0,12,6,0,0,1,0,0,0,0,0,0,1,1,0,0,0,1,2,1,0,0,0,1,0,0,1,2,0,2,0,9,0,0,0,0,11,6,0,0,0,0,0,8,10,0
"COG5305",48,3,65,2,11,5,0,31,1,32,8,0,0,19,61,3,36,30,13,4,39,9,4,13,11,0,4,39,7,13,36,17,12,5,7,9,23,48,3,69,21,33,7,0,3,15,0,127,1,7,0,0,47,10,1,5,6,47,6,4
"COG5309",0,0,3,8,0,0,0,1,1,0,2,0,1,0,12,0,2,0,0,0,1,0,1,1,0,0,0,8,1,0,1,5,0,0,0,5,2,4,0,3,0,0,4,2,0,0,0,4,0,0,0,0,3,2,0,3,0,1,0,0
"COG5314",0,0,0,0,0,1,0,0,0,1,0,0,0,0,0,0,0,0,0,0,0,0,0,0,0,0,0,0,0,0,0,1,0,0,0,0,0,0,0,0,0,1,0,5,0,0,0,0,0,0,0,0,0,0,0,0,0,11,0,0
"COG5319",0,0,0,0,2,0,4,0,2,2,2,1,0,3,0,0,0,0,3,0,2,1,0,1,2,1,0,0,0,3,1,1,0,0,0,0,0,1,1,0,3,0,1,3,3,0,0,0,0,0,0,0,2,2,4,9,0,1,5,0
"COG5322",0,0,2,2,0,0,2,0,11,13,0,0,0,4,0,0,4,4,6,4,0,1,0,6,9,4,3,0,5,0,12,12,2,3,1,1,0,0,6,1,0,5,5,5,9,2,3,0,1,1,13,0,5,0,5,0,1,2,7,3
"COG5324",0,9,0,0,4,0,0,5,0,0,0,0,3,0,0,40,0,9,0,0,1,1,0,0,0,20,3,2,0,0,0,0,0,1,0,7,4,5,0,1,19,0,0,4,0,0,5,6,0,7,1,15,2,0,0,1,0,0,1,0
"COG5337",236,32,44,66,22,83,2,48,27,21,5,0,17,10,34,251,5,23,9,6,28,20,19,12,48,4,4,27,19,8,19,8,18,8,15,51,4,46,3,58,44,9,6,15,187,3,10,16,16,18,1,63,21,29,20,44,199,10,6,17
"COG5339",20,145,0,1,0,12,8,1,11,0,3,210,8,0,0,23,12,0,0,6,2,0,0,0,1,5,13,34,3,6,0,0,12,3,4,0,0,0,0,0,2,3,0,7,1,7,1,1,0,1,22,10,2,0,1,5,1,13,21,3
"COG5340",0,8,0,0,1,0,0,0,61,29,5,0,11,2,7,2,0,19,5,0,12,0,0,6,1,0,6,1,14,0,3,3,0,0,0,0,0,0,0,2,1,3,2,1,0,0,0,18,33,0,1,1,1,5,5,27,0,1,0,1
"COG5341",4,6,19,12,11,15,8,16,11,19,14,3,25,23,4,6,6,16,13,10,7,1,10,6,6,16,1,14,15,8,15,9,2,5,5,25,2,6,7,2,9,7,18,6,9,4,4,11,12,3,5,10,18,7,7,18,17,12,4,7
"COG5345",0,0,3,0,0,0,0,0,2,1,28,0,0,0,0,0,0,0,1,0,1,0,0,0,0,0,0,1,0,1,0,1,1,0,0,0,0,0,0,0,4,0,0,0,0,1,5,0,0,0,0,0,0,1,10,0,0,0,0,18
"COG5353",2,2,1,0,0,0,0,0,0,0,0,1,1,0,0,3,0,0,0,0,0,0,0,0,0,0,0,0,0,0,0,0,0,0,0,0,0,1,4,0,2,0,0,0,0,0,2,0,0,1,1,58,0,0,0,0,0,0,0,0
"COG5360",0,7,5,5,6,0,11,13,19,3,0,0,0,0,7,2,0,2,74,2,7,2,0,3,0,13,1,13,0,4,0,15,1,11,19,0,0,0,3,3,4,0,7,10,1,18,0,1,2,10,1,0,2,0,8,4,0,11,0,11
"COG5361",0,0,29,74,31,8,2,5,28,10,16,0,4,6,1,2,11,6,12,5,10,10,10,4,13,1,4,4,0,0,6,1,4,1,12,34,0,11,4,45,28,0,1,13,100,0,11,24,23,13,0,4,5,11,14,2,2,10,2,4
"COG5362",0,3,8,10,0,1,1,4,9,0,1,0,0,0,0,0,40,3,3,2,2,16,0,0,388,0,1,0,0,21,9,23,4,0,1,15,0,16,4,1,2,0,0,1,100,10,12,10,0,4,0,5,1,0,0,4,2,57,3,5
"COG5368",0,34,33,135,79,3,50,37,62,30,1,0,49,114,50,8,89,33,62,92,77,20,5,73,159,57,7,84,32,122,207,379,150,47,168,52,3,100,120,205,79,252,110,240,112,341,109,97,148,12,86,1,74,17,232,77,7,56,68,40
"COG5373",0,6,9,29,10,2,4,0,11,5,0,0,5,4,28,7,11,5,9,18,10,1,1,20,13,20,2,4,5,97,1,24,16,14,7,1,4,3,30,6,32,33,13,19,12,35,21,4,17,0,71,1,4,2,30,4,1,6,4,4
"COG5377",0,24,67,41,39,84,16,74,41,120,31,62,90,41,33,3,25,20,49,79,39,19,27,34,27,128,61,22,31,22,88,54,11,40,23,46,22,56,31,28,70,79,23,42,174,11,27,87,48,30,37,83,45,38,30,39,31,61,10,70
"COG5383",9,65,1,0,0,6,10,0,1,0,2,80,2,1,0,6,10,0,0,3,0,0,0,1,3,3,5,26,1,0,0,0,9,0,4,1,0,1,0,2,2,2,0,5,2,5,1,0,1,1,7,6,2,0,0,0,0,18,2,1
"COG5393",3,14,0,0,0,4,0,0,3,0,0,16,0,0,0,3,4,0,0,1,0,0,0,0,0,0,1,7,0,1,0,2,5,0,0,0,0,0,0,0,0,1,0,0,0,0,0,0,0,0,2,5,0,0,0,2,0,4,15,1
"COG5398",0,0,0,0,0,7,0,0,0,0,0,0,0,0,0,0,0,0,0,0,0,0,0,0,0,0,0,0,0,0,0,0,0,2,0,0,0,0,0,0,0,0,0,5,0,0,0,0,0,0,0,0,0,0,0,2,0,0,2,0
"COG5401",0,0,4,0,0,0,0,4,5,1,1,0,0,0,1,0,0,0,0,0,0,0,0,1,0,0,0,6,0,0,10,0,0,0,0,21,0,4,1,6,0,0,0,0,0,0,0,10,0,0,0,0,3,31,10,0,0,43,0,0
"COG5404",4,35,0,2,0,4,1,0,2,0,2,41,0,0,0,5,5,0,0,1,0,0,0,0,0,1,1,7,0,0,0,0,10,1,2,0,0,1,0,1,2,0,0,3,1,8,0,0,0,0,6,5,2,0,0,0,0,3,24,6
"COG5405",5,28,1,0,10,25,18,0,6,2,43,40,2,2,1,18,3,20,12,2,2,66,33,0,2,8,0,22,35,1,2,6,48,3,2,16,6,5,14,8,7,3,17,5,1,3,27,0,1,13,13,26,4,9,12,7,189,19,29,21
"COG5410",0,136,75,32,12,0,12,16,81,26,17,29,123,37,190,4,118,18,23,99,75,41,6,8,976,10,12,16,94,79,26,86,61,20,28,268,2,91,110,12,98,21,91,126,112,95,41,63,100,4,4,28,37,74,173,159,0,349,18,22
"COG5412",225,17,92,12,111,174,0,63,18,32,19,0,29,44,10,18,6,19,18,8,36,1,26,96,23,13,12,23,88,6,145,20,8,32,14,70,16,76,18,79,32,9,147,7,39,5,25,85,83,61,13,30,74,23,62,58,45,192,34,34
"COG5413",0,0,0,0,0,0,0,2,0,0,0,0,0,0,0,0,0,0,0,0,0,2,0,0,0,5,0,0,0,0,0,0,1,1,0,0,0,0,0,0,0,0,0,0,0,0,0,0,0,3,0,1,1,0,0,8,0,0,0,0
"COG5418",5,2,0,1,2,0,2,1,1,1,2,20,3,0,1,3,0,1,0,0,0,0,0,0,3,1,0,0,6,1,0,0,0,5,0,0,2,0,5,0,0,0,1,0,2,0,2,1,1,2,7,13,0,0,0,1,1,5,2,0
"COG5421",290,17,8,12,129,84,104,59,121,157,643,19,17,125,15,45,35,103,30,11,177,10,83,170,61,177,52,20,31,214,38,11,88,6,208,64,134,31,31,47,123,23,65,91,135,36,343,19,11,55,17,38,202,37,162,31,26,42,26,382
"COG5423",0,7,0,5,6,0,5,1,25,9,3,0,1,1,0,0,8,3,3,2,5,0,5,6,2,13,0,0,2,0,6,4,1,1,1,3,6,0,2,1,2,4,0,9,10,2,3,0,1,7,14,0,0,1,3,0,1,1,0,0
"COG5424",0,0,0,0,0,2,0,0,2,0,1,0,0,0,0,1,0,0,0,0,0,0,0,0,0,0,0,6,0,0,0,2,0,0,0,0,0,0,0,0,0,0,0,0,0,0,0,0,0,0,0,3,0,0,0,0,0,0,14,3
"COG5426",8,2,0,3,1,1,4,2,5,0,2,99,1,3,1,14,3,1,3,3,1,0,2,0,1,7,1,10,1,1,2,3,3,1,7,1,1,2,4,1,2,2,0,3,6,10,9,0,1,0,11,7,1,0,3,1,1,9,24,3
"COG5427",220,4,6,8,6,66,0,4,9,14,1,0,20,7,61,59,0,10,3,11,13,6,21,16,1,23,2,13,39,4,10,14,12,4,2,12,2,61,11,5,7,10,8,27,33,3,1,9,15,16,0,183,6,7,25,12,12,5,21,5
"COG5433",62,367,82,107,275,49,439,406,139,749,36,469,228,99,280,65,583,325,105,77,217,845,163,118,154,196,224,112,156,249,83,75,98,288,317,58,323,63,129,101,168,184,132,81,137,128,76,70,181,43,161,28,84,153,199,69,27,55,113,176
"COG5434",175,174,839,1671,831,296,1365,453,831,919,464,140,984,1216,964,147,1170,978,906,1156,1129,904,1479,1355,879,1306,1677,797,763,1309,504,797,962,1519,927,740,696,480,732,1023,768,1446,786,648,754,1507,699,639,975,1261,1045,122,1130,862,1088,715,169,223,820,1311
"COG5437",2,0,0,3,0,0,0,3,3,0,3,0,0,3,0,0,4,0,0,0,1,1,0,0,9,7,5,1,9,0,3,8,0,1,2,0,0,0,5,1,0,1,8,0,2,1,10,1,0,2,0,0,0,4,4,1,0,1,0,0
"COG5438",310,22,53,57,57,252,13,31,55,48,12,26,95,49,38,85,17,44,54,43,27,75,54,88,19,49,4,21,129,17,62,46,57,28,21,66,16,86,39,26,44,34,85,96,73,18,30,85,56,61,83,181,48,28,58,30,197,45,49,14
"COG5441",1,4,3,0,4,1,0,0,15,6,1,60,3,6,1,5,2,0,2,10,1,0,5,2,10,11,0,1,11,3,2,3,10,3,2,4,1,11,12,4,4,2,1,7,13,1,22,23,2,2,41,3,0,2,5,4,27,3,1,4
"COG5444",0,2,9,9,11,38,0,35,0,9,9,31,39,4,21,11,6,2,2,3,11,109,5,6,3,12,6,9,3,2,16,2,6,10,5,56,2,34,0,13,3,2,3,2,3,12,2,23,18,3,9,11,34,19,83,7,0,7,2,4
"COG5445",7,83,0,0,1,1,8,0,2,0,0,122,2,0,0,7,9,0,0,1,2,0,0,0,7,2,2,27,0,3,0,0,3,0,3,0,1,2,0,1,2,4,0,7,5,6,0,0,1,1,11,0,2,0,0,1,0,9,1,2
"COG5449",0,0,0,0,0,0,0,0,3,1,0,0,0,0,0,0,0,0,0,0,3,0,0,2,0,0,4,1,0,0,2,2,1,0,1,6,0,0,0,4,2,1,0,0,1,0,8,0,0,0,0,0,0,0,0,0,0,0,2,0
"COG5455",2,13,0,0,1,1,0,0,0,0,1,18,0,0,0,2,0,0,0,1,0,0,0,0,1,2,0,3,0,1,0,0,1,1,0,0,0,0,0,0,0,0,0,3,2,1,0,0,0,0,1,4,0,0,0,1,0,1,1,0
"COG5457",0,4,0,1,0,1,0,0,0,0,0,0,0,0,0,1,0,0,0,2,0,0,0,0,0,0,1,2,0,0,1,0,1,0,0,0,0,0,0,0,0,1,0,1,0,3,0,0,0,0,2,0,0,0,1,0,0,0,5,0
"COG5459",0,0,0,0,0,0,0,3,0,0,0,0,0,0,0,0,0,0,0,0,2,0,0,1,0,0,0,0,0,0,8,0,0,0,0,3,0,8,0,9,0,0,0,0,0,0,0,5,0,0,0,0,2,1,1,0,0,1,0,0
"COG5463",7,34,0,0,0,0,2,0,5,0,2,71,0,0,0,10,6,1,0,0,0,0,0,0,2,0,0,9,0,0,0,0,5,1,2,0,0,1,0,1,1,3,0,6,1,4,0,0,1,0,4,5,1,0,0,0,1,12,5,5
"COG5464",121,425,3,11,11,6,46,59,66,44,203,253,18,17,5,34,29,5,13,21,20,129,224,53,15,7,291,173,2,14,7,35,39,84,99,8,33,56,29,8,13,13,2,31,11,55,13,6,4,185,43,15,14,58,5,4,1,135,144,235
"COG5470",0,0,0,0,1,0,0,0,2,0,0,0,0,0,0,0,0,0,0,0,0,0,0,0,0,0,0,0,0,0,0,0,1,0,0,0,0,0,0,0,0,1,0,0,0,0,1,0,0,0,0,1,0,0,0,0,0,0,0,0
"COG5471",0,1,0,2,0,0,0,0,0,2,0,0,0,1,0,2,1,0,0,0,0,0,0,0,1,0,0,13,0,1,0,1,0,0,0,0,0,0,3,0,1,1,6,0,0,0,0,2,1,0,0,0,0,1,3,0,0,0,0,2
"COG5474",0,20,3,3,0,0,0,1,0,0,0,0,0,0,1,0,0,0,0,0,2,1,0,11,0,0,0,0,0,0,0,0,0,0,0,0,0,0,0,0,0,0,0,0,0,0,0,0,1,0,0,2,0,1,0,0,0,2,0,0
"COG5475",5,7,0,0,0,1,0,0,1,0,0,19,0,0,0,2,1,0,0,0,0,0,0,0,0,0,1,4,0,0,1,0,0,0,0,0,0,0,0,0,2,0,0,0,0,1,2,0,0,0,2,1,0,0,0,0,0,0,0,1
"COG5476",14,15,6,6,6,12,9,3,19,6,5,5,3,52,6,7,12,13,8,1,4,1,3,1,16,19,2,1,20,17,0,24,2,4,7,10,2,0,24,8,7,4,25,12,11,12,2,1,1,14,3,21,3,8,13,5,1,41,12,3
"COG5482",0,0,4,1,1,0,0,2,0,2,0,0,1,3,1,0,0,1,1,2,2,0,2,0,0,0,0,3,2,0,1,0,0,0,1,0,0,0,0,1,1,0,0,0,9,0,7,1,1,0,0,1,0,0,1,1,0,0,0,0
"COG5483",0,4,0,6,1,10,0,0,0,0,106,0,0,63,0,0,4,0,2,0,1,12,1,0,0,0,0,0,1,32,5,2,2,0,14,2,11,0,1,0,0,0,0,6,0,0,29,6,0,0,0,0,0,3,0,1,0,0,0,0
"COG5484",21,275,12,3,0,3,10,3,16,0,11,6,3,2,0,25,7,1,3,1,4,0,9,1,0,2,5,22,3,13,11,0,9,2,5,5,1,8,4,1,0,8,2,17,0,1,29,1,41,1,13,16,2,7,3,4,1,51,45,4
"COG5485",0,7,1,1,0,0,1,0,2,0,0,12,0,3,0,0,1,3,2,1,0,0,0,0,1,1,1,1,2,0,1,1,3,1,1,2,0,0,3,0,3,0,6,5,1,0,1,4,0,1,0,0,6,1,0,0,0,2,5,1
"COG5492",398,115,435,304,203,182,40,183,190,156,298,83,457,161,280,46,144,251,196,419,143,70,121,271,103,327,102,342,336,103,1269,251,252,79,127,383,75,197,204,673,315,191,162,464,192,95,111,245,234,88,150,85,619,273,227,287,70,402,202,112
"COG5493",0,0,0,0,0,1,0,0,0,0,0,3,0,0,2,0,0,0,0,0,0,0,1,0,0,2,0,0,1,0,4,0,0,0,0,4,0,0,0,0,0,2,0,0,0,0,0,0,0,1,1,0,2,0,0,0,0,2,0,0
"COG5495",2,18,37,35,16,38,13,15,28,29,65,18,28,18,48,19,13,21,15,37,16,37,28,18,10,33,3,22,87,8,71,27,40,14,23,43,7,37,19,28,15,15,31,28,34,13,25,33,35,37,18,24,31,48,24,44,110,49,17,23
"COG5496",49,22,58,46,34,19,24,40,81,51,36,4,58,51,53,3,48,63,53,76,54,35,36,44,40,61,18,35,57,44,51,67,42,52,58,81,32,54,61,32,70,9,54,49,92,25,29,67,60,45,23,13,55,34,33,74,40,42,49,49
"COG5498",2,46,164,313,63,8,321,62,133,121,225,54,84,183,159,7,73,70,176,36,99,338,221,154,113,58,194,77,25,183,66,143,116,274,133,125,284,108,147,178,121,111,164,136,62,99,112,73,123,264,216,3,37,174,106,51,8,64,178,231
"COG5499",6,37,0,1,0,1,3,0,4,0,0,47,0,0,0,10,4,0,0,0,1,0,0,0,3,0,0,6,0,1,0,0,14,2,2,0,1,0,0,2,5,4,0,3,0,4,2,0,1,0,6,0,1,1,0,0,0,18,15,3
"COG5503",2,0,0,0,0,6,0,0,0,1,0,0,0,0,0,8,0,0,0,0,0,0,0,0,0,0,0,0,0,0,0,1,0,0,0,0,0,0,3,0,1,0,0,0,0,0,1,0,0,0,1,28,0,0,0,0,0,0,0,0
"COG5504",0,5,4,1,13,0,0,0,0,7,2,9,1,1,0,3,1,0,0,1,0,0,0,9,1,0,0,0,3,1,2,2,2,1,8,7,0,0,5,0,0,1,10,7,4,0,1,1,2,0,2,6,3,1,1,2,1,8,6,0
"COG5505",6,9,21,8,33,26,2,21,3,18,13,47,45,16,13,6,11,30,12,5,19,9,19,32,23,9,2,9,11,9,35,28,15,9,11,23,13,28,11,16,17,15,10,46,37,8,27,23,20,17,39,9,18,13,11,40,18,23,16,15
"COG5506",3,3,0,0,0,1,0,0,0,0,0,1,0,0,0,1,0,0,0,0,0,0,0,1,0,0,0,0,0,0,0,0,0,0,1,0,0,5,7,0,0,0,0,0,1,0,2,0,1,0,2,29,0,0,0,2,2,0,0,0
"COG5507",2,31,0,0,0,0,2,0,2,0,0,28,1,0,0,4,5,0,0,0,1,0,0,0,0,0,0,8,0,0,0,0,0,1,1,0,0,0,0,1,0,0,0,4,1,3,0,0,0,1,3,4,0,0,0,2,1,7,0,3
"COG5510",0,10,1,0,0,1,1,0,0,0,1,16,0,0,0,1,2,0,0,0,0,0,0,0,0,0,4,4,0,2,0,0,6,1,0,0,0,0,0,0,1,1,0,1,1,0,0,0,0,0,1,1,0,0,0,1,0,3,23,4
"COG5511",7,283,33,18,4,2,21,25,14,37,12,184,11,20,9,27,14,9,24,18,50,0,9,36,20,6,16,52,1,4,47,19,37,6,34,21,4,5,4,6,22,5,9,20,123,16,61,25,77,7,40,4,45,16,69,14,7,85,19,17
"COG5512",11,21,2,5,13,46,9,6,25,14,8,0,4,8,0,140,7,33,8,2,2,58,22,6,0,8,3,0,19,2,6,3,42,2,2,21,6,10,12,2,19,3,10,9,9,6,28,4,3,16,20,17,8,1,6,5,152,2,11,4
"COG5514",0,0,0,0,0,1,5,0,0,0,0,0,0,0,0,0,1,0,1,1,0,2,0,0,0,1,0,0,0,0,0,0,0,0,4,0,0,0,0,0,2,0,4,5,0,0,3,0,0,0,0,3,2,0,0,5,0,0,0,1
"COG5517",8,40,0,0,0,0,2,0,2,0,0,45,0,0,0,5,4,0,0,0,0,0,0,0,1,0,2,13,0,1,1,0,1,0,2,0,0,1,0,1,0,0,0,4,0,6,0,0,0,1,2,4,0,0,0,1,1,0,10,4
"COG5518",5,192,11,5,0,2,3,3,31,0,0,1,0,13,8,7,5,21,5,1,5,0,2,3,12,8,2,11,0,3,0,4,6,0,0,0,0,2,4,4,5,19,1,6,91,1,24,0,1,2,8,3,2,0,5,4,0,18,38,1
"COG5519",3,95,14,2,303,7,4,7,9,14,3,16,60,8,6,11,7,11,22,2,22,0,7,4,0,19,10,46,28,2,2,30,511,4,9,36,1,15,7,27,8,4,5,23,172,23,10,19,9,2,28,3,27,1,25,26,13,45,5,13
"COG5520",39,61,281,408,111,103,223,60,292,180,87,52,149,261,301,77,294,131,266,209,272,346,192,327,244,306,513,181,119,500,63,126,129,31,165,70,26,85,66,142,117,104,127,83,68,180,137,90,108,233,294,10,96,78,201,89,6,83,92,274
"COG5521",1,1,0,0,0,0,0,0,0,0,0,2,0,0,0,1,0,0,0,0,0,0,0,0,1,0,0,0,2,0,0,0,0,0,0,0,1,1,6,0,0,0,0,0,0,0,4,0,0,0,0,24,0,0,0,1,1,0,0,0
"COG5522",0,31,9,23,5,14,3,6,16,27,5,0,19,5,6,3,8,5,3,9,22,3,14,8,1,26,2,26,16,1,3,1,1,1,1,8,1,9,4,2,3,1,5,10,32,2,1,3,3,4,12,5,7,2,0,2,3,6,0,2
"COG5523",57,23,52,47,57,86,14,35,45,64,15,14,38,45,44,132,63,36,16,35,68,17,18,32,42,46,8,40,73,19,76,60,60,51,77,110,39,159,48,59,101,92,41,39,164,42,63,126,80,81,73,110,94,153,71,75,174,65,43,31
"COG5525",14,493,38,26,3,0,27,38,26,47,17,309,7,37,7,63,33,11,27,29,51,5,5,34,13,5,44,73,1,8,25,29,43,13,34,32,1,5,11,7,27,15,16,30,210,25,57,35,113,7,52,7,46,21,109,20,15,130,9,32
"COG5527",12,128,15,13,57,91,1,45,2,107,13,196,149,28,10,79,24,54,4,33,83,5,14,19,945,47,27,16,138,33,52,15,17,16,0,102,10,57,19,59,68,1,0,138,55,3,10,153,9,111,32,98,105,92,75,25,63,28,56,10
"COG5529",4,69,0,0,0,13,1,0,12,0,2,35,5,0,0,7,6,0,0,4,0,0,0,0,0,1,6,7,0,2,0,1,22,3,1,0,0,0,0,2,1,1,0,0,1,2,1,0,0,0,11,5,0,0,2,0,0,45,9,9
"COG5532",0,28,0,0,1,0,2,0,0,0,0,93,0,0,0,1,2,0,0,1,0,0,0,0,0,0,0,0,0,0,0,0,2,0,0,0,0,0,0,1,2,1,0,0,0,1,0,0,0,0,0,0,0,3,0,0,0,38,2,3
"COG5542",0,26,63,45,21,1,0,45,23,72,13,0,5,13,26,1,3,16,10,28,21,4,12,9,14,2,1,46,9,4,40,5,12,7,36,11,13,26,2,56,32,63,4,30,36,7,2,105,15,25,0,3,46,42,24,33,1,114,1,1
"COG5544",0,14,0,0,0,1,0,1,1,0,0,35,0,1,0,6,1,0,0,0,1,0,1,0,1,0,0,7,0,1,0,2,1,2,1,0,0,0,0,1,2,0,0,6,0,3,1,0,0,0,5,6,0,0,0,0,0,2,13,2
"COG5545",505,142,547,931,510,456,952,504,771,713,834,205,773,540,754,188,643,395,634,672,752,1472,1575,652,814,878,1147,483,357,777,518,848,484,1027,798,300,1317,559,467,653,491,1033,1132,510,815,908,698,480,708,1218,762,184,418,883,893,460,227,489,532,1724
"COG5546",0,0,1,0,0,10,0,0,0,0,0,0,0,0,5,0,0,0,0,0,0,0,0,0,0,0,0,0,0,0,0,0,0,0,0,0,0,0,0,0,1,0,0,0,1,0,0,3,0,0,0,0,0,0,0,0,0,0,5,0
"COG5549",2,0,0,0,0,39,0,4,0,0,0,0,1,0,0,25,0,2,0,0,1,0,0,0,0,0,0,0,0,0,0,0,1,0,0,0,0,2,6,0,0,0,0,1,0,0,4,0,1,1,1,79,0,0,2,1,0,0,0,0
"COG5551",6,2,12,0,7,2,0,21,10,5,7,0,2,15,1,1,1,25,8,11,7,25,2,4,1,0,3,14,28,4,16,5,15,17,3,20,13,25,3,11,19,0,4,12,3,3,7,11,20,9,0,30,22,6,7,4,8,11,3,1
"COG5553",0,0,0,0,0,0,0,1,0,0,0,0,0,0,0,0,0,0,0,0,0,0,0,0,0,0,0,6,0,0,0,0,2,0,0,0,0,0,0,0,0,0,0,0,0,0,0,0,0,0,0,3,0,0,0,0,0,0,5,1
"COG5557",14,56,3,1,2,2,10,2,3,3,0,90,1,1,1,7,13,2,8,3,5,2,2,2,8,6,1,24,1,5,4,7,11,5,10,5,5,6,4,3,7,4,13,7,4,8,6,5,4,3,15,8,4,6,2,21,3,21,2,11
"COG5561",66,4,4,7,4,5,10,18,25,19,1,0,8,10,3,2,17,3,21,7,8,18,7,10,14,19,8,1,2,21,16,7,14,12,6,14,8,5,15,7,8,15,14,23,12,4,12,3,12,1,56,11,3,0,20,13,30,4,14,7
"COG5562",4,50,0,1,0,1,1,0,4,0,1,91,0,0,0,6,1,0,0,1,0,0,0,0,1,0,2,4,1,0,0,1,8,0,4,0,0,1,0,1,1,0,0,5,2,1,0,0,0,0,4,4,1,1,0,1,0,1,8,1
"COG5564",0,3,5,0,2,5,0,1,1,1,0,7,1,0,0,0,3,0,1,1,0,0,6,0,2,0,0,1,6,0,0,0,3,1,1,1,0,6,7,0,0,0,0,0,3,0,0,18,0,0,3,0,2,2,1,1,1,2,0,1
"COG5565",0,0,0,2,0,0,1,0,0,1,1,2,1,0,0,4,1,0,0,0,0,0,0,0,0,0,1,0,0,0,0,0,0,0,0,0,0,0,0,0,0,0,0,0,0,0,0,0,0,0,0,0,0,0,0,1,0,3,0,0
"COG5566",0,0,0,0,0,0,0,0,1,0,0,1,0,0,0,2,2,0,0,0,0,0,0,0,1,0,0,0,0,0,0,0,0,0,0,0,0,0,0,0,0,0,0,0,0,0,0,0,1,0,0,0,0,0,0,0,0,8,0,0
"COG5567",5,20,0,2,0,3,1,0,3,0,1,35,0,0,0,3,4,0,0,0,1,0,0,0,0,0,3,4,1,1,1,0,7,1,1,0,0,0,0,2,2,0,0,6,0,5,0,0,0,0,3,3,0,0,0,0,0,3,8,2
"COG5569",2,31,0,0,0,2,2,0,5,0,3,36,0,0,0,5,3,0,0,1,0,0,0,0,1,0,0,13,0,0,0,2,5,2,3,0,0,0,1,0,1,0,0,3,0,2,0,0,0,1,6,1,0,0,0,0,0,1,8,4
"COG5571",5,27,0,0,0,2,1,0,1,0,2,51,1,0,0,6,4,0,0,1,0,0,0,0,3,2,5,15,2,1,0,2,8,1,2,0,0,1,0,0,4,1,1,3,2,3,1,0,0,0,2,10,0,0,0,2,0,7,13,7
"COG5577",51,1,43,18,25,25,0,15,10,16,12,0,32,10,22,5,1,26,3,6,19,8,12,26,2,7,3,24,41,3,49,11,9,6,10,17,10,34,1,38,3,6,3,36,12,7,4,10,17,20,0,42,35,40,16,29,6,4,11,4
"COG5578",2,2,0,0,0,0,0,0,0,0,0,2,0,0,0,6,0,0,0,0,0,0,0,0,0,0,0,0,0,0,0,0,0,0,0,0,0,1,0,0,0,0,0,0,0,0,3,0,1,0,3,15,0,0,0,0,1,0,0,0
"COG5579",0,1,8,15,6,1,7,48,14,11,49,1,2,3,7,5,1,30,1,3,2,0,3,62,9,6,17,2,2,13,3,5,10,39,8,20,22,1,8,5,14,7,3,2,11,0,29,14,2,51,10,13,14,17,11,2,15,9,7,25
"COG5581",6,47,0,0,0,6,5,0,5,0,1,58,3,0,0,9,7,0,0,0,3,0,0,0,1,1,0,10,0,1,0,0,9,0,3,0,0,1,0,0,1,1,0,3,1,5,0,0,0,0,7,1,0,0,0,2,0,8,0,1
"COG5585",118,15,40,26,7,1,13,23,5,33,13,48,22,10,71,39,22,9,19,121,46,5,41,55,26,46,8,8,8,7,13,23,13,12,4,61,8,54,17,7,9,8,32,12,33,4,37,13,29,69,40,70,17,15,32,60,18,188,1,5
"COG5586",2,4,0,1,0,0,1,0,0,0,1,1,0,1,2,0,0,0,0,3,0,0,0,0,0,2,0,0,0,0,1,0,0,0,1,0,0,0,1,0,1,1,0,1,0,0,5,0,0,0,0,0,0,1,1,0,0,9,1,0
"COG5587",6,56,70,83,124,5,40,52,111,65,93,0,35,126,88,14,134,85,96,100,113,33,6,111,102,91,6,58,31,159,16,55,52,31,34,49,6,15,68,48,59,40,39,38,25,55,33,36,41,8,34,1,37,26,36,27,3,27,42,22
"COG5595",0,0,0,0,0,0,0,0,0,0,0,0,0,0,0,0,0,0,0,0,0,1,0,0,0,2,0,0,0,0,0,0,0,0,0,0,1,2,0,0,0,0,0,0,0,0,0,0,0,0,0,1,0,0,0,8,0,0,0,0
"COG5598",0,1,1,3,0,0,1,1,2,1,1,0,1,2,0,0,1,3,2,0,3,1,0,3,3,0,0,5,0,3,2,13,3,1,1,0,0,0,3,4,7,5,0,1,1,2,0,4,0,0,0,0,0,2,0,0,0,20,1,2
"COG5606",0,0,0,0,0,1,0,0,0,0,0,10,0,0,0,20,6,0,0,3,0,0,0,0,0,0,0,6,0,0,0,1,0,0,0,0,0,0,0,1,0,0,0,0,8,0,0,0,0,0,0,2,0,0,0,0,0,0,0,1
"COG5610",117,17,86,59,37,1,23,146,43,133,57,0,71,47,8,25,68,59,63,48,90,11,46,95,20,1,4,75,137,31,32,34,48,46,14,24,24,198,42,108,18,79,71,98,3,22,21,29,20,20,79,102,49,57,50,96,0,73,3,37
"COG5614",1,76,5,0,0,0,0,4,0,2,11,23,8,1,0,6,0,10,0,1,0,0,1,0,1,0,0,1,0,0,2,0,7,6,1,6,1,2,2,2,4,0,1,1,1,0,4,1,0,0,0,0,0,1,4,4,0,7,0,0
"COG5617",3,0,22,33,10,6,0,10,6,15,12,0,53,9,5,0,0,36,17,2,11,0,12,22,0,0,0,4,29,0,41,3,0,10,3,13,3,17,0,48,6,17,0,50,0,0,18,26,10,6,0,2,48,89,27,88,0,2,10,18
"COG5618",1,0,1,1,1,2,1,1,0,0,27,2,3,2,0,0,2,0,0,1,0,0,2,2,0,4,0,7,13,0,0,2,1,0,0,2,0,5,0,0,0,0,0,4,2,1,0,1,0,1,0,9,0,0,0,1,4,1,13,10
"COG5619",28,0,3,0,1,0,0,2,3,0,2,0,0,2,2,2,0,5,0,1,1,2,3,21,0,3,2,0,9,2,0,3,40,0,0,24,0,12,0,0,1,1,1,0,3,0,0,1,7,6,0,8,0,0,0,2,72,0,1,2
"COG5620",30,20,9,7,55,0,28,30,32,20,12,8,30,80,40,0,34,18,24,2,21,16,2,29,13,68,5,34,4,24,35,41,16,28,14,64,21,14,41,6,72,17,2,22,45,3,1,22,44,5,35,2,73,8,12,18,2,5,73,9
"COG5632",85,101,72,39,293,144,12,42,62,69,19,68,51,60,83,80,13,64,25,36,54,14,34,30,29,39,14,115,119,29,67,61,22,43,38,93,20,134,21,22,16,75,30,39,71,42,45,93,57,40,31,73,65,55,39,102,26,73,23,19
"COG5633",3,20,0,0,0,2,5,1,1,0,0,32,1,0,0,7,2,0,0,2,1,0,0,0,1,3,1,5,0,0,0,0,1,0,0,0,2,0,0,0,0,0,0,1,1,0,0,0,0,0,1,4,0,0,0,8,1,0,18,7
"COG5635",138,4,33,85,26,1,30,60,78,220,7,2,0,53,8,22,2,5,21,1,8,36,10,13,14,83,100,68,6,6,1,5,5,1,4,4,18,99,77,43,0,0,14,19,12,108,1,4,2,0,58,4,31,2,3,14,3,12,23,8
"COG5640",0,8,0,0,1,0,5,0,25,3,0,0,0,0,0,1,0,0,0,2,2,0,0,0,0,0,0,0,0,0,0,7,1,0,0,0,1,0,0,1,0,0,0,0,1,12,0,0,1,0,0,0,0,0,4,0,0,17,0,3
"COG5642",0,0,0,0,0,0,0,0,1,0,0,0,0,0,0,1,0,0,0,0,0,0,0,0,0,0,0,0,1,0,0,0,0,0,0,0,0,0,0,0,0,0,0,0,0,0,0,0,0,0,0,0,0,0,1,0,0,0,27,0
"COG5645",7,38,0,1,0,2,6,1,1,0,3,67,0,0,0,11,7,0,0,1,0,1,0,0,1,0,2,11,0,3,1,1,5,3,3,0,1,1,0,1,3,1,0,5,2,6,0,1,2,0,5,8,0,1,0,4,1,6,27,6
"COG5646",3,1,0,0,0,0,1,0,1,0,0,1,0,0,1,2,0,0,0,0,0,0,0,0,1,0,0,0,0,0,0,0,0,0,1,0,0,0,1,1,2,0,0,0,0,1,0,0,1,0,2,0,0,0,0,0,0,2,0,0
"COG5651",0,0,0,0,0,0,0,0,0,0,0,0,0,8,0,0,2,16,1,0,3,0,0,0,0,0,0,0,0,4,1,0,0,0,0,0,0,0,0,0,0,0,0,0,0,0,0,0,0,1,0,0,5,4,0,0,10,0,0,0
"COG5652",54,19,64,31,55,79,3,69,30,47,26,24,42,48,58,27,28,49,23,35,43,13,30,36,24,28,6,51,72,13,100,33,12,15,13,76,28,69,22,78,37,40,20,42,34,15,8,88,38,32,15,57,70,88,37,50,26,11,19,15
"COG5654",1,0,0,0,0,0,0,0,0,0,0,0,0,0,0,1,0,0,0,0,0,0,0,0,0,0,0,0,0,0,0,1,4,2,0,0,0,0,0,0,0,0,0,0,0,0,0,0,0,0,2,0,0,0,0,0,0,0,28,1
"COG5655",5,482,54,1,0,51,32,1,0,1,0,919,6,2,0,64,4,0,1,11,0,3,49,33,22,1,40,1,3,0,3,6,117,0,2,67,0,15,8,1,4,13,5,29,2,80,0,0,0,1,1,10,1,0,1,10,1,140,6,8
"COG5658",104,19,16,24,23,66,0,21,27,35,13,20,32,16,23,62,4,24,16,20,21,6,14,21,20,5,4,10,42,8,42,15,19,2,17,85,11,50,9,16,20,36,19,46,18,7,22,51,41,14,26,47,18,50,27,37,45,49,14,8
"COG5659",0,0,0,1,0,0,0,0,0,0,0,0,0,0,0,0,1,0,0,0,0,0,0,0,0,0,0,0,0,0,0,1,0,0,1,0,0,0,13,0,0,2,1,0,0,0,0,0,0,0,0,0,0,0,0,0,0,0,0,1
"COG5663",0,8,3,6,18,8,0,41,8,1,0,10,4,5,7,1,7,5,3,20,12,6,0,3,19,5,1,11,2,11,41,24,4,0,15,78,1,26,8,43,11,32,10,22,13,14,0,24,9,0,1,1,31,11,18,6,0,35,8,1
