"","NLF005","DLM022","DOF009","NLM023","DLF001","NOM018"
"COG0001",53,89,51,86,32,86
"COG0002",215,144,194,196,150,226
"COG0003",8,43,42,33,77,14
"COG0004",260,152,186,151,93,226
"COG0005",163,111,131,99,128,117
"COG0006",528,502,658,569,626,626
"COG0007",43,57,17,64,27,92
"COG0008",678,780,698,342,261,496
"COG0009",270,304,281,234,248,292
"COG0010",92,90,118,164,82,37
"COG0011",1,3,10,0,0,8
"COG0012",298,314,276,214,150,253
"COG0013",587,641,545,463,386,603
"COG0014",213,156,216,229,193,263
"COG0015",364,313,367,167,165,249
"COG0016",285,306,241,274,186,194
"COG0017",346,414,330,365,252,378
"COG0018",471,480,399,372,329,432
"COG0019",601,354,483,387,366,496
"COG0020",165,191,188,90,96,124
"COG0021",244,234,231,172,225,277
"COG0022",21,84,30,153,147,7
"COG0023",30,20,59,41,37,32
"COG0024",411,305,343,348,294,412
"COG0025",95,60,178,36,31,143
"COG0026",6,13,34,22,2,21
"COG0027",112,25,156,112,174,140
"COG0028",513,416,497,536,524,732
"COG0029",257,165,268,292,213,295
"COG0030",285,350,217,298,152,347
"COG0031",238,271,301,243,202,293
"COG0033",4,14,41,7,3,6
"COG0034",525,440,471,436,399,457
"COG0035",228,183,232,169,167,182
"COG0036",182,246,175,110,94,128
"COG0037",603,546,428,432,362,562
"COG0038",403,262,481,439,425,405
"COG0039",211,171,189,362,304,297
"COG0040",136,98,189,142,197,172
"COG0041",168,85,155,109,90,142
"COG0042",393,350,416,380,296,443
"COG0043",13,54,20,40,25,18
"COG0044",309,321,311,246,235,334
"COG0045",15,89,42,59,84,28
"COG0046",651,471,648,435,410,688
"COG0047",606,420,565,382,343,660
"COG0048",106,111,94,94,55,83
"COG0049",154,163,156,155,123,150
"COG0050",399,399,297,213,153,240
"COG0051",116,130,121,106,78,98
"COG0052",207,219,217,160,130,198
"COG0053",277,317,260,197,211,246
"COG0054",84,49,109,105,70,100
"COG0055",468,251,272,271,153,458
"COG0056",509,251,361,308,192,578
"COG0057",296,401,245,236,147,226
"COG0058",833,735,640,494,663,773
"COG0059",134,100,172,229,158,237
"COG0060",715,902,666,521,421,633
"COG0061",217,177,186,165,132,224
"COG0062",233,154,197,128,147,258
"COG0063",292,154,224,169,130,255
"COG0064",184,235,102,71,47,175
"COG0065",247,195,303,291,199,291
"COG0066",102,117,125,109,113,147
"COG0067",509,361,536,341,240,571
"COG0068",25,84,50,40,33,54
"COG0069",523,388,479,370,337,631
"COG0070",494,288,419,353,355,552
"COG0071",205,160,182,149,214,192
"COG0072",494,579,404,292,223,317
"COG0073",896,976,758,780,571,862
"COG0074",10,108,45,57,74,40
"COG0075",148,111,122,149,162,201
"COG0076",52,105,118,157,211,68
"COG0077",179,183,169,160,109,185
"COG0078",254,304,314,212,164,298
"COG0079",357,201,330,384,592,460
"COG0080",161,158,141,82,68,94
"COG0081",243,224,194,180,136,194
"COG0082",170,170,206,193,143,196
"COG0083",30,32,50,30,16,23
"COG0084",243,272,298,260,302,254
"COG0085",1016,1120,789,771,638,1020
"COG0086",991,1126,885,881,515,923
"COG0087",219,206,174,164,135,186
"COG0088",221,222,208,104,59,128
"COG0089",152,118,118,90,92,118
"COG0090",262,299,204,152,119,204
"COG0091",148,159,116,113,70,122
"COG0092",235,216,166,127,98,203
"COG0093",158,146,107,96,74,100
"COG0094",213,245,165,151,112,171
"COG0095",53,94,58,92,72,12
"COG0096",162,172,106,96,70,143
"COG0097",186,217,163,147,108,185
"COG0098",165,189,189,160,98,174
"COG0099",123,120,110,105,73,113
"COG0100",164,160,118,87,35,126
"COG0101",268,263,252,197,189,243
"COG0102",180,170,123,115,58,140
"COG0103",87,91,85,112,84,117
"COG0104",378,276,312,267,218,340
"COG0105",63,43,73,45,66,36
"COG0106",118,108,120,144,141,157
"COG0107",153,128,132,106,111,201
"COG0108",243,127,229,244,205,251
"COG0109",1,11,1,6,0,2
"COG0110",623,582,820,1046,1054,544
"COG0111",392,402,542,367,314,386
"COG0112",253,294,267,235,200,257
"COG0113",46,80,33,45,13,57
"COG0114",12,61,27,23,23,29
"COG0115",331,214,347,299,296,390
"COG0116",257,197,157,153,105,281
"COG0117",171,76,213,212,110,202
"COG0118",122,101,130,117,103,121
"COG0119",575,435,549,525,570,725
"COG0120",9,77,18,80,63,24
"COG0121",1,4,2,2,2,14
"COG0122",74,168,31,37,20,91
"COG0123",5,6,6,12,5,11
"COG0124",318,427,294,284,274,259
"COG0125",58,165,61,47,13,46
"COG0126",325,317,240,186,155,277
"COG0127",199,189,166,146,121,155
"COG0128",226,197,263,197,127,284
"COG0129",350,308,337,335,303,435
"COG0130",136,138,127,119,107,177
"COG0131",139,92,144,135,167,166
"COG0132",36,30,52,97,101,73
"COG0133",192,210,186,138,136,197
"COG0134",134,104,123,109,104,158
"COG0135",59,63,77,44,41,112
"COG0136",236,248,211,215,150,234
"COG0137",305,228,255,236,178,298
"COG0138",383,248,379,427,385,374
"COG0139",164,104,145,115,173,173
"COG0140",142,78,129,66,83,94
"COG0141",124,90,135,206,169,245
"COG0142",272,159,212,316,298,271
"COG0143",476,527,419,347,296,471
"COG0144",285,418,254,277,264,391
"COG0145",28,27,2,12,35,21
"COG0146",2,6,0,2,0,5
"COG0147",324,182,309,305,382,347
"COG0148",396,342,320,356,199,307
"COG0149",171,258,194,191,130,230
"COG0150",258,221,249,166,168,252
"COG0151",241,191,264,174,121,263
"COG0152",214,177,221,222,121,219
"COG0153",237,145,147,239,248,237
"COG0154",181,274,85,72,36,179
"COG0155",2,17,17,29,19,36
"COG0156",323,278,474,443,500,310
"COG0157",214,101,200,204,147,188
"COG0158",3,10,22,12,0,12
"COG0159",127,90,119,101,138,173
"COG0160",32,51,26,27,14,30
"COG0161",101,74,181,185,186,167
"COG0162",369,343,281,280,121,268
"COG0163",7,26,21,16,9,7
"COG0164",172,181,158,133,106,167
"COG0165",267,218,259,265,212,334
"COG0166",361,347,326,308,230,384
"COG0167",299,247,480,393,329,318
"COG0168",609,613,701,603,669,627
"COG0169",232,185,223,191,182,240
"COG0170",1,8,1,0,0,0
"COG0171",407,327,380,264,207,339
"COG0172",402,402,339,226,190,346
"COG0173",439,599,318,315,304,445
"COG0174",166,209,179,199,145,225
"COG0175",118,118,127,154,253,241
"COG0176",89,80,129,191,142,111
"COG0177",144,202,174,140,122,191
"COG0178",885,979,971,724,645,816
"COG0179",84,67,135,120,81,78
"COG0180",279,329,246,238,214,257
"COG0181",30,50,40,46,16,85
"COG0182",56,68,34,43,16,36
"COG0183",105,136,77,93,45,148
"COG0184",50,59,63,73,79,88
"COG0185",127,111,107,73,77,101
"COG0186",137,109,97,79,60,102
"COG0187",946,950,857,464,318,661
"COG0188",762,759,623,837,723,1028
"COG0189",34,54,13,38,30,60
"COG0190",232,213,199,196,126,213
"COG0191",268,415,257,231,232,343
"COG0192",339,501,315,269,222,332
"COG0193",160,189,173,122,118,153
"COG0194",239,234,205,186,128,268
"COG0195",355,359,304,258,245,318
"COG0196",203,177,191,150,127,194
"COG0197",173,177,105,113,90,126
"COG0198",114,140,78,94,65,108
"COG0199",59,45,79,82,66,58
"COG0200",159,174,155,131,107,110
"COG0201",428,390,399,296,237,384
"COG0202",200,207,177,203,144,266
"COG0203",163,151,121,98,63,137
"COG0204",390,332,296,522,586,425
"COG0205",954,615,850,706,800,845
"COG0206",338,366,301,297,236,309
"COG0207",150,215,186,191,175,178
"COG0208",58,72,84,102,143,105
"COG0209",372,343,407,435,411,268
"COG0210",927,1059,917,781,927,1192
"COG0211",75,85,73,60,58,44
"COG0212",111,107,135,116,100,128
"COG0213",114,160,33,42,17,70
"COG0214",104,32,43,15,20,58
"COG0215",248,268,210,328,209,356
"COG0216",255,296,241,200,166,218
"COG0217",201,225,189,168,153,181
"COG0218",169,181,134,113,106,140
"COG0219",86,120,57,59,22,107
"COG0220",212,202,201,176,174,183
"COG0221",72,124,31,21,11,49
"COG0222",127,114,69,75,63,59
"COG0223",235,295,183,195,212,221
"COG0224",329,187,231,192,180,329
"COG0225",51,79,95,110,142,107
"COG0226",161,153,168,291,214,222
"COG0227",30,29,45,51,36,31
"COG0228",88,91,93,52,40,69
"COG0229",16,60,30,71,110,24
"COG0230",10,11,17,41,28,19
"COG0231",194,184,154,151,135,155
"COG0232",287,249,209,190,192,275
"COG0233",179,169,175,151,132,158
"COG0234",84,115,67,79,36,83
"COG0235",279,222,306,310,314,269
"COG0236",102,102,119,141,85,129
"COG0237",169,130,153,78,74,85
"COG0238",78,83,48,57,29,63
"COG0239",37,22,53,50,57,25
"COG0240",263,250,257,223,191,199
"COG0241",85,132,129,187,220,139
"COG0242",222,197,218,138,138,185
"COG0243",70,311,173,287,62,316
"COG0244",143,173,152,102,59,126
"COG0245",144,132,153,174,134,139
"COG0246",303,220,235,293,322,370
"COG0247",151,181,272,242,144,202
"COG0248",128,133,192,173,177,197
"COG0249",719,863,669,612,562,745
"COG0250",225,228,176,167,142,204
"COG0251",205,193,309,306,253,222
"COG0252",233,212,326,375,335,248
"COG0253",196,163,173,159,162,220
"COG0254",46,60,40,72,45,48
"COG0255",41,89,24,28,11,43
"COG0256",161,146,105,97,63,109
"COG0257",9,9,9,10,2,26
"COG0258",443,552,516,390,392,496
"COG0259",14,19,22,60,65,19
"COG0260",12,46,36,43,19,41
"COG0261",114,105,102,106,71,82
"COG0262",124,136,130,169,141,127
"COG0263",196,140,199,200,176,208
"COG0264",292,280,261,224,202,284
"COG0265",461,550,427,319,242,388
"COG0266",25,65,28,96,49,16
"COG0267",33,33,46,37,37,19
"COG0268",39,82,29,23,15,38
"COG0269",1,19,3,13,3,2
"COG0270",749,502,527,533,187,759
"COG0271",0,5,1,1,1,2
"COG0272",516,573,457,372,292,350
"COG0274",182,183,179,117,121,96
"COG0275",332,284,213,213,160,311
"COG0276",3,9,7,12,0,25
"COG0277",89,210,153,172,113,129
"COG0278",3,2,1,0,0,5
"COG0279",16,54,46,52,119,39
"COG0280",554,475,610,405,421,329
"COG0281",361,253,329,345,346,402
"COG0282",312,449,271,256,159,250
"COG0283",147,206,190,127,111,143
"COG0284",274,140,234,198,182,219
"COG0285",357,255,256,201,207,289
"COG0286",731,828,839,533,574,657
"COG0287",120,144,98,134,94,133
"COG0288",33,50,90,97,84,79
"COG0289",224,207,204,190,148,209
"COG0290",169,214,142,82,60,105
"COG0291",57,52,43,51,49,45
"COG0292",115,115,95,79,62,103
"COG0293",1,11,6,9,2,12
"COG0294",153,125,168,159,203,132
"COG0295",117,111,124,106,94,115
"COG0296",587,376,507,425,468,630
"COG0297",330,265,272,218,200,318
"COG0298",3,22,6,10,1,8
"COG0299",119,133,123,128,117,133
"COG0300",202,154,192,159,146,152
"COG0301",160,212,63,61,17,146
"COG0302",109,70,149,142,124,139
"COG0303",53,128,71,78,33,101
"COG0304",411,293,387,271,355,255
"COG0305",418,770,384,390,407,393
"COG0306",42,53,87,98,113,78
"COG0307",112,61,152,110,113,135
"COG0308",35,107,88,113,70,63
"COG0309",78,67,39,44,33,120
"COG0310",18,54,13,13,13,20
"COG0311",72,17,32,13,11,47
"COG0312",112,235,73,179,60,79
"COG0313",283,208,280,240,231,251
"COG0314",1,10,5,6,1,5
"COG0315",17,49,25,31,13,42
"COG0316",3,27,7,18,6,29
"COG0317",721,747,656,546,532,731
"COG0318",431,603,529,520,448,466
"COG0319",162,149,147,114,93,148
"COG0320",83,63,148,109,123,98
"COG0321",42,51,93,91,102,56
"COG0322",419,424,373,261,208,257
"COG0323",374,384,360,281,291,310
"COG0324",345,278,327,293,336,276
"COG0325",188,136,176,148,137,165
"COG0326",487,372,456,425,598,497
"COG0327",116,137,176,148,129,111
"COG0328",45,121,55,37,8,34
"COG0329",353,387,429,473,481,378
"COG0330",303,368,264,246,141,326
"COG0331",233,136,233,186,146,183
"COG0332",277,205,309,433,542,329
"COG0333",46,28,33,32,23,28
"COG0334",531,357,500,448,432,416
"COG0335",120,94,124,78,74,98
"COG0336",183,199,185,146,134,176
"COG0337",222,151,243,189,201,254
"COG0338",106,248,157,94,51,61
"COG0339",223,166,362,540,516,374
"COG0340",198,158,200,178,165,184
"COG0341",219,149,150,172,215,171
"COG0342",608,268,338,457,319,433
"COG0343",286,349,288,252,172,225
"COG0344",125,173,63,61,25,109
"COG0345",169,146,190,219,219,184
"COG0346",178,194,267,328,345,213
"COG0347",236,133,151,102,92,197
"COG0348",151,275,268,230,223,193
"COG0349",1,8,30,8,1,5
"COG0350",118,142,120,145,155,144
"COG0351",188,121,234,205,126,226
"COG0352",188,111,151,139,106,189
"COG0353",195,231,170,110,67,120
"COG0354",3,11,2,6,2,22
"COG0355",99,63,67,74,31,90
"COG0356",285,179,234,234,180,291
"COG0357",202,192,170,137,103,180
"COG0358",677,865,635,466,509,546
"COG0359",166,173,125,122,113,125
"COG0360",97,113,92,86,73,93
"COG0361",102,87,76,63,60,63
"COG0362",33,79,86,121,169,68
"COG0363",347,321,466,484,515,377
"COG0364",50,69,74,135,193,60
"COG0365",151,181,204,246,234,180
"COG0366",1545,1206,1196,958,608,1290
"COG0367",207,311,170,304,183,381
"COG0368",79,74,66,45,41,87
"COG0369",0,9,1,7,2,14
"COG0370",805,793,649,346,257,493
"COG0371",119,138,79,83,93,147
"COG0372",355,277,311,283,247,435
"COG0373",37,56,28,56,25,49
"COG0374",9,68,28,63,29,36
"COG0375",29,70,16,21,19,24
"COG0376",0,16,4,6,1,1
"COG0377",38,22,88,36,23,34
"COG0378",62,95,46,30,41,99
"COG0379",167,117,194,183,95,206
"COG0380",53,68,53,99,171,38
"COG0381",216,329,315,448,482,190
"COG0382",62,26,15,23,42,23
"COG0383",141,505,254,493,382,324
"COG0384",18,29,31,14,14,5
"COG0385",65,40,141,93,32,126
"COG0386",50,22,26,50,106,25
"COG0387",0,14,5,11,2,1
"COG0388",682,530,720,576,660,662
"COG0389",448,529,404,358,265,478
"COG0390",63,29,40,73,79,19
"COG0391",39,133,41,24,18,19
"COG0392",75,108,71,31,26,71
"COG0393",49,48,92,91,72,38
"COG0394",183,163,252,201,192,246
"COG0395",1287,1356,823,668,677,1060
"COG0396",167,210,164,109,121,189
"COG0397",0,9,2,1,4,1
"COG0398",30,105,48,20,25,30
"COG0399",488,403,316,718,522,438
"COG0400",3,5,10,2,3,2
"COG0401",0,0,0,1,0,1
"COG0402",170,475,237,307,124,177
"COG0403",176,153,235,229,323,164
"COG0404",89,146,215,150,206,111
"COG0405",11,32,15,71,19,15
"COG0406",309,278,267,146,143,313
"COG0407",34,84,110,85,90,39
"COG0408",0,5,2,4,0,0
"COG0409",9,64,25,21,14,49
"COG0410",97,139,78,61,44,82
"COG0411",88,153,67,56,40,95
"COG0412",0,18,3,15,6,6
"COG0413",133,76,110,180,104,111
"COG0414",119,87,143,160,138,134
"COG0415",0,7,8,5,5,0
"COG0416",137,204,89,93,29,120
"COG0417",0,39,2,10,3,3
"COG0418",1,12,1,5,0,5
"COG0419",432,354,330,314,515,387
"COG0420",280,234,222,192,216,259
"COG0421",154,28,45,58,18,105
"COG0422",267,169,217,214,232,261
"COG0423",376,428,332,234,233,313
"COG0424",160,135,179,125,161,161
"COG0425",231,91,205,139,172,153
"COG0426",262,415,307,195,158,193
"COG0427",176,213,439,206,218,320
"COG0428",202,239,101,103,55,111
"COG0429",3,7,12,13,1,5
"COG0430",0,6,1,1,1,0
"COG0431",2,16,5,12,4,2
"COG0432",50,44,66,41,104,64
"COG0433",139,157,127,78,153,47
"COG0434",7,22,10,6,10,4
"COG0435",6,15,15,3,0,4
"COG0436",1212,878,1343,1038,1075,1216
"COG0437",42,87,47,127,14,105
"COG0438",3236,2503,3133,4188,5640,2785
"COG0439",181,223,291,277,294,193
"COG0440",119,95,69,87,59,156
"COG0441",756,772,580,673,463,664
"COG0442",253,330,212,278,202,372
"COG0443",725,622,555,441,306,497
"COG0444",223,436,306,224,139,228
"COG0445",506,499,411,412,352,542
"COG0446",496,802,516,533,442,618
"COG0447",59,27,66,83,73,98
"COG0448",385,356,272,202,114,422
"COG0449",426,482,397,370,315,441
"COG0450",68,97,93,152,182,81
"COG0451",593,630,766,1269,1901,1086
"COG0452",244,220,224,202,138,313
"COG0454",709,712,848,761,840,678
"COG0455",80,9,15,1,0,55
"COG0456",99,175,78,67,43,114
"COG0457",1523,932,1629,1502,1890,1390
"COG0458",868,723,918,861,564,1036
"COG0459",382,444,351,312,236,350
"COG0460",428,294,359,244,287,398
"COG0461",126,73,122,138,126,198
"COG0462",340,308,310,224,155,308
"COG0463",3785,2665,3352,3476,4809,3235
"COG0464",188,131,197,204,90,197
"COG0465",688,860,535,426,281,706
"COG0466",476,417,422,325,323,544
"COG0468",307,349,213,224,643,236
"COG0469",464,362,403,272,258,359
"COG0470",36,110,60,57,11,33
"COG0471",508,388,447,527,592,540
"COG0472",405,515,454,410,623,317
"COG0473",210,186,208,222,206,246
"COG0474",1141,1306,833,790,797,763
"COG0475",491,449,731,825,1136,461
"COG0476",102,58,143,158,111,185
"COG0477",1066,1794,2371,2316,2310,1477
"COG0479",93,65,152,137,88,101
"COG0480",1547,1543,1359,1304,2190,1553
"COG0481",442,474,358,319,279,403
"COG0482",393,311,418,447,415,367
"COG0483",61,75,135,68,84,78
"COG0484",328,401,230,165,138,261
"COG0486",370,305,263,297,259,310
"COG0488",1652,1242,1433,1533,1533,1728
"COG0489",657,684,683,484,658,356
"COG0490",1,8,1,3,2,0
"COG0491",237,363,283,296,234,241
"COG0492",242,340,219,245,187,265
"COG0493",805,748,731,645,522,794
"COG0494",680,550,429,376,290,609
"COG0495",635,729,579,496,482,622
"COG0496",118,101,148,108,108,133
"COG0497",351,352,312,305,172,336
"COG0498",261,281,298,243,191,301
"COG0499",61,158,109,130,141,39
"COG0500",812,998,655,802,640,857
"COG0501",110,165,219,188,237,166
"COG0502",226,186,279,358,260,288
"COG0503",284,234,279,247,239,298
"COG0504",434,436,418,285,264,374
"COG0505",255,152,226,198,164,226
"COG0506",73,93,73,70,160,51
"COG0507",1133,1140,1100,1185,890,1081
"COG0508",19,96,43,108,65,41
"COG0509",41,55,95,74,97,49
"COG0510",14,27,25,25,22,82
"COG0511",119,84,156,210,267,258
"COG0512",160,80,130,94,97,136
"COG0513",574,418,654,618,806,691
"COG0514",790,362,955,966,1040,794
"COG0515",778,721,542,697,300,566
"COG0516",373,305,407,360,247,369
"COG0517",438,486,499,440,302,455
"COG0518",377,336,381,331,447,412
"COG0519",354,360,355,343,389,397
"COG0520",325,328,284,257,220,320
"COG0521",37,70,35,33,15,79
"COG0522",190,191,184,136,107,187
"COG0523",255,131,188,135,96,230
"COG0524",905,837,1067,1075,975,956
"COG0525",552,699,525,411,337,539
"COG0526",905,776,1531,1221,1866,963
"COG0527",627,472,611,558,575,601
"COG0528",204,213,217,163,156,182
"COG0529",45,35,74,73,97,76
"COG0530",188,156,147,80,88,121
"COG0531",212,438,531,437,353,362
"COG0532",478,485,431,275,214,475
"COG0533",263,321,223,205,157,266
"COG0534",4029,3042,3686,3239,2747,4339
"COG0535",506,471,328,416,410,537
"COG0536",265,311,224,198,125,245
"COG0537",209,175,202,207,220,210
"COG0538",235,182,238,181,181,242
"COG0539",445,397,463,326,309,388
"COG0540",266,196,226,198,143,193
"COG0541",320,366,345,286,208,291
"COG0542",1462,1422,1173,987,904,1325
"COG0543",519,319,460,430,432,420
"COG0544",519,403,359,357,332,529
"COG0545",482,138,409,351,399,330
"COG0546",470,366,418,338,214,407
"COG0547",151,136,148,155,123,184
"COG0548",193,141,203,183,123,207
"COG0549",104,135,53,51,36,96
"COG0550",1331,1528,1154,1212,1195,1369
"COG0551",240,360,213,101,52,145
"COG0552",229,256,174,138,143,165
"COG0553",433,504,320,496,759,653
"COG0554",159,212,121,198,84,217
"COG0555",42,19,8,21,0,63
"COG0556",453,528,338,306,300,375
"COG0557",492,385,381,360,205,447
"COG0558",162,252,125,113,107,122
"COG0559",106,175,100,63,62,92
"COG0560",185,129,187,211,193,152
"COG0561",625,602,646,659,568,766
"COG0562",224,130,239,168,132,250
"COG0563",241,231,212,157,135,158
"COG0564",763,781,733,706,607,722
"COG0565",4,30,2,12,5,9
"COG0566",553,502,630,513,481,511
"COG0567",9,61,11,33,2,55
"COG0568",379,405,251,226,131,303
"COG0569",477,494,468,502,411,540
"COG0571",175,227,197,193,195,184
"COG0572",462,421,391,420,294,326
"COG0573",155,192,196,185,156,166
"COG0574",890,845,802,692,599,774
"COG0575",173,157,231,184,153,193
"COG0576",182,163,135,163,136,137
"COG0577",1701,1887,1442,1514,1341,1688
"COG0578",25,43,54,40,10,36
"COG0579",56,101,48,71,57,143
"COG0580",50,71,107,76,98,79
"COG0581",166,186,196,154,147,187
"COG0582",3085,3476,2421,2385,2256,2622
"COG0583",1050,1423,950,1049,691,1349
"COG0584",245,243,575,537,714,286
"COG0585",2,25,6,5,2,24
"COG0586",69,72,119,113,167,74
"COG0587",715,1041,685,635,551,835
"COG0588",70,68,87,148,229,58
"COG0589",220,207,427,371,538,222
"COG0590",160,175,175,148,151,185
"COG0591",377,425,461,523,698,346
"COG0592",302,403,287,205,147,220
"COG0593",71,159,116,155,168,71
"COG0594",82,124,56,53,17,57
"COG0595",258,396,141,131,61,217
"COG0596",244,283,208,298,194,263
"COG0597",53,78,35,46,24,78
"COG0598",343,227,385,346,348,310
"COG0599",118,124,137,189,108,94
"COG0600",172,295,121,125,73,157
"COG0601",258,501,390,272,154,307
"COG0602",159,117,149,193,132,247
"COG0603",96,68,113,107,99,95
"COG0604",7,26,17,25,5,7
"COG0605",48,57,87,72,51,59
"COG0606",295,314,296,175,148,177
"COG0607",233,149,256,360,364,369
"COG0608",335,456,325,404,233,351
"COG0609",345,344,314,374,252,398
"COG0610",606,386,359,465,428,452
"COG0611",57,77,157,93,99,103
"COG0612",1007,941,1042,1116,845,760
"COG0613",130,220,80,93,56,105
"COG0614",412,380,300,433,370,430
"COG0615",77,94,50,95,206,99
"COG0616",179,130,297,236,275,169
"COG0617",299,352,280,221,165,314
"COG0618",329,279,228,172,234,290
"COG0619",199,365,361,160,88,251
"COG0620",233,143,127,98,41,180
"COG0621",862,973,805,636,727,815
"COG0622",205,164,181,165,161,220
"COG0623",106,58,130,84,117,104
"COG0624",315,542,535,493,337,413
"COG0625",9,41,24,33,8,27
"COG0626",69,101,66,43,32,68
"COG0627",156,132,188,154,391,247
"COG0628",566,541,481,506,458,502
"COG0629",303,428,236,174,148,314
"COG0630",35,2,7,2,2,33
"COG0631",325,212,220,110,63,183
"COG0632",165,167,181,125,95,150
"COG0633",2,7,7,11,4,16
"COG0634",188,173,168,153,119,186
"COG0635",426,483,363,325,387,455
"COG0636",129,109,123,61,64,83
"COG0637",437,274,415,362,398,428
"COG0639",115,164,88,123,201,171
"COG0640",137,193,118,84,54,126
"COG0641",551,410,568,662,559,457
"COG0642",6955,7128,7214,11606,14090,6891
"COG0643",161,52,25,34,12,114
"COG0644",1,79,23,13,14,13
"COG0645",2,0,0,0,0,0
"COG0646",518,251,433,359,262,495
"COG0647",30,114,42,30,17,51
"COG0648",153,169,116,153,192,147
"COG0649",147,66,225,168,184,125
"COG0650",4,40,11,7,2,6
"COG0651",34,108,74,83,39,37
"COG0652",239,260,238,213,162,207
"COG0653",786,770,586,511,443,702
"COG0654",13,36,14,74,113,3
"COG0655",208,299,233,257,239,235
"COG0656",147,152,199,372,303,133
"COG0657",383,361,432,328,332,272
"COG0658",260,293,245,259,269,252
"COG0659",356,176,290,279,275,384
"COG0661",23,97,56,27,20,31
"COG0662",177,77,56,66,48,152
"COG0663",87,74,143,123,82,105
"COG0664",431,539,671,812,1025,490
"COG0665",72,141,65,46,34,150
"COG0666",91,35,142,196,134,175
"COG0667",316,311,428,525,325,398
"COG0668",507,424,545,595,651,419
"COG0669",154,129,169,134,110,159
"COG0670",80,43,100,45,25,50
"COG0671",271,206,171,139,147,198
"COG0672",2,6,29,9,0,15
"COG0673",575,1334,832,1160,1460,760
"COG0674",1053,861,1216,912,760,1023
"COG0675",110,123,254,225,151,581
"COG0676",1,8,7,4,0,2
"COG0677",170,205,122,286,129,56
"COG0678",1,0,0,0,0,4
"COG0679",263,242,279,159,63,290
"COG0680",7,43,16,25,10,15
"COG0681",475,585,523,490,617,509
"COG0682",236,252,255,180,169,222
"COG0683",106,238,160,88,79,122
"COG0684",31,66,69,82,21,41
"COG0685",277,148,222,218,205,258
"COG0686",36,113,115,153,152,29
"COG0687",200,235,253,180,194,336
"COG0688",125,100,160,181,152,168
"COG0689",16,24,21,26,6,21
"COG0690",4,7,2,5,0,20
"COG0691",146,154,127,105,69,132
"COG0692",140,90,123,120,99,145
"COG0693",170,140,198,212,218,155
"COG0694",6,23,6,8,1,6
"COG0695",5,12,10,5,4,17
"COG0696",416,413,354,339,187,386
"COG0697",682,821,1092,907,756,728
"COG0698",208,133,145,105,79,157
"COG0699",73,47,9,48,35,10
"COG0700",176,152,161,175,158,188
"COG0701",40,47,67,118,72,46
"COG0702",4,63,10,33,9,15
"COG0703",236,142,213,188,135,192
"COG0704",146,166,136,155,157,144
"COG0705",212,132,266,188,271,175
"COG0706",415,349,333,180,209,292
"COG0707",340,494,282,243,184,356
"COG0708",126,182,150,171,78,137
"COG0709",34,35,24,29,15,68
"COG0710",37,33,15,24,11,64
"COG0711",148,76,103,129,66,142
"COG0712",112,51,78,78,75,92
"COG0713",13,16,35,22,45,10
"COG0714",454,369,512,456,353,389
"COG0715",175,359,209,188,157,213
"COG0716",259,302,457,489,318,254
"COG0717",5,26,28,16,2,11
"COG0718",71,128,33,42,19,75
"COG0719",358,299,351,427,473,447
"COG0720",55,56,72,79,53,72
"COG0721",47,47,29,15,9,57
"COG0722",102,121,102,62,32,143
"COG0723",11,61,2,12,11,14
"COG0724",43,49,57,128,189,36
"COG0725",15,72,36,35,22,67
"COG0726",615,602,364,670,479,572
"COG0727",19,40,22,18,10,8
"COG0728",18,27,65,29,8,43
"COG0729",5,16,14,80,6,50
"COG0730",34,78,64,59,17,48
"COG0731",92,54,134,160,140,70
"COG0732",647,424,436,375,440,324
"COG0733",546,614,454,389,346,675
"COG0735",282,184,273,236,213,248
"COG0736",27,36,27,16,5,17
"COG0737",427,344,465,442,531,554
"COG0738",467,230,589,898,1150,725
"COG0739",1207,1183,1191,990,1181,1042
"COG0740",405,442,298,211,136,249
"COG0741",325,316,356,326,230,350
"COG0742",165,150,135,115,141,149
"COG0743",294,168,211,242,170,291
"COG0744",492,608,363,277,261,492
"COG0745",2823,3100,3398,4141,3927,3033
"COG0746",27,18,14,17,8,35
"COG0747",269,777,491,465,207,328
"COG0749",541,648,494,368,878,447
"COG0750",419,461,274,233,145,390
"COG0751",19,27,39,55,24,39
"COG0752",10,12,21,33,9,28
"COG0753",40,66,150,105,114,82
"COG0754",21,41,50,23,16,69
"COG0755",188,155,278,364,236,175
"COG0756",157,199,134,354,99,147
"COG0757",109,61,114,67,99,96
"COG0758",365,250,196,196,213,256
"COG0759",74,56,67,52,35,66
"COG0760",349,337,348,370,240,316
"COG0761",241,291,270,253,208,256
"COG0762",6,9,13,6,1,13
"COG0763",104,47,217,139,194,129
"COG0764",225,121,242,218,183,189
"COG0765",459,407,408,256,85,503
"COG0766",413,536,335,308,208,383
"COG0767",113,44,126,140,140,99
"COG0768",1356,1405,1006,825,728,1146
"COG0769",498,740,452,316,269,412
"COG0770",518,506,623,581,512,544
"COG0771",367,367,344,260,214,290
"COG0772",461,577,464,526,396,680
"COG0773",384,418,328,307,216,362
"COG0774",178,95,193,184,155,137
"COG0775",265,212,345,287,244,291
"COG0776",310,292,251,248,355,170
"COG0777",145,80,51,81,32,155
"COG0778",556,441,696,754,652,549
"COG0779",86,113,51,48,27,93
"COG0780",95,53,115,80,111,99
"COG0781",165,161,163,129,112,121
"COG0782",247,227,189,175,119,247
"COG0783",36,28,49,101,52,14
"COG0784",1554,1219,857,916,963,893
"COG0785",3,46,8,16,15,2
"COG0786",80,64,58,157,55,151
"COG0787",260,253,356,340,360,385
"COG0788",32,24,38,39,56,21
"COG0789",292,286,271,313,259,257
"COG0790",227,262,214,112,321,136
"COG0791",497,556,448,324,257,553
"COG0792",112,80,100,98,125,105
"COG0793",1141,734,1502,1343,1908,1233
"COG0794",77,118,148,171,137,96
"COG0795",272,164,140,314,290,186
"COG0796",209,203,209,189,162,186
"COG0797",6,18,5,21,7,23
"COG0798",14,17,27,31,10,13
"COG0799",108,93,125,96,121,102
"COG0800",135,144,149,125,131,170
"COG0801",93,51,111,86,59,95
"COG0802",147,148,134,90,74,129
"COG0803",117,206,216,143,79,146
"COG0804",26,6,13,25,15,16
"COG0805",142,64,128,79,52,63
"COG0806",109,139,91,71,48,106
"COG0807",174,92,217,208,173,205
"COG0809",409,344,393,375,324,369
"COG0810",1,11,1,11,1,18
"COG0811",218,140,331,309,318,200
"COG0812",234,234,246,178,157,212
"COG0813",76,132,48,41,25,65
"COG0814",41,103,55,64,39,92
"COG0815",20,24,24,27,6,32
"COG0816",132,143,150,125,107,106
"COG0817",88,126,138,116,126,64
"COG0818",45,75,55,62,55,54
"COG0819",39,25,37,41,1,33
"COG0820",335,340,259,154,135,196
"COG0821",297,225,276,338,206,351
"COG0822",284,245,184,189,115,233
"COG0823",79,250,76,318,161,98
"COG0824",92,94,151,118,75,86
"COG0825",139,79,69,77,28,178
"COG0826",642,837,611,586,532,676
"COG0827",1171,1089,1057,434,604,923
"COG0828",18,33,20,8,8,21
"COG0829",8,0,9,13,2,9
"COG0830",8,1,8,2,8,6
"COG0831",2,1,4,3,3,5
"COG0832",6,8,2,8,5,7
"COG0833",3,16,43,19,12,10
"COG0834",598,551,554,459,234,676
"COG0835",177,29,26,22,14,140
"COG0836",426,138,316,243,333,305
"COG0837",2,12,5,2,0,0
"COG0838",51,13,70,41,27,42
"COG0839",99,19,82,115,109,76
"COG0840",2288,315,288,251,41,2304
"COG0841",2337,1998,3207,3570,3124,2673
"COG0842",555,495,703,502,602,345
"COG0843",1,10,3,6,1,2
"COG0845",1777,1400,2463,2707,2926,1704
"COG0846",290,206,274,206,119,386
"COG0847",185,122,211,214,222,180
"COG0848",14,24,20,47,13,22
"COG0849",200,207,167,128,72,152
"COG0850",53,52,11,34,8,56
"COG0851",31,34,4,6,6,26
"COG0852",161,34,228,185,191,174
"COG0853",65,38,92,69,85,62
"COG0854",68,33,118,95,104,93
"COG0855",370,269,436,412,423,505
"COG0857",2,24,33,13,6,2
"COG0858",141,135,122,68,65,75
"COG0859",123,128,170,232,267,137
"COG0860",458,453,318,263,225,376
"COG0861",30,60,67,26,22,32
"COG0863",339,508,207,115,131,213
"COG0864",3,18,4,4,0,1
"COG1001",83,165,124,111,51,91
"COG1002",373,257,359,337,340,431
"COG1003",166,204,243,270,334,175
"COG1004",454,277,442,294,368,193
"COG1005",105,52,141,114,124,121
"COG1006",3,16,3,5,2,2
"COG1007",162,53,187,162,242,142
"COG1008",161,73,233,198,126,131
"COG1009",166,78,180,185,128,185
"COG1010",46,49,48,107,53,76
"COG1011",325,327,433,402,399,373
"COG1012",341,730,300,455,445,403
"COG1013",983,809,942,783,625,891
"COG1014",1110,877,1238,1011,836,1039
"COG1015",118,132,72,82,54,103
"COG1017",5,11,3,20,3,2
"COG1018",8,46,17,32,6,9
"COG1020",97,224,132,303,201,131
"COG1021",1,13,38,6,4,4
"COG1022",602,708,908,822,936,595
"COG1023",0,0,15,1,0,0
"COG1024",74,101,109,60,31,127
"COG1025",1,26,4,14,2,9
"COG1026",225,116,112,69,68,265
"COG1027",118,72,174,135,109,150
"COG1028",1018,1066,1254,1465,1211,1121
"COG1030",4,50,30,26,10,13
"COG1032",716,668,543,723,493,689
"COG1033",391,372,172,118,192,326
"COG1034",111,279,158,182,95,106
"COG1035",284,226,172,272,241,162
"COG1038",64,134,164,155,137,84
"COG1039",24,17,0,4,1,2
"COG1040",191,144,186,130,150,165
"COG1041",33,33,3,0,1,37
"COG1042",46,131,126,183,220,57
"COG1043",209,102,266,256,274,169
"COG1044",138,80,192,152,155,144
"COG1045",200,241,293,243,230,240
"COG1047",38,33,49,88,103,96
"COG1048",467,346,444,312,258,488
"COG1049",1,33,4,7,2,8
"COG1051",169,128,237,180,308,174
"COG1052",370,272,310,394,309,352
"COG1053",458,351,565,452,214,468
"COG1054",3,16,7,8,3,12
"COG1055",302,129,149,124,49,116
"COG1056",0,24,7,3,3,9
"COG1057",168,146,142,109,105,160
"COG1058",50,103,88,60,151,32
"COG1059",0,0,0,7,0,0
"COG1060",258,225,399,246,273,225
"COG1061",621,344,400,409,1120,344
"COG1062",7,7,2,4,1,6
"COG1063",283,624,412,341,397,304
"COG1064",5,30,9,10,25,6
"COG1066",320,303,304,251,199,290
"COG1067",23,185,26,28,14,24
"COG1069",43,53,28,63,19,33
"COG1070",593,559,688,698,789,623
"COG1071",19,45,33,156,140,8
"COG1072",2,9,5,10,7,14
"COG1073",535,412,667,681,713,529
"COG1074",535,711,331,318,252,526
"COG1075",22,38,21,9,8,3
"COG1076",78,30,101,88,65,76
"COG1077",437,433,297,196,149,240
"COG1078",48,76,34,86,170,37
"COG1079",99,239,111,64,50,81
"COG1080",304,190,185,159,50,337
"COG1082",178,525,240,331,383,201
"COG1083",160,65,112,257,181,110
"COG1085",4,14,27,7,3,18
"COG1086",341,512,362,484,463,219
"COG1087",297,275,241,144,99,160
"COG1088",327,183,356,369,420,331
"COG1089",121,58,77,233,178,174
"COG1090",4,34,24,66,85,14
"COG1091",277,181,231,293,240,287
"COG1092",292,334,268,232,221,322
"COG1098",20,26,18,14,13,8
"COG1099",0,10,0,0,0,0
"COG1101",150,92,74,87,36,170
"COG1102",5,12,1,0,1,2
"COG1104",408,505,171,169,60,402
"COG1105",98,90,76,64,38,126
"COG1106",351,155,247,294,413,294
"COG1108",129,216,166,162,137,161
"COG1109",849,942,761,687,596,887
"COG1112",773,371,677,808,1355,611
"COG1113",7,79,81,45,33,11
"COG1114",28,93,70,75,39,51
"COG1115",393,387,406,415,244,578
"COG1116",115,278,75,135,64,148
"COG1117",152,170,188,111,92,109
"COG1118",106,76,55,42,25,97
"COG1119",69,61,147,116,105,111
"COG1120",278,271,254,317,303,337
"COG1121",128,186,176,166,117,154
"COG1122",431,793,730,247,146,496
"COG1123",26,128,142,53,28,63
"COG1124",5,31,10,23,17,13
"COG1125",8,62,9,37,17,8
"COG1126",298,350,255,218,74,383
"COG1127",114,49,159,132,161,106
"COG1129",330,496,217,293,207,380
"COG1131",1210,1592,976,1056,902,1187
"COG1132",3528,3587,3219,1888,1483,3594
"COG1133",1,9,4,5,3,0
"COG1134",201,227,98,148,90,219
"COG1135",95,122,93,85,35,94
"COG1136",1388,1364,1157,1095,959,1276
"COG1137",104,91,114,141,183,130
"COG1138",14,30,19,45,10,58
"COG1139",140,103,169,104,172,113
"COG1140",5,14,9,11,3,7
"COG1141",5,0,16,2,0,1
"COG1142",9,104,44,64,35,26
"COG1143",48,43,85,62,64,62
"COG1144",27,40,3,15,4,25
"COG1145",420,926,485,497,572,541
"COG1146",51,93,67,68,41,52
"COG1148",17,105,45,31,7,9
"COG1149",3,1,15,1,2,0
"COG1150",5,36,15,2,1,0
"COG1151",265,256,314,303,264,313
"COG1152",3,36,15,5,3,3
"COG1154",564,378,398,301,281,335
"COG1155",202,280,288,234,277,234
"COG1156",145,308,207,204,194,174
"COG1157",82,36,25,29,10,82
"COG1158",210,223,206,146,128,239
"COG1159",253,271,253,180,156,220
"COG1160",466,467,413,433,414,467
"COG1161",123,204,51,72,24,110
"COG1162",236,277,225,223,305,214
"COG1164",274,300,179,58,33,126
"COG1165",185,108,186,176,168,218
"COG1166",177,79,293,198,200,146
"COG1167",352,360,289,246,307,350
"COG1168",381,236,416,424,458,383
"COG1169",92,72,104,99,115,80
"COG1171",167,193,158,164,143,212
"COG1172",171,315,130,204,120,219
"COG1173",292,465,412,251,125,299
"COG1174",11,71,17,48,19,7
"COG1175",1110,964,724,615,491,974
"COG1176",161,181,161,135,141,202
"COG1177",171,206,199,173,139,248
"COG1178",99,163,45,123,71,132
"COG1179",182,200,148,128,82,209
"COG1180",254,377,218,253,223,209
"COG1181",296,308,326,226,333,289
"COG1182",1,12,4,8,2,8
"COG1183",123,64,133,81,96,92
"COG1184",0,5,0,0,9,0
"COG1185",514,548,443,457,351,481
"COG1186",310,303,265,222,216,302
"COG1187",311,323,282,188,107,322
"COG1188",81,77,91,73,101,92
"COG1189",115,95,92,45,28,114
"COG1190",376,403,433,362,291,368
"COG1191",479,664,190,153,84,380
"COG1192",648,720,702,492,850,657
"COG1193",433,545,354,382,233,507
"COG1194",133,127,187,145,111,167
"COG1195",359,299,272,242,257,291
"COG1196",390,620,170,152,86,332
"COG1197",624,765,506,475,386,696
"COG1198",461,518,448,389,346,496
"COG1199",229,191,136,156,82,216
"COG1200",389,493,380,308,284,368
"COG1201",26,79,67,9,8,2
"COG1203",140,239,196,128,134,200
"COG1204",93,78,116,89,294,46
"COG1205",57,146,156,179,61,99
"COG1206",48,179,56,44,12,28
"COG1207",71,117,68,60,31,77
"COG1208",271,245,347,243,572,271
"COG1209",244,149,285,279,282,203
"COG1210",34,54,54,60,42,55
"COG1211",304,244,281,226,164,288
"COG1212",67,62,139,153,142,89
"COG1213",21,20,20,54,35,37
"COG1214",187,173,169,165,148,162
"COG1215",183,311,213,341,423,271
"COG1216",540,257,412,498,608,493
"COG1217",493,480,413,412,344,480
"COG1218",48,42,131,98,119,74
"COG1219",399,385,343,297,240,418
"COG1220",7,58,12,36,8,37
"COG1221",20,52,30,22,66,29
"COG1225",93,53,104,74,78,67
"COG1226",78,139,131,85,87,56
"COG1227",170,165,110,100,42,139
"COG1228",196,190,130,233,163,109
"COG1230",24,45,107,39,51,70
"COG1232",74,58,71,109,131,43
"COG1233",23,57,34,48,135,22
"COG1234",169,94,120,137,152,256
"COG1235",410,344,249,260,273,369
"COG1236",128,283,97,65,38,144
"COG1237",26,35,19,95,45,18
"COG1238",109,31,96,96,77,76
"COG1239",3,24,17,14,4,0
"COG1240",4,13,9,2,1,1
"COG1242",165,111,135,112,141,196
"COG1243",31,110,9,30,5,6
"COG1246",5,24,7,12,9,16
"COG1247",121,97,107,77,67,122
"COG1249",231,362,360,484,499,255
"COG1250",69,136,80,69,20,91
"COG1251",2,42,10,31,21,19
"COG1252",64,54,20,100,69,53
"COG1253",563,653,640,547,534,590
"COG1254",22,16,13,8,4,19
"COG1256",259,40,42,39,9,300
"COG1257",0,21,1,2,0,3
"COG1259",29,23,46,52,58,42
"COG1260",137,58,154,127,135,100
"COG1261",1,2,2,3,0,0
"COG1262",107,296,123,289,282,88
"COG1263",263,305,272,493,215,450
"COG1264",255,318,267,365,159,408
"COG1266",340,148,218,154,211,278
"COG1267",43,26,27,54,33,47
"COG1268",101,92,79,43,32,97
"COG1269",161,286,319,250,295,224
"COG1270",100,65,125,114,47,117
"COG1271",136,95,198,182,147,142
"COG1272",161,133,100,109,123,85
"COG1273",0,1,0,2,0,0
"COG1274",28,61,16,8,9,15
"COG1275",2,22,13,40,11,8
"COG1276",5,4,3,6,1,1
"COG1277",70,145,73,155,111,56
"COG1278",48,36,22,35,18,36
"COG1279",2,27,39,21,6,5
"COG1280",32,61,47,71,43,46
"COG1281",143,147,68,66,35,142
"COG1282",7,10,18,2,1,15
"COG1283",626,530,447,285,272,367
"COG1284",547,521,486,474,412,494
"COG1285",78,88,72,71,71,99
"COG1286",5,13,12,10,0,15
"COG1287",0,43,0,0,0,0
"COG1288",41,153,54,118,72,75
"COG1289",16,129,20,65,16,37
"COG1290",0,0,0,0,2,0
"COG1291",72,18,15,10,6,32
"COG1292",33,31,91,81,26,57
"COG1293",172,233,119,63,46,147
"COG1294",120,72,204,156,173,109
"COG1295",248,174,203,212,202,178
"COG1296",120,87,65,65,23,154
"COG1297",195,91,251,159,139,214
"COG1298",157,57,22,25,6,119
"COG1299",150,128,89,197,45,232
"COG1300",10,46,22,41,36,2
"COG1301",257,295,287,418,235,265
"COG1302",130,146,73,54,23,95
"COG1304",32,74,42,38,20,43
"COG1305",249,254,189,161,142,186
"COG1306",19,27,12,27,6,7
"COG1307",426,452,298,124,80,296
"COG1309",447,807,486,362,350,383
"COG1310",23,21,3,12,2,20
"COG1312",163,111,191,186,234,193
"COG1313",98,146,62,35,18,97
"COG1314",2,13,2,4,1,12
"COG1315",157,19,22,15,3,146
"COG1316",252,459,209,148,112,328
"COG1317",11,12,2,5,3,11
"COG1319",54,90,60,47,38,64
"COG1320",1,7,0,2,3,0
"COG1321",103,150,118,48,40,73
"COG1322",151,174,179,160,151,158
"COG1323",126,223,57,72,28,107
"COG1324",0,15,2,1,1,0
"COG1327",86,96,61,41,15,77
"COG1328",707,793,590,571,522,649
"COG1329",10,48,29,4,2,6
"COG1330",5,28,11,12,6,27
"COG1331",0,11,0,1,10,0
"COG1332",9,24,19,1,2,7
"COG1333",6,61,25,106,33,2
"COG1335",61,70,53,86,30,87
"COG1336",0,4,1,11,0,0
"COG1337",13,22,19,5,6,13
"COG1338",50,15,13,12,5,67
"COG1342",12,38,26,30,38,60
"COG1343",38,22,34,39,27,47
"COG1344",460,58,79,46,8,504
"COG1345",138,40,29,14,5,100
"COG1346",158,77,131,118,118,146
"COG1347",98,32,134,85,103,64
"COG1348",18,27,24,17,39,17
"COG1349",206,293,189,195,191,194
"COG1350",115,138,179,124,164,125
"COG1351",64,113,25,31,9,33
"COG1352",108,28,16,19,2,46
"COG1353",32,65,46,28,8,33
"COG1354",97,177,75,54,23,86
"COG1355",3,13,2,1,0,0
"COG1357",92,70,68,111,117,43
"COG1358",36,65,18,25,16,58
"COG1359",36,45,26,56,29,31
"COG1360",112,41,105,85,173,56
"COG1361",0,10,9,15,8,17
"COG1362",347,376,178,151,72,351
"COG1363",123,189,59,50,35,86
"COG1364",160,111,82,44,28,120
"COG1366",70,119,50,45,16,59
"COG1368",510,550,656,414,577,701
"COG1372",2,2,0,0,4,0
"COG1373",1550,1440,1092,1036,1239,1005
"COG1376",130,110,100,126,62,188
"COG1377",92,30,16,10,9,73
"COG1378",4,10,7,6,11,16
"COG1379",8,138,19,10,26,2
"COG1380",104,43,104,95,62,112
"COG1381",95,141,85,58,19,108
"COG1384",0,27,0,2,0,0
"COG1385",171,173,107,113,113,145
"COG1386",95,133,43,47,25,77
"COG1387",228,263,220,271,297,276
"COG1388",259,333,158,135,76,342
"COG1390",1,10,9,3,4,2
"COG1391",10,21,39,23,5,39
"COG1392",15,23,75,72,124,52
"COG1393",64,56,62,79,69,77
"COG1394",56,159,98,70,78,69
"COG1396",524,810,465,441,319,482
"COG1397",82,94,118,70,178,95
"COG1399",73,88,86,49,24,73
"COG1401",170,86,115,136,162,157
"COG1402",21,49,34,75,123,31
"COG1403",41,22,39,26,11,16
"COG1404",689,583,736,445,587,732
"COG1406",24,1,7,4,0,15
"COG1408",212,159,192,370,330,248
"COG1409",403,468,576,523,457,461
"COG1410",509,249,480,284,266,375
"COG1413",0,23,4,6,1,1
"COG1414",59,127,121,89,50,60
"COG1415",0,22,0,2,0,0
"COG1416",0,1,1,0,0,0
"COG1418",567,507,457,348,336,378
"COG1419",75,13,13,9,0,66
"COG1420",168,217,96,77,25,105
"COG1424",2,5,4,8,5,2
"COG1426",12,12,9,10,5,11
"COG1427",4,12,21,12,6,0
"COG1428",50,10,16,7,1,3
"COG1429",169,179,238,244,260,154
"COG1430",4,9,2,8,0,9
"COG1431",1,0,3,0,0,0
"COG1432",44,69,33,46,43,92
"COG1433",17,10,28,31,10,26
"COG1434",88,98,51,41,31,57
"COG1435",98,123,110,98,108,62
"COG1436",5,40,8,8,6,11
"COG1437",0,11,1,5,3,0
"COG1438",151,102,149,125,79,126
"COG1440",10,10,19,33,10,18
"COG1441",1,11,0,6,1,11
"COG1442",236,162,341,154,167,217
"COG1443",8,14,23,45,68,23
"COG1444",1,23,5,11,3,14
"COG1445",197,99,93,150,41,221
"COG1446",21,23,28,52,62,25
"COG1447",12,16,30,35,12,18
"COG1448",12,40,38,44,12,23
"COG1449",132,74,164,127,139,82
"COG1450",0,40,6,27,10,4
"COG1451",114,156,150,126,130,125
"COG1452",14,37,27,35,6,49
"COG1453",181,287,178,252,192,199
"COG1454",459,538,395,565,435,753
"COG1455",54,45,49,143,60,79
"COG1456",7,25,7,3,8,5
"COG1457",30,105,62,73,24,81
"COG1459",146,183,88,88,44,99
"COG1461",191,215,105,120,40,179
"COG1462",0,0,0,7,1,0
"COG1463",7,30,25,24,9,21
"COG1464",79,96,137,124,29,114
"COG1465",2,9,2,0,0,0
"COG1466",228,253,204,184,248,193
"COG1468",43,47,60,32,19,50
"COG1469",6,18,3,10,8,8
"COG1470",3,36,34,42,50,4
"COG1472",1795,1504,2893,2115,2179,1586
"COG1473",130,275,286,332,200,252
"COG1475",753,1160,730,640,557,672
"COG1476",43,75,50,27,17,49
"COG1477",256,187,237,262,338,263
"COG1479",640,275,407,267,425,328
"COG1480",262,105,286,231,404,258
"COG1481",130,163,75,50,26,136
"COG1482",260,151,283,323,265,361
"COG1483",0,2,87,23,241,20
"COG1484",587,574,433,342,396,635
"COG1485",2,8,3,4,1,2
"COG1486",40,144,39,97,70,68
"COG1487",11,19,9,42,8,17
"COG1488",227,273,296,206,172,297
"COG1489",39,43,36,32,20,30
"COG1490",142,150,115,115,120,158
"COG1492",152,146,187,167,138,172
"COG1493",152,107,70,53,23,122
"COG1494",7,17,19,25,7,22
"COG1495",1,21,11,15,3,26
"COG1496",155,177,136,95,98,171
"COG1501",877,818,1146,1380,1681,892
"COG1502",627,477,545,465,447,708
"COG1505",56,11,69,52,169,10
"COG1506",791,628,1385,1227,1479,857
"COG1507",0,0,14,0,0,0
"COG1508",158,138,265,260,271,226
"COG1509",33,101,75,178,216,62
"COG1511",427,404,321,116,71,421
"COG1512",141,137,142,97,142,148
"COG1513",0,0,1,4,1,0
"COG1514",1,22,4,7,1,3
"COG1515",0,5,1,1,0,0
"COG1516",45,14,8,11,2,43
"COG1518",205,156,207,184,90,203
"COG1519",96,83,234,216,223,160
"COG1520",127,343,358,369,571,135
"COG1521",188,143,205,138,87,176
"COG1522",305,167,248,265,246,302
"COG1523",400,214,434,336,348,440
"COG1524",342,266,436,410,460,221
"COG1525",7,42,8,7,4,8
"COG1526",8,30,23,8,3,11
"COG1527",38,115,25,22,17,41
"COG1528",176,96,179,144,401,101
"COG1529",164,329,240,177,134,256
"COG1530",217,220,215,240,171,233
"COG1533",344,267,246,282,332,246
"COG1534",41,61,41,38,8,62
"COG1535",0,8,1,1,2,0
"COG1536",85,31,12,18,3,80
"COG1538",1299,854,1807,1988,1805,1365
"COG1539",104,69,123,99,125,83
"COG1540",4,8,11,10,8,28
"COG1541",220,264,321,489,377,188
"COG1543",11,107,0,11,0,0
"COG1544",129,175,74,50,43,113
"COG1545",0,6,0,0,0,0
"COG1546",138,122,171,79,109,65
"COG1550",0,0,0,1,0,0
"COG1551",23,9,4,5,2,12
"COG1553",1,11,3,7,0,10
"COG1554",73,104,126,138,184,191
"COG1555",161,93,136,100,133,133
"COG1556",17,16,59,32,37,56
"COG1558",47,19,7,8,6,40
"COG1559",198,196,197,183,119,127
"COG1560",105,80,181,136,111,122
"COG1561",215,220,193,200,178,191
"COG1562",3,2,0,1,0,0
"COG1564",96,80,63,109,93,101
"COG1565",0,3,0,0,0,0
"COG1566",134,130,293,198,216,195
"COG1567",8,19,23,1,2,8
"COG1568",17,10,24,0,0,22
"COG1569",0,4,2,8,2,0
"COG1570",275,300,277,229,202,308
"COG1573",63,127,130,100,104,74
"COG1574",37,155,111,69,58,23
"COG1575",127,64,146,155,95,101
"COG1576",145,109,155,119,121,105
"COG1577",1,10,1,3,0,3
"COG1578",6,14,5,1,3,4
"COG1579",77,28,106,77,83,52
"COG1580",1,4,2,2,1,1
"COG1582",11,4,5,4,2,13
"COG1583",10,8,12,2,0,20
"COG1584",1,11,3,10,9,0
"COG1585",62,71,28,30,23,57
"COG1586",22,16,20,8,11,10
"COG1587",34,77,28,57,40,65
"COG1589",15,161,19,37,0,31
"COG1592",310,339,298,272,265,262
"COG1593",190,193,157,220,146,404
"COG1595",1426,1742,1855,2500,3429,1180
"COG1596",374,270,391,541,508,313
"COG1597",362,331,422,269,269,303
"COG1598",37,47,27,12,7,21
"COG1600",44,63,23,85,50,7
"COG1605",71,101,76,63,25,48
"COG1606",23,40,40,12,14,24
"COG1607",13,27,10,12,5,13
"COG1609",1385,1016,1240,1103,1249,1155
"COG1610",91,101,107,127,114,112
"COG1611",154,101,215,203,208,164
"COG1613",37,23,21,16,2,59
"COG1614",2,43,8,2,3,5
"COG1615",9,138,30,5,0,2
"COG1618",0,12,16,3,1,1
"COG1619",143,86,98,124,127,136
"COG1620",15,64,40,97,152,35
"COG1621",331,170,443,398,513,425
"COG1622",0,8,4,10,2,2
"COG1623",9,66,2,23,2,4
"COG1624",197,234,177,110,105,196
"COG1625",62,153,59,32,21,38
"COG1626",126,63,66,136,98,35
"COG1629",741,520,924,1063,1327,766
"COG1633",1,11,12,14,4,4
"COG1635",33,17,2,23,9,0
"COG1636",124,130,112,86,40,145
"COG1637",0,7,19,0,0,0
"COG1638",172,172,132,187,146,317
"COG1640",498,317,482,359,315,548
"COG1641",48,47,33,13,12,47
"COG1643",30,73,71,26,14,60
"COG1647",12,18,3,2,9,0
"COG1648",49,48,19,29,12,38
"COG1649",485,251,569,549,850,498
"COG1651",10,36,43,22,199,21
"COG1652",27,75,5,16,13,63
"COG1653",1810,1936,1007,512,543,916
"COG1654",102,64,42,46,21,114
"COG1655",48,3,6,7,0,55
"COG1657",0,0,2,1,4,0
"COG1658",27,33,36,23,16,23
"COG1659",0,3,1,5,6,0
"COG1660",231,158,199,163,154,247
"COG1661",10,24,10,17,7,22
"COG1662",1,242,52,52,8,4
"COG1663",136,66,156,114,140,77
"COG1664",10,10,17,19,17,6
"COG1666",4,5,7,8,3,6
"COG1668",120,134,148,60,15,102
"COG1669",71,41,47,90,147,32
"COG1670",541,463,382,613,642,425
"COG1671",60,26,36,27,6,76
"COG1672",214,293,306,391,293,331
"COG1674",552,837,409,387,281,519
"COG1677",29,10,9,5,4,34
"COG1678",39,30,64,85,94,59
"COG1679",12,61,27,4,2,16
"COG1680",459,377,448,508,543,540
"COG1682",213,237,111,133,31,183
"COG1683",24,32,29,29,13,19
"COG1684",62,13,7,16,8,54
"COG1686",565,750,290,262,108,534
"COG1687",19,27,22,5,11,31
"COG1688",1,0,0,0,0,0
"COG1690",71,103,63,89,165,76
"COG1691",32,36,32,13,12,36
"COG1692",35,96,16,22,5,15
"COG1694",149,125,152,160,151,163
"COG1695",181,178,189,125,115,126
"COG1696",665,534,425,452,343,556
"COG1699",42,7,7,7,4,42
"COG1700",21,12,81,39,0,15
"COG1702",220,189,188,180,154,207
"COG1703",68,58,157,142,120,96
"COG1704",163,160,111,128,126,88
"COG1705",232,67,171,142,168,168
"COG1706",7,8,1,3,1,0
"COG1708",20,85,44,82,155,24
"COG1712",31,26,25,41,54,12
"COG1713",77,119,52,44,12,66
"COG1714",19,17,32,62,69,15
"COG1715",63,36,42,25,15,13
"COG1716",56,60,32,6,8,60
"COG1719",0,10,0,0,0,0
"COG1720",62,60,44,31,11,52
"COG1721",154,93,181,237,282,123
"COG1722",9,30,12,9,1,2
"COG1724",4,0,4,1,1,1
"COG1725",207,210,163,105,95,122
"COG1726",89,61,148,135,152,95
"COG1728",35,3,3,3,0,48
"COG1729",9,10,5,7,3,12
"COG1732",10,64,10,39,24,10
"COG1733",164,122,163,204,187,162
"COG1734",7,23,20,18,6,13
"COG1735",11,30,8,5,4,11
"COG1737",135,297,162,178,112,232
"COG1738",51,68,98,68,102,65
"COG1739",162,135,144,136,90,163
"COG1740",7,41,19,33,9,12
"COG1741",38,76,71,143,253,56
"COG1742",0,7,1,4,1,1
"COG1743",0,1,74,18,142,20
"COG1744",282,314,181,133,86,296
"COG1747",0,3,0,0,0,0
"COG1748",229,97,211,228,226,243
"COG1749",80,24,20,15,2,52
"COG1751",1,5,0,1,0,1
"COG1752",209,318,393,581,798,275
"COG1754",192,109,315,214,290,229
"COG1755",0,0,0,11,17,1
"COG1757",346,380,344,599,493,537
"COG1758",5,15,21,4,0,5
"COG1760",226,255,335,212,175,296
"COG1762",205,231,167,335,157,353
"COG1763",14,37,20,17,4,42
"COG1764",1,3,0,2,4,4
"COG1765",1,20,22,19,5,3
"COG1766",57,33,14,14,6,51
"COG1767",7,27,11,24,10,26
"COG1768",44,124,37,33,10,36
"COG1770",2,7,32,6,2,3
"COG1773",38,66,61,36,19,25
"COG1774",248,263,183,142,149,270
"COG1775",48,236,98,71,49,73
"COG1776",108,25,19,22,10,98
"COG1778",133,60,80,117,137,91
"COG1780",0,7,5,3,4,3
"COG1781",116,87,162,91,77,97
"COG1782",4,36,9,0,0,0
"COG1783",39,117,101,47,125,26
"COG1785",186,103,249,265,298,143
"COG1786",0,3,17,0,2,0
"COG1787",15,12,4,1,0,17
"COG1788",5,30,42,18,18,8
"COG1791",1,0,1,1,0,0
"COG1792",230,170,220,169,179,221
"COG1793",6,37,7,10,55,16
"COG1794",14,28,36,84,17,16
"COG1797",143,117,153,141,77,194
"COG1799",83,118,64,53,27,78
"COG1801",2,6,7,10,1,10
"COG1802",261,205,138,109,125,317
"COG1803",126,102,100,138,195,130
"COG1804",44,125,30,53,37,32
"COG1805",108,53,125,105,141,68
"COG1806",5,4,13,21,12,19
"COG1807",96,91,203,192,261,184
"COG1808",96,104,180,138,152,109
"COG1811",47,62,30,21,28,24
"COG1814",3,9,6,36,38,2
"COG1815",55,15,3,11,6,36
"COG1816",35,29,14,25,21,78
"COG1817",20,14,10,1,0,9
"COG1819",44,64,98,116,155,71
"COG1820",345,235,443,305,420,390
"COG1823",6,15,17,32,6,12
"COG1825",115,47,92,110,107,78
"COG1826",8,25,15,22,12,19
"COG1827",36,50,35,38,13,53
"COG1830",65,95,90,150,292,68
"COG1832",1,2,5,7,4,2
"COG1834",9,39,5,63,13,2
"COG1835",177,103,247,222,148,149
"COG1837",39,58,26,17,13,35
"COG1838",269,151,246,165,178,221
"COG1840",80,78,64,88,32,83
"COG1841",9,36,19,19,17,27
"COG1842",24,17,9,18,9,27
"COG1843",55,24,7,13,6,35
"COG1845",0,19,1,1,1,3
"COG1846",340,285,296,308,251,409
"COG1847",123,155,90,81,50,119
"COG1850",0,0,5,0,4,2
"COG1852",0,14,5,12,9,2
"COG1853",265,237,306,241,278,248
"COG1854",108,52,101,49,48,122
"COG1857",5,4,2,3,2,22
"COG1858",35,53,107,83,73,104
"COG1859",6,15,5,9,2,16
"COG1861",14,10,5,38,44,9
"COG1862",54,52,91,83,96,72
"COG1863",0,9,11,6,0,2
"COG1864",115,53,204,147,163,88
"COG1865",6,16,2,14,8,1
"COG1866",411,277,279,233,212,397
"COG1868",88,21,11,6,5,54
"COG1869",5,10,11,22,13,8
"COG1871",41,8,3,3,3,17
"COG1872",0,4,1,3,2,11
"COG1873",44,54,24,11,8,42
"COG1874",441,449,765,602,985,559
"COG1875",37,43,65,144,155,39
"COG1876",155,137,112,36,28,87
"COG1877",70,52,56,144,152,33
"COG1878",17,90,34,37,16,31
"COG1879",717,655,451,686,564,735
"COG1881",6,5,17,24,3,16
"COG1882",673,775,511,692,553,649
"COG1883",326,296,407,440,382,346
"COG1884",231,193,486,441,370,317
"COG1886",43,26,7,15,11,55
"COG1887",278,370,70,175,148,271
"COG1892",0,0,2,0,0,0
"COG1893",174,129,214,167,177,214
"COG1894",120,354,159,245,195,159
"COG1895",78,48,36,79,135,27
"COG1896",109,178,73,57,30,81
"COG1897",204,138,196,146,137,204
"COG1898",247,163,307,331,471,190
"COG1899",0,14,3,0,0,0
"COG1900",1,18,9,7,3,0
"COG1902",190,563,360,281,216,324
"COG1903",130,105,88,157,106,129
"COG1904",181,132,192,209,246,203
"COG1905",20,126,59,84,103,26
"COG1906",4,4,4,10,8,18
"COG1908",4,13,5,5,4,0
"COG1910",3,25,10,5,3,7
"COG1912",0,17,0,1,3,0
"COG1913",1,0,0,0,0,3
"COG1914",82,63,162,156,175,185
"COG1915",1,37,22,4,8,5
"COG1917",200,127,247,284,177,165
"COG1918",317,229,352,243,113,426
"COG1921",6,49,32,24,7,18
"COG1922",97,85,98,115,197,96
"COG1923",17,19,18,8,2,15
"COG1924",476,517,271,159,84,278
"COG1925",101,150,62,79,51,167
"COG1928",46,48,19,12,1,28
"COG1929",110,94,102,127,125,166
"COG1930",0,3,0,0,0,1
"COG1932",257,215,241,209,209,203
"COG1934",2,8,12,9,2,12
"COG1937",63,71,44,33,17,44
"COG1939",82,104,38,33,25,68
"COG1940",571,608,871,802,715,701
"COG1941",0,24,0,0,0,0
"COG1942",1,0,1,2,1,0
"COG1943",101,248,158,150,107,253
"COG1944",4,36,23,7,4,20
"COG1945",2,4,0,0,3,0
"COG1946",0,7,26,0,0,7
"COG1947",200,152,182,124,130,209
"COG1949",2,15,14,19,0,12
"COG1950",3,2,0,1,1,0
"COG1951",281,218,281,229,206,320
"COG1952",10,12,5,10,0,19
"COG1953",3,20,19,11,3,4
"COG1954",20,21,6,23,9,24
"COG1956",44,35,60,60,43,35
"COG1957",22,100,68,74,39,27
"COG1959",163,184,127,128,72,209
"COG1960",299,335,397,292,245,292
"COG1961",2570,3978,2205,1560,1507,1783
"COG1963",31,37,15,26,5,10
"COG1964",0,38,4,11,3,4
"COG1965",1,5,1,5,0,12
"COG1966",437,283,485,270,189,442
"COG1968",250,264,229,188,133,218
"COG1969",1,17,4,16,13,5
"COG1970",92,117,55,73,70,57
"COG1971",151,150,131,94,135,169
"COG1972",10,46,16,63,22,25
"COG1974",149,219,148,81,38,100
"COG1975",63,116,86,75,32,103
"COG1977",0,1,2,1,1,10
"COG1979",159,185,291,308,335,224
"COG1982",304,263,171,208,101,244
"COG1983",22,33,46,51,48,29
"COG1984",9,23,8,13,9,50
"COG1985",189,99,218,206,158,240
"COG1986",4,22,2,4,0,1
"COG1987",39,5,5,6,6,19
"COG1988",3,22,7,7,2,14
"COG1989",51,80,41,27,19,52
"COG1990",3,15,11,3,0,9
"COG1992",0,1,17,0,0,0
"COG1993",2,2,1,5,3,0
"COG1994",54,195,48,30,7,37
"COG1995",159,71,153,111,95,114
"COG2000",2,92,19,23,21,3
"COG2001",85,134,85,112,121,93
"COG2002",85,158,39,40,23,102
"COG2003",203,252,197,242,218,184
"COG2005",13,25,26,16,5,25
"COG2006",16,62,29,69,82,13
"COG2008",138,128,225,131,115,123
"COG2009",2,6,13,11,2,8
"COG2010",0,2,2,0,0,0
"COG2011",72,78,70,62,21,65
"COG2013",102,66,19,29,14,45
"COG2014",0,11,0,0,0,0
"COG2015",36,73,36,20,11,13
"COG2017",551,478,587,756,683,521
"COG2020",4,3,6,0,0,8
"COG2021",0,33,7,7,0,8
"COG2022",80,35,103,93,97,94
"COG2025",238,234,334,224,162,310
"COG2026",8,42,5,5,1,3
"COG2027",75,80,158,168,125,92
"COG2030",78,21,137,109,111,103
"COG2031",3,39,22,47,12,7
"COG2032",2,8,2,8,10,10
"COG2033",22,34,26,21,16,27
"COG2035",100,130,97,59,36,80
"COG2038",126,137,178,80,124,113
"COG2039",19,12,35,29,9,24
"COG2040",7,2,13,23,13,11
"COG2041",0,8,2,4,1,0
"COG2043",1,4,5,1,2,19
"COG2045",1,20,0,5,1,0
"COG2046",1,1,1,0,0,0
"COG2048",9,44,15,15,3,9
"COG2049",5,18,14,13,3,40
"COG2050",74,94,110,205,167,91
"COG2052",24,66,23,14,2,21
"COG2055",9,97,34,30,17,46
"COG2056",2,2,6,31,8,25
"COG2057",4,17,21,45,11,4
"COG2059",287,209,301,368,343,247
"COG2060",130,156,211,271,250,133
"COG2062",2,4,18,2,0,10
"COG2063",1,4,0,6,0,1
"COG2064",0,29,5,0,0,17
"COG2065",10,36,8,9,7,17
"COG2066",95,93,91,199,173,61
"COG2067",39,42,152,93,56,89
"COG2068",11,47,26,31,20,30
"COG2069",1,10,5,1,4,6
"COG2070",217,151,267,291,259,298
"COG2071",175,114,196,185,222,161
"COG2072",0,0,0,0,0,0
"COG2073",112,64,84,115,89,79
"COG2076",47,38,18,32,74,29
"COG2077",48,46,102,104,126,80
"COG2078",7,10,12,3,1,4
"COG2079",4,55,19,14,23,10
"COG2080",50,171,128,78,40,62
"COG2081",256,339,159,101,63,262
"COG2082",49,67,37,75,47,66
"COG2084",19,113,58,49,38,27
"COG2085",0,10,12,25,1,1
"COG2086",152,172,200,168,95,210
"COG2087",78,78,73,66,85,76
"COG2088",167,100,37,57,13,114
"COG2089",118,62,48,204,147,114
"COG2091",36,60,50,30,14,75
"COG2094",0,20,10,4,0,0
"COG2095",112,60,212,189,319,160
"COG2096",86,62,123,141,145,74
"COG2099",130,89,73,197,120,115
"COG2102",13,9,16,17,0,5
"COG2103",43,45,48,99,99,40
"COG2104",0,1,5,5,4,3
"COG2105",0,12,3,1,1,0
"COG2107",3,2,3,3,0,0
"COG2108",6,13,1,8,11,1
"COG2109",40,36,51,48,21,51
"COG2110",132,125,99,114,54,107
"COG2111",1,25,10,9,9,2
"COG2113",22,30,20,80,51,31
"COG2114",4,0,1,0,0,2
"COG2115",59,65,105,105,106,55
"COG2116",82,79,67,31,11,41
"COG2119",3,13,5,3,4,6
"COG2120",25,43,17,80,29,14
"COG2121",3,11,1,13,2,0
"COG2122",1,6,3,2,0,0
"COG2127",18,8,24,17,8,2
"COG2128",2,25,9,7,4,12
"COG2129",33,37,18,17,8,43
"COG2130",1,0,1,3,0,1
"COG2131",166,129,126,111,98,167
"COG2132",1,20,8,27,3,26
"COG2133",0,6,5,11,4,1
"COG2134",1,5,1,5,3,2
"COG2135",4,21,6,29,19,3
"COG2137",30,52,22,37,9,36
"COG2140",10,16,21,54,31,15
"COG2141",8,48,7,13,4,10
"COG2142",0,9,2,2,3,0
"COG2143",0,2,0,0,0,0
"COG2145",80,60,72,43,16,62
"COG2146",2,8,6,7,3,1
"COG2148",792,458,550,409,553,428
"COG2149",1,0,3,7,2,0
"COG2151",46,34,89,51,57,41
"COG2152",282,179,393,431,619,259
"COG2153",13,13,23,13,6,1
"COG2155",13,30,18,3,7,16
"COG2156",46,43,76,48,100,39
"COG2158",12,44,8,11,1,26
"COG2159",62,81,52,69,48,33
"COG2160",196,113,182,221,225,137
"COG2161",6,26,8,5,2,8
"COG2162",1,14,5,7,6,1
"COG2163",1,10,7,0,0,0
"COG2165",5,35,8,24,4,5
"COG2166",63,36,108,83,116,66
"COG2168",0,4,1,3,1,2
"COG2169",9,74,25,69,78,7
"COG2170",1,9,2,5,2,2
"COG2171",10,29,47,27,5,20
"COG2172",96,151,42,65,37,95
"COG2173",45,51,40,98,125,32
"COG2175",0,7,8,7,3,2
"COG2176",588,771,313,252,330,622
"COG2177",234,255,204,211,167,215
"COG2179",68,76,40,34,17,43
"COG2180",4,9,4,8,2,3
"COG2181",5,18,10,7,1,1
"COG2182",246,97,80,59,26,219
"COG2183",413,475,285,342,237,420
"COG2184",137,123,42,70,72,62
"COG2185",190,135,450,308,385,291
"COG2186",104,182,132,120,70,155
"COG2188",105,133,169,229,257,146
"COG2189",122,161,116,110,134,89
"COG2190",128,140,124,160,90,175
"COG2191",1,11,6,5,5,0
"COG2192",22,29,0,30,3,0
"COG2193",21,15,40,54,49,20
"COG2194",126,181,171,249,284,100
"COG2195",570,454,730,641,531,586
"COG2197",489,539,1178,1685,2643,624
"COG2198",19,117,21,54,12,19
"COG2199",1148,680,425,257,172,739
"COG2200",423,362,194,174,124,428
"COG2201",113,22,17,20,9,82
"COG2202",55,214,71,240,277,60
"COG2203",30,18,5,5,4,13
"COG2204",712,773,1020,1545,1665,1064
"COG2205",255,341,290,260,274,259
"COG2206",674,162,98,88,41,616
"COG2207",2342,2182,3452,6320,8149,3723
"COG2208",127,358,80,134,77,200
"COG2209",89,18,85,49,39,57
"COG2210",209,88,203,181,275,188
"COG2211",648,446,664,557,390,838
"COG2212",0,7,0,2,1,1
"COG2213",15,50,17,49,28,12
"COG2214",149,175,141,140,132,155
"COG2215",1,3,1,4,0,3
"COG2216",91,164,230,259,310,106
"COG2217",1049,1192,825,890,633,1105
"COG2220",309,264,474,402,477,260
"COG2221",47,50,19,33,23,53
"COG2222",32,107,45,65,32,69
"COG2223",1,18,2,10,4,8
"COG2224",1,7,1,2,2,1
"COG2225",1,54,6,16,10,4
"COG2226",94,91,143,98,140,77
"COG2227",8,28,20,33,24,6
"COG2230",17,35,41,24,25,80
"COG2231",1,9,2,20,0,1
"COG2233",419,393,470,322,425,480
"COG2234",224,256,202,256,380,305
"COG2235",11,87,58,13,3,3
"COG2236",0,0,1,4,0,4
"COG2239",315,267,291,274,174,399
"COG2240",132,159,158,136,159,143
"COG2241",121,70,93,105,79,123
"COG2242",131,73,88,85,80,126
"COG2243",51,77,46,107,103,55
"COG2244",884,911,1047,1280,1597,836
"COG2246",59,46,22,16,11,49
"COG2249",33,41,38,98,51,44
"COG2252",249,246,304,121,96,230
"COG2253",0,0,0,2,4,0
"COG2255",208,247,245,202,123,234
"COG2256",268,310,256,227,154,261
"COG2257",25,4,7,1,5,29
"COG2258",30,60,34,20,11,51
"COG2259",25,30,51,55,91,33
"COG2261",0,5,4,6,0,1
"COG2262",263,246,262,218,175,314
"COG2264",215,168,167,222,142,192
"COG2265",467,424,322,367,261,474
"COG2267",143,181,82,91,54,124
"COG2268",104,171,70,73,139,85
"COG2269",1,12,2,7,2,9
"COG2270",44,59,56,60,21,61
"COG2271",69,94,203,129,265,116
"COG2272",72,33,125,74,47,127
"COG2273",227,149,328,235,393,194
"COG2274",190,308,169,441,268,270
"COG2301",65,28,27,30,30,39
"COG2302",91,97,51,46,22,75
"COG2303",2,20,9,8,4,4
"COG2304",328,208,358,326,473,191
"COG2306",4,5,0,0,0,0
"COG2307",2,0,21,0,0,0
"COG2308",2,0,13,5,0,6
"COG2309",121,202,88,64,42,167
"COG2310",243,10,10,43,4,36
"COG2311",102,129,237,219,471,146
"COG2312",15,1,0,6,0,8
"COG2313",1,76,23,3,9,1
"COG2314",5,1,14,1,0,0
"COG2315",99,114,78,189,170,99
"COG2316",19,27,22,16,12,34
"COG2317",41,75,58,45,10,36
"COG2318",0,0,1,0,0,1
"COG2319",96,17,2,34,33,1
"COG2320",3,28,7,6,12,12
"COG2321",1,8,4,7,3,13
"COG2323",86,175,55,30,20,61
"COG2326",102,72,81,47,116,115
"COG2327",40,60,68,30,31,69
"COG2329",10,1,1,0,0,4
"COG2331",0,0,3,0,0,0
"COG2332",2,3,2,11,2,10
"COG2333",218,353,119,114,78,171
"COG2334",4,29,7,19,6,15
"COG2335",2,0,0,0,0,0
"COG2336",0,1,2,1,0,1
"COG2337",148,236,134,58,938,151
"COG2339",10,28,10,1,0,9
"COG2340",40,49,15,34,3,31
"COG2342",1,0,13,3,0,0
"COG2344",150,156,148,165,155,141
"COG2346",0,0,1,1,0,8
"COG2348",81,150,27,10,4,16
"COG2350",2,2,1,6,1,2
"COG2351",32,7,55,5,16,32
"COG2352",7,13,43,2,0,15
"COG2353",1,9,0,3,2,0
"COG2354",0,7,1,0,2,16
"COG2355",209,173,192,191,178,154
"COG2356",50,13,3,16,4,9
"COG2357",182,148,110,71,54,206
"COG2358",92,64,61,31,10,43
"COG2359",7,16,0,2,1,0
"COG2360",35,13,18,56,13,3
"COG2361",45,49,57,38,31,17
"COG2362",3,33,24,6,8,3
"COG2363",1,7,3,2,0,12
"COG2364",105,122,149,95,87,210
"COG2365",52,73,75,167,211,57
"COG2366",0,0,2,96,1,0
"COG2367",114,57,139,148,150,131
"COG2368",9,38,63,23,5,6
"COG2369",2,12,6,8,8,41
"COG2371",10,4,4,8,1,6
"COG2372",2,5,3,2,1,1
"COG2373",501,375,579,655,793,338
"COG2374",18,4,0,0,0,36
"COG2375",0,7,0,0,1,0
"COG2376",24,116,39,117,51,40
"COG2377",13,56,24,36,9,35
"COG2378",88,165,89,105,111,70
"COG2379",27,51,39,19,0,28
"COG2382",215,60,155,175,117,213
"COG2384",78,84,34,42,24,65
"COG2385",266,281,179,195,207,323
"COG2386",3,5,6,5,0,16
"COG2388",19,13,65,71,84,22
"COG2390",7,25,61,39,29,25
"COG2391",2,35,8,10,6,27
"COG2404",11,9,0,0,0,3
"COG2405",4,0,1,0,2,3
"COG2406",4,21,22,34,54,4
"COG2407",426,291,357,487,481,410
"COG2409",0,1,0,0,0,0
"COG2414",21,60,35,31,6,35
"COG2421",2,7,19,20,4,4
"COG2423",30,67,34,31,26,18
"COG2425",42,38,99,122,166,82
"COG2426",9,28,8,2,2,16
"COG2431",139,73,231,184,208,163
"COG2440",0,5,6,7,1,4
"COG2452",13,6,24,26,5,98
"COG2453",0,0,2,5,2,2
"COG2454",0,0,0,0,1,4
"COG2461",76,6,13,16,5,53
"COG2501",26,24,31,21,17,38
"COG2502",145,189,149,136,107,161
"COG2503",6,0,0,11,0,12
"COG2508",295,288,195,102,59,195
"COG2509",404,413,323,319,193,418
"COG2510",32,48,22,24,7,49
"COG2513",51,51,9,23,115,45
"COG2514",1,0,0,0,1,1
"COG2515",7,37,22,7,19,14
"COG2516",0,14,0,0,0,0
"COG2518",0,4,1,0,1,0
"COG2519",1,11,14,2,1,1
"COG2602",21,48,21,38,28,37
"COG2603",0,11,2,18,3,4
"COG2604",69,0,4,7,0,88
"COG2605",142,152,181,151,409,194
"COG2606",123,155,161,125,93,157
"COG2607",135,78,51,71,38,137
"COG2608",87,77,22,30,17,92
"COG2609",7,6,4,8,1,26
"COG2610",74,129,137,113,180,129
"COG2703",62,5,12,8,0,94
"COG2704",97,105,173,204,137,168
"COG2706",71,43,107,103,226,168
"COG2707",0,7,3,5,5,9
"COG2710",38,57,68,39,67,31
"COG2715",183,139,129,158,171,169
"COG2716",0,8,1,3,0,1
"COG2717",6,5,4,5,2,22
"COG2718",3,4,6,6,2,0
"COG2719",0,9,3,2,2,0
"COG2720",130,300,58,50,31,97
"COG2721",177,180,196,171,121,223
"COG2723",247,212,194,269,107,289
"COG2730",372,157,210,236,162,255
"COG2731",81,71,159,170,185,107
"COG2732",1,6,2,2,0,5
"COG2733",4,14,26,9,15,13
"COG2738",138,129,139,108,98,143
"COG2739",66,67,33,27,16,51
"COG2740",55,84,25,22,8,37
"COG2746",33,8,14,18,6,34
"COG2747",1,0,0,0,0,0
"COG2755",752,376,692,700,817,828
"COG2759",379,348,299,274,251,330
"COG2761",1,6,0,3,0,1
"COG2764",1,10,0,8,0,0
"COG2766",1,14,2,9,3,1
"COG2768",117,159,139,120,58,99
"COG2770",2,0,5,1,0,0
"COG2771",12,64,14,31,17,16
"COG2801",742,1478,937,756,932,695
"COG2804",86,163,52,82,36,88
"COG2805",126,131,65,54,37,113
"COG2807",3,13,26,7,11,1
"COG2812",530,528,472,457,394,543
"COG2813",6,36,22,11,5,10
"COG2814",103,109,171,146,197,72
"COG2815",84,164,59,88,28,112
"COG2816",134,63,124,79,101,157
"COG2818",42,62,49,103,92,47
"COG2819",77,47,60,64,38,69
"COG2820",125,143,157,127,134,134
"COG2821",9,7,16,18,3,16
"COG2822",2,11,6,2,1,2
"COG2823",6,18,12,14,1,14
"COG2824",3,6,1,9,5,9
"COG2825",0,16,20,9,37,25
"COG2826",212,189,240,312,118,297
"COG2827",7,23,10,18,12,16
"COG2828",2,12,3,16,3,12
"COG2829",2,20,11,14,2,0
"COG2830",51,42,75,84,106,75
"COG2831",5,28,0,35,18,18
"COG2832",9,15,15,23,11,23
"COG2834",23,19,10,10,2,10
"COG2835",0,5,1,1,1,4
"COG2836",18,7,2,1,0,25
"COG2837",6,18,19,56,88,8
"COG2839",7,7,12,30,21,14
"COG2840",2,12,9,19,5,5
"COG2841",0,5,2,2,4,3
"COG2842",6,39,12,5,4,65
"COG2843",166,163,144,229,215,273
"COG2844",9,18,52,21,2,40
"COG2845",0,1,2,1,0,0
"COG2846",37,21,63,63,57,65
"COG2848",161,125,127,86,34,174
"COG2849",29,11,96,72,59,24
"COG2850",2,6,0,2,1,12
"COG2851",20,5,7,31,9,50
"COG2852",17,27,38,25,1,15
"COG2853",4,19,7,19,3,17
"COG2854",6,10,9,14,2,12
"COG2855",130,135,202,223,182,129
"COG2856",140,146,87,42,210,64
"COG2859",72,11,76,60,53,71
"COG2860",49,75,144,72,85,78
"COG2861",17,15,11,11,7,8
"COG2862",3,11,4,9,4,14
"COG2863",0,0,2,2,0,4
"COG2864",7,10,4,21,1,12
"COG2865",537,326,486,634,419,552
"COG2866",40,111,93,72,6,47
"COG2867",0,9,2,4,0,1
"COG2868",53,46,32,31,10,32
"COG2869",82,34,62,80,40,49
"COG2870",13,28,44,72,18,30
"COG2871",129,61,196,113,115,130
"COG2872",56,76,40,35,18,42
"COG2873",565,396,401,385,406,592
"COG2875",124,77,74,113,112,108
"COG2876",205,171,211,197,179,141
"COG2877",60,48,127,184,151,92
"COG2878",130,114,156,115,91,144
"COG2879",0,4,2,4,0,1
"COG2882",0,10,3,4,2,4
"COG2884",226,188,209,163,121,190
"COG2885",226,239,242,384,457,175
"COG2887",13,16,62,1,0,0
"COG2890",196,218,168,205,135,201
"COG2891",4,9,3,4,1,5
"COG2893",12,30,40,33,34,47
"COG2894",122,149,39,35,20,103
"COG2895",159,80,158,139,133,222
"COG2896",43,104,48,39,19,61
"COG2897",3,17,8,21,6,5
"COG2898",1,0,36,3,4,15
"COG2900",1,1,1,2,0,3
"COG2901",0,6,7,9,3,5
"COG2904",3,23,10,12,2,16
"COG2906",0,0,0,3,3,2
"COG2907",5,0,0,0,0,0
"COG2908",101,70,168,167,180,130
"COG2909",43,108,48,19,4,40
"COG2910",10,22,15,23,52,3
"COG2911",20,48,44,82,44,87
"COG2912",0,14,1,7,1,5
"COG2913",5,6,2,5,1,13
"COG2914",1,0,1,4,0,4
"COG2915",0,11,1,1,1,4
"COG2916",3,10,2,5,2,5
"COG2917",3,6,7,12,1,17
"COG2918",35,14,141,10,139,123
"COG2919",4,4,21,8,2,12
"COG2920",0,2,2,4,3,2
"COG2921",4,8,2,6,2,11
"COG2922",1,6,1,6,1,3
"COG2923",2,5,0,4,1,5
"COG2924",2,3,6,4,2,4
"COG2925",8,13,6,13,2,27
"COG2926",0,2,1,7,0,2
"COG2927",5,4,3,4,0,10
"COG2928",1,0,2,13,2,0
"COG2929",6,4,21,2,0,0
"COG2931",35,14,46,74,176,6
"COG2932",59,77,65,37,11,76
"COG2933",4,7,3,3,2,16
"COG2935",0,0,11,1,0,0
"COG2936",46,44,71,54,121,88
"COG2937",0,20,11,12,12,23
"COG2938",2,2,4,1,1,8
"COG2939",0,4,5,0,0,0
"COG2942",163,137,268,329,444,146
"COG2943",10,35,3,14,2,3
"COG2944",6,12,3,13,1,6
"COG2945",1,0,0,9,0,8
"COG2946",70,74,23,77,138,114
"COG2947",2,5,4,1,0,0
"COG2948",16,1,0,8,1,0
"COG2949",14,53,32,49,84,12
"COG2951",11,9,7,6,3,9
"COG2954",66,39,72,99,111,125
"COG2956",5,8,5,13,1,18
"COG2957",215,49,157,167,220,153
"COG2958",0,4,1,1,2,4
"COG2959",1,4,1,1,1,9
"COG2960",0,8,1,3,2,0
"COG2961",11,20,16,35,89,11
"COG2962",8,33,13,7,6,20
"COG2963",81,159,153,117,203,135
"COG2964",20,103,97,50,14,34
"COG2965",1,2,3,4,0,16
"COG2966",242,125,271,208,211,263
"COG2967",2,5,1,3,2,1
"COG2968",20,73,18,21,11,10
"COG2969",3,5,3,10,3,11
"COG2971",16,73,7,10,17,13
"COG2972",1796,1299,884,861,800,1737
"COG2973",0,1,0,2,0,11
"COG2974",1,15,3,6,8,12
"COG2975",1,3,1,4,0,6
"COG2976",5,14,10,8,0,11
"COG2977",1,7,2,2,0,1
"COG2978",68,39,101,120,176,87
"COG2979",1,4,1,5,2,10
"COG2980",3,1,3,11,0,16
"COG2981",1,10,2,13,3,13
"COG2982",23,29,12,19,11,1
"COG2983",5,5,0,8,2,2
"COG2984",171,136,122,123,32,186
"COG2985",675,340,747,727,1015,604
"COG2986",139,97,157,313,278,125
"COG2987",102,80,128,211,234,91
"COG2988",0,2,1,3,4,0
"COG2989",4,25,10,11,58,18
"COG2990",8,23,12,10,5,19
"COG2991",0,0,0,0,0,2
"COG2992",5,9,1,10,7,1
"COG2994",0,1,0,2,1,0
"COG2995",3,19,9,13,2,13
"COG2996",172,93,166,147,171,204
"COG2998",3,1,4,0,0,1
"COG2999",2,1,0,4,1,2
"COG3001",3,6,16,3,0,8
"COG3004",48,56,92,92,76,42
"COG3005",3,41,45,61,79,52
"COG3006",3,8,3,6,1,11
"COG3007",20,4,1,3,12,9
"COG3008",11,24,10,16,6,20
"COG3009",0,7,1,4,1,0
"COG3010",30,30,18,30,32,93
"COG3012",3,6,7,13,3,6
"COG3013",8,10,4,5,2,1
"COG3014",0,2,10,6,0,0
"COG3015",33,28,51,61,171,19
"COG3016",6,14,29,26,22,0
"COG3017",3,3,6,14,1,15
"COG3019",1,0,0,1,0,0
"COG3021",111,49,142,93,84,70
"COG3022",136,71,128,139,148,112
"COG3023",100,246,234,316,353,108
"COG3024",0,0,2,1,0,3
"COG3025",5,26,5,17,13,9
"COG3026",4,13,3,2,1,11
"COG3027",4,22,9,7,8,8
"COG3028",2,10,8,8,2,10
"COG3029",1,6,1,6,0,6
"COG3030",0,4,0,4,2,0
"COG3031",1,18,1,5,2,0
"COG3033",26,66,70,91,33,43
"COG3034",0,10,1,6,0,1
"COG3036",0,4,2,1,0,6
"COG3037",7,25,13,30,31,20
"COG3038",0,17,4,8,4,1
"COG3039",241,197,97,151,46,204
"COG3040",7,25,44,57,85,11
"COG3041",45,48,26,50,15,24
"COG3042",0,3,0,4,0,1
"COG3043",2,12,3,7,0,10
"COG3044",47,48,24,31,16,59
"COG3045",1,9,5,11,2,9
"COG3047",0,6,0,1,2,0
"COG3048",5,24,10,14,7,6
"COG3049",183,241,225,251,337,259
"COG3050",2,3,0,0,0,4
"COG3051",61,71,41,33,24,55
"COG3052",18,23,11,1,1,10
"COG3053",113,33,27,53,4,50
"COG3054",0,4,2,5,0,9
"COG3055",67,66,95,172,130,61
"COG3056",1,13,0,1,2,13
"COG3057",0,3,1,2,1,8
"COG3058",7,13,5,14,1,11
"COG3059",28,38,23,75,115,39
"COG3060",1,4,4,5,1,3
"COG3061",1,1,0,2,0,9
"COG3062",0,2,0,2,1,2
"COG3063",0,0,0,0,0,6
"COG3064",3,5,2,2,4,14
"COG3065",2,6,2,6,1,6
"COG3066",3,4,2,3,0,4
"COG3067",4,14,3,5,2,15
"COG3068",1,12,3,3,1,5
"COG3069",43,32,59,83,14,76
"COG3070",26,24,19,31,11,31
"COG3071",1,7,4,6,5,13
"COG3072",6,23,8,18,4,38
"COG3073",1,5,1,3,2,8
"COG3074",3,2,1,2,2,5
"COG3075",19,8,17,14,1,37
"COG3076",0,3,5,6,2,8
"COG3077",43,71,40,44,8,52
"COG3078",1,1,0,3,1,2
"COG3079",2,14,3,2,0,3
"COG3080",0,7,5,0,0,8
"COG3081",0,9,0,4,3,5
"COG3082",0,4,2,0,0,3
"COG3083",14,17,23,51,13,47
"COG3084",1,13,2,6,5,3
"COG3085",2,5,0,4,2,9
"COG3086",0,8,0,6,2,2
"COG3087",1,11,6,15,1,13
"COG3088",3,19,9,19,8,23
"COG3089",1,2,1,0,0,3
"COG3090",87,60,68,95,48,148
"COG3091",6,7,0,2,0,9
"COG3092",3,3,0,4,0,3
"COG3093",54,44,24,69,71,56
"COG3094",2,9,2,1,1,5
"COG3095",1,11,2,2,2,3
"COG3096",9,25,8,11,3,39
"COG3097",1,6,1,6,0,4
"COG3098",1,3,1,3,1,5
"COG3099",0,6,0,2,2,4
"COG3100",1,2,4,2,1,2
"COG3101",0,3,0,1,0,7
"COG3102",2,6,0,2,2,7
"COG3103",105,173,34,25,21,96
"COG3104",233,142,345,287,350,219
"COG3105",0,8,2,7,1,4
"COG3106",4,6,3,14,1,8
"COG3107",5,11,7,6,3,14
"COG3108",4,4,2,0,1,1
"COG3109",3,21,2,3,0,7
"COG3110",0,11,3,8,0,6
"COG3111",6,13,2,12,6,22
"COG3112",0,0,1,8,1,5
"COG3113",0,9,5,3,1,8
"COG3114",1,1,0,0,0,1
"COG3115",4,2,3,1,0,14
"COG3116",1,2,1,3,2,2
"COG3117",4,16,1,8,1,12
"COG3118",0,7,7,1,1,6
"COG3119",1020,1367,1921,2427,3518,1483
"COG3120",2,9,6,6,4,5
"COG3121",4,62,16,35,14,8
"COG3122",1,3,1,4,1,0
"COG3123",0,5,2,8,2,0
"COG3124",2,5,8,8,3,5
"COG3125",0,1,2,2,0,2
"COG3126",0,3,1,1,0,1
"COG3127",0,8,4,5,3,3
"COG3128",1,2,2,2,2,1
"COG3129",4,15,18,36,75,5
"COG3130",1,1,1,2,0,0
"COG3131",10,23,11,10,4,1
"COG3132",0,3,2,2,0,0
"COG3133",1,6,0,3,5,3
"COG3134",3,3,2,2,2,1
"COG3135",1,1,0,0,0,0
"COG3136",0,3,2,1,1,0
"COG3137",0,1,1,1,2,1
"COG3138",1,7,1,2,1,2
"COG3139",0,3,2,1,1,0
"COG3140",0,2,1,0,0,1
"COG3141",0,4,0,3,0,0
"COG3142",88,45,120,81,100,84
"COG3143",0,3,0,4,1,1
"COG3144",31,9,7,15,4,46
"COG3145",0,11,2,2,0,0
"COG3147",0,2,0,3,1,0
"COG3148",0,6,1,2,0,1
"COG3149",0,3,3,0,0,0
"COG3150",14,8,7,11,6,11
"COG3151",0,6,1,5,1,3
"COG3152",11,37,25,40,57,27
"COG3153",29,71,43,68,73,53
"COG3154",1,3,1,6,2,1
"COG3155",2,1,5,3,0,1
"COG3156",0,6,1,8,3,3
"COG3157",0,59,5,6,10,3
"COG3158",76,24,62,17,2,49
"COG3159",2,6,2,0,1,4
"COG3160",0,11,0,7,1,1
"COG3161",0,12,2,2,0,2
"COG3162",1,2,4,5,1,3
"COG3164",4,43,27,27,6,32
"COG3165",0,12,2,7,0,2
"COG3166",1,3,0,5,1,1
"COG3169",60,30,76,58,91,43
"COG3171",3,9,2,6,2,8
"COG3172",2,24,3,1,6,4
"COG3173",5,23,1,12,6,11
"COG3174",48,19,63,120,210,59
"COG3176",219,99,282,284,288,193
"COG3177",361,481,584,351,659,484
"COG3178",120,41,129,127,125,79
"COG3180",1,11,1,13,10,0
"COG3181",18,40,43,57,19,49
"COG3182",57,30,84,67,82,86
"COG3183",9,0,12,17,24,11
"COG3185",0,0,0,1,0,0
"COG3187",54,19,96,64,114,75
"COG3188",14,142,51,86,44,47
"COG3189",20,17,36,65,79,11
"COG3190",0,2,0,1,1,0
"COG3191",20,62,53,27,20,31
"COG3192",3,21,16,24,11,9
"COG3193",7,14,10,30,9,8
"COG3194",0,4,0,3,0,0
"COG3196",10,6,22,7,2,7
"COG3199",0,10,0,0,1,0
"COG3201",75,66,90,91,122,55
"COG3203",26,83,42,128,11,154
"COG3204",0,4,1,5,1,0
"COG3206",261,82,206,190,190,164
"COG3208",4,3,27,8,3,1
"COG3209",348,291,522,515,456,653
"COG3210",35,103,20,37,37,34
"COG3212",5,32,1,6,10,6
"COG3213",2,0,0,1,0,13
"COG3214",0,25,8,13,3,3
"COG3216",1,2,0,0,0,0
"COG3217",1,11,0,5,1,1
"COG3218",0,0,0,4,0,0
"COG3219",3,0,0,1,0,9
"COG3220",5,0,0,0,0,5
"COG3221",16,35,26,23,16,15
"COG3222",0,9,0,0,1,5
"COG3223",0,6,7,6,1,4
"COG3224",1,0,0,0,0,0
"COG3225",174,164,175,136,281,121
"COG3226",0,3,1,3,2,4
"COG3227",0,8,0,0,0,1
"COG3228",1,4,1,1,1,2
"COG3231",9,20,3,11,2,5
"COG3232",0,0,0,2,0,1
"COG3234",0,2,3,4,2,1
"COG3236",36,48,25,24,11,29
"COG3237",0,2,0,3,0,2
"COG3238",20,31,18,11,8,36
"COG3242",0,4,2,0,0,0
"COG3246",8,66,33,35,8,15
"COG3247",4,15,5,8,1,0
"COG3248",1,25,2,4,4,0
"COG3250",3802,2865,5184,6497,6937,4188
"COG3251",1,2,2,0,1,2
"COG3252",0,4,0,0,0,0
"COG3253",0,0,0,1,0,0
"COG3254",26,18,54,71,91,19
"COG3256",4,0,0,1,0,27
"COG3257",0,5,5,2,2,2
"COG3259",0,41,0,1,0,0
"COG3260",7,28,4,11,7,6
"COG3261",7,59,13,18,9,7
"COG3262",4,11,5,4,2,8
"COG3263",126,89,210,174,216,182
"COG3264",38,46,26,40,19,47
"COG3265",0,9,18,3,1,2
"COG3266",0,7,3,6,0,3
"COG3267",4,0,6,8,12,4
"COG3268",0,2,0,0,0,0
"COG3270",49,85,21,15,13,62
"COG3271",0,2,2,0,0,0
"COG3272",1,9,6,5,5,2
"COG3274",213,153,346,300,319,311
"COG3275",276,388,535,595,663,345
"COG3276",5,51,24,35,17,40
"COG3279",1101,725,802,909,836,1073
"COG3283",1,20,3,3,9,7
"COG3284",3,46,29,18,21,2
"COG3287",37,11,9,10,0,37
"COG3288",12,15,23,3,4,12
"COG3290",53,64,14,38,19,37
"COG3291",237,141,57,88,29,52
"COG3292",2023,2136,4329,6544,9314,2239
"COG3293",85,134,444,18,55,31
"COG3294",8,3,3,3,4,6
"COG3296",0,3,2,3,3,1
"COG3297",1,5,4,0,1,0
"COG3299",46,133,26,29,30,57
"COG3301",11,10,6,21,5,25
"COG3302",1,16,3,13,5,2
"COG3303",26,91,104,149,149,56
"COG3304",22,44,49,68,55,22
"COG3306",4,19,7,19,0,16
"COG3307",11,44,18,22,33,43
"COG3309",0,1,1,10,24,0
"COG3311",1,3,5,6,1,1
"COG3312",2,10,2,4,1,4
"COG3313",0,4,1,0,0,0
"COG3314",120,148,52,42,34,97
"COG3315",62,36,76,35,25,68
"COG3316",3,49,11,22,5,4
"COG3317",2,13,7,11,0,20
"COG3318",0,4,5,3,1,2
"COG3319",4,23,7,6,0,0
"COG3320",16,67,8,33,11,4
"COG3321",23,6,7,2,4,15
"COG3323",35,50,92,87,133,80
"COG3324",1,11,13,24,60,0
"COG3325",61,36,74,134,61,79
"COG3326",66,63,24,9,36,20
"COG3327",0,0,1,4,2,2
"COG3328",223,254,427,498,251,384
"COG3330",4,37,0,1,0,0
"COG3331",62,52,12,11,9,55
"COG3333",46,45,72,63,19,71
"COG3335",159,91,22,64,72,86
"COG3338",0,0,3,4,0,10
"COG3339",1,12,4,9,8,1
"COG3340",166,110,112,71,103,93
"COG3341",116,31,86,96,122,110
"COG3343",0,6,2,0,0,2
"COG3344",1711,1196,1452,1350,1939,1882
"COG3345",431,412,605,660,751,483
"COG3347",2,5,0,3,1,0
"COG3350",0,0,0,0,0,9
"COG3359",61,29,13,10,11,53
"COG3366",0,1,4,4,4,0
"COG3369",4,12,16,10,8,0
"COG3378",254,328,212,97,107,179
"COG3379",1,0,1,2,2,0
"COG3381",4,14,5,14,3,11
"COG3382",31,33,59,61,67,58
"COG3383",14,72,19,40,29,29
"COG3384",1,10,8,10,2,17
"COG3385",1750,688,1145,299,108,952
"COG3386",17,73,48,72,32,16
"COG3387",49,113,36,127,87,26
"COG3391",82,157,90,204,358,87
"COG3392",29,23,26,31,6,20
"COG3393",1,27,2,0,7,5
"COG3394",21,23,55,46,15,8
"COG3395",30,52,18,27,44,39
"COG3396",1,0,2,6,1,1
"COG3397",5,0,0,0,1,5
"COG3401",11,49,4,6,0,36
"COG3402",12,1,20,0,4,21
"COG3404",115,50,103,121,93,74
"COG3405",87,36,50,32,2,22
"COG3407",1,0,1,0,0,1
"COG3408",285,221,292,366,307,289
"COG3409",85,271,83,22,38,79
"COG3410",9,20,46,75,4,55
"COG3411",1,11,11,21,5,1
"COG3412",2,10,7,12,4,2
"COG3414",3,6,7,13,12,12
"COG3417",0,6,4,7,5,1
"COG3418",0,2,1,0,1,0
"COG3420",2,0,6,7,0,4
"COG3421",0,23,2,7,0,32
"COG3422",1,7,1,8,3,4
"COG3423",1,4,2,6,3,1
"COG3425",0,15,4,0,0,1
"COG3426",147,193,180,129,113,130
"COG3428",70,0,50,0,0,79
"COG3429",0,0,6,0,0,0
"COG3433",2,20,0,3,1,0
"COG3434",42,15,4,1,3,18
"COG3435",0,0,0,1,0,1
"COG3436",1363,593,706,613,2074,1133
"COG3437",329,337,474,285,216,310
"COG3439",1,23,7,36,28,3
"COG3440",10,4,8,11,1,6
"COG3442",23,114,37,4,2,8
"COG3443",11,14,12,16,4,16
"COG3444",22,79,42,54,47,69
"COG3445",0,10,1,2,0,10
"COG3447",0,27,4,9,3,3
"COG3448",0,0,0,0,4,0
"COG3449",34,81,78,159,303,21
"COG3450",0,0,0,2,2,6
"COG3451",1562,2095,1124,1114,1052,1597
"COG3452",56,24,25,16,7,47
"COG3454",2,20,4,11,1,0
"COG3455",1,8,4,3,0,5
"COG3456",2,11,1,1,0,3
"COG3457",8,45,15,9,5,1
"COG3458",98,47,118,109,173,53
"COG3459",476,635,129,106,46,363
"COG3460",0,0,0,2,1,2
"COG3463",28,8,3,8,0,35
"COG3464",294,262,664,158,730,419
"COG3467",119,92,157,168,98,105
"COG3468",56,274,40,260,125,71
"COG3469",0,0,0,0,0,1
"COG3470",0,1,4,0,0,3
"COG3471",0,0,1,0,0,9
"COG3472",13,25,20,8,4,7
"COG3473",0,3,1,0,4,0
"COG3475",296,168,182,179,232,230
"COG3476",44,34,20,13,44,32
"COG3477",0,0,1,3,1,3
"COG3478",0,0,0,4,4,0
"COG3479",1,0,0,0,0,0
"COG3480",11,6,20,5,0,0
"COG3481",137,164,61,67,35,149
"COG3484",2,0,0,0,0,0
"COG3485",0,0,1,1,0,0
"COG3486",0,13,1,0,0,1
"COG3487",35,24,68,105,123,37
"COG3488",92,54,122,111,81,64
"COG3491",1,0,2,0,0,0
"COG3493",7,3,7,4,9,31
"COG3494",3,3,6,11,14,1
"COG3497",30,73,6,33,28,5
"COG3498",20,36,3,10,5,7
"COG3499",0,13,1,2,0,0
"COG3500",20,72,9,37,15,7
"COG3501",58,83,93,38,59,292
"COG3503",26,15,18,15,7,33
"COG3504",2,2,0,6,6,3
"COG3505",1300,1701,1178,852,1845,1104
"COG3506",29,13,49,55,83,69
"COG3507",984,303,1207,1728,1506,801
"COG3509",4,4,6,1,0,48
"COG3512",19,26,34,26,8,24
"COG3513",272,132,215,195,32,105
"COG3515",2,21,5,8,3,8
"COG3516",2,5,7,4,0,4
"COG3517",1,15,7,6,2,14
"COG3518",0,9,0,2,0,7
"COG3519",2,25,5,1,0,9
"COG3520",0,7,1,0,1,7
"COG3521",0,5,0,0,0,5
"COG3522",5,17,6,3,1,9
"COG3523",6,39,8,7,0,25
"COG3524",0,8,0,2,4,7
"COG3525",1255,1011,1672,2087,2391,1507
"COG3527",0,4,5,0,1,1
"COG3528",0,2,0,0,0,0
"COG3529",0,0,0,2,1,1
"COG3530",0,4,1,0,3,0
"COG3533",567,392,759,1290,1382,576
"COG3534",320,270,517,643,633,285
"COG3535",4,54,16,11,2,2
"COG3536",0,0,2,5,0,5
"COG3537",1255,1013,2101,2961,3278,1592
"COG3538",162,79,206,354,437,165
"COG3539",7,103,32,60,33,19
"COG3541",14,45,6,7,14,8
"COG3542",7,6,5,4,1,1
"COG3543",33,17,11,7,3,17
"COG3544",3,4,1,3,6,5
"COG3545",3,5,0,3,0,0
"COG3546",67,141,32,37,22,74
"COG3547",798,794,704,552,513,502
"COG3548",0,21,5,2,0,0
"COG3549",0,13,4,2,0,1
"COG3550",340,211,190,286,857,210
"COG3552",0,23,0,10,0,0
"COG3557",5,10,1,1,0,1
"COG3558",1,0,1,0,0,0
"COG3560",42,55,52,89,105,23
"COG3561",14,46,5,12,3,11
"COG3562",1,12,0,3,1,16
"COG3563",0,14,3,0,2,7
"COG3566",4,3,3,1,4,12
"COG3567",13,4,7,2,5,32
"COG3568",200,198,369,420,570,240
"COG3570",1,0,4,8,0,0
"COG3572",8,1,16,15,0,7
"COG3575",0,0,0,0,0,1
"COG3576",0,0,14,1,0,1
"COG3579",239,86,328,233,277,209
"COG3580",434,425,236,237,92,367
"COG3581",380,413,192,163,87,379
"COG3583",55,104,47,37,17,41
"COG3584",48,137,59,42,90,37
"COG3585",1,1,3,3,1,4
"COG3586",14,58,37,20,59,7
"COG3587",112,117,141,155,138,144
"COG3588",4,23,0,4,3,1
"COG3589",10,4,4,17,11,1
"COG3590",201,120,303,245,168,198
"COG3591",18,25,3,4,0,11
"COG3592",0,2,0,3,4,2
"COG3593",85,87,50,42,84,35
"COG3594",112,56,103,281,282,145
"COG3595",21,19,3,13,3,5
"COG3596",17,12,0,11,0,46
"COG3597",5,0,0,0,0,31
"COG3598",27,15,28,0,18,3
"COG3599",47,98,22,9,6,17
"COG3600",33,11,20,20,2,30
"COG3601",89,93,75,33,22,107
"COG3602",1,1,6,2,2,0
"COG3603",1,5,1,2,8,4
"COG3604",146,129,76,200,49,177
"COG3605",8,19,4,6,5,2
"COG3608",89,42,25,51,19,64
"COG3609",1,1,7,4,0,1
"COG3610",40,54,52,86,72,70
"COG3611",16,26,1,0,4,2
"COG3613",1,18,10,4,1,1
"COG3615",2,4,2,4,2,5
"COG3616",5,12,15,33,9,10
"COG3617",164,227,121,56,65,119
"COG3618",0,0,2,2,2,1
"COG3619",104,90,67,47,28,105
"COG3622",5,29,12,37,10,10
"COG3623",1,21,5,2,10,2
"COG3624",0,13,1,1,1,1
"COG3625",0,21,3,17,2,0
"COG3626",9,51,7,16,4,0
"COG3627",5,28,6,26,5,2
"COG3628",1,17,0,10,1,1
"COG3629",2,4,14,2,15,3
"COG3630",0,0,0,0,0,2
"COG3633",58,44,90,58,10,71
"COG3634",84,69,136,156,198,128
"COG3635",77,128,134,132,97,162
"COG3636",4,0,1,0,0,0
"COG3637",4,23,6,11,2,5
"COG3638",20,39,10,24,16,5
"COG3639",40,57,12,23,22,15
"COG3640",27,37,51,27,9,28
"COG3641",47,69,41,51,16,52
"COG3643",31,31,62,115,109,33
"COG3645",183,129,85,71,60,58
"COG3646",14,22,17,19,2,23
"COG3647",0,6,2,2,0,0
"COG3649",57,52,54,51,19,41
"COG3650",6,1,0,0,0,7
"COG3653",16,102,22,65,27,11
"COG3654",15,45,32,41,40,16
"COG3655",67,96,60,65,57,77
"COG3657",2,0,3,0,0,0
"COG3659",1,0,1,0,0,0
"COG3660",4,1,0,1,0,0
"COG3661",60,22,103,95,305,35
"COG3663",113,81,108,81,102,112
"COG3664",27,50,15,72,13,82
"COG3665",1,13,1,1,0,7
"COG3666",445,750,1195,191,1530,433
"COG3667",0,0,0,2,0,0
"COG3668",2,12,7,2,0,3
"COG3669",904,776,1292,585,830,743
"COG3671",0,1,5,2,0,5
"COG3675",0,0,0,0,10,0
"COG3676",13,16,68,81,34,22
"COG3677",57,205,36,53,1339,21
"COG3678",2,14,6,12,0,1
"COG3679",1,10,0,1,0,1
"COG3680",5,0,4,2,0,1
"COG3681",218,196,260,240,273,169
"COG3682",70,100,97,79,47,87
"COG3683",1,0,1,3,4,2
"COG3684",0,13,2,4,1,2
"COG3685",0,4,6,7,2,2
"COG3688",196,175,86,65,31,197
"COG3689",37,34,31,12,21,20
"COG3691",3,13,2,4,1,10
"COG3692",0,0,1,2,2,2
"COG3693",160,51,95,72,81,92
"COG3694",4,79,2,2,4,2
"COG3695",20,23,23,54,65,26
"COG3696",418,316,674,648,823,426
"COG3697",32,14,6,10,6,11
"COG3698",1,15,3,3,3,10
"COG3700",1,12,2,9,1,6
"COG3701",0,1,0,4,2,0
"COG3703",0,6,2,5,4,0
"COG3704",4,0,0,0,0,0
"COG3705",99,91,34,45,34,115
"COG3706",1021,656,1447,2134,2815,774
"COG3707",37,61,44,22,23,12
"COG3708",17,89,10,42,22,16
"COG3709",0,5,3,1,0,0
"COG3710",1,19,11,20,9,4
"COG3711",109,180,109,275,206,267
"COG3712",622,1525,1941,2530,4030,821
"COG3713",1,7,12,28,3,5
"COG3714",0,9,2,7,3,3
"COG3715",35,75,62,80,50,89
"COG3716",27,81,83,74,49,94
"COG3717",121,71,138,202,161,165
"COG3718",4,32,2,6,18,38
"COG3719",2,12,1,4,0,3
"COG3720",1,6,0,0,0,0
"COG3721",0,3,0,11,1,9
"COG3722",3,19,3,6,2,0
"COG3723",29,21,16,5,2,35
"COG3724",0,10,3,1,0,1
"COG3725",1,4,1,2,0,1
"COG3726",1,1,0,5,0,7
"COG3727",100,40,77,36,42,73
"COG3728",6,48,4,3,8,15
"COG3729",0,1,2,2,1,0
"COG3730",2,9,4,4,12,3
"COG3731",3,7,1,4,7,4
"COG3732",5,7,4,4,10,2
"COG3733",0,0,4,6,0,2
"COG3734",0,17,6,15,9,4
"COG3735",9,9,12,49,51,14
"COG3736",2,0,0,4,0,0
"COG3738",20,14,24,3,0,22
"COG3740",10,51,36,29,57,18
"COG3741",1,4,0,1,0,0
"COG3744",1,1,2,0,4,1
"COG3745",1,0,0,1,1,6
"COG3746",61,21,93,104,224,98
"COG3747",6,9,7,32,1,10
"COG3753",1,1,1,1,1,0
"COG3754",55,53,78,212,101,107
"COG3755",0,0,2,3,2,2
"COG3756",0,0,0,1,0,1
"COG3757",339,323,259,116,112,399
"COG3758",2,20,5,8,4,2
"COG3759",0,0,0,1,0,0
"COG3760",84,72,46,67,10,47
"COG3762",0,1,1,6,0,6
"COG3763",4,2,0,0,1,1
"COG3764",97,355,143,96,41,74
"COG3765",1,30,2,21,1,6
"COG3766",0,8,1,1,3,0
"COG3767",1,0,0,0,0,6
"COG3768",2,5,1,1,1,8
"COG3769",0,4,1,2,0,0
"COG3770",1,11,0,4,1,4
"COG3771",2,3,0,2,0,4
"COG3772",18,51,6,17,3,4
"COG3773",202,233,37,26,20,156
"COG3774",142,67,160,187,188,45
"COG3775",75,39,179,119,150,132
"COG3776",0,4,2,0,0,0
"COG3778",0,0,5,2,0,0
"COG3779",0,5,3,3,0,1
"COG3781",1,6,1,2,1,0
"COG3783",2,2,0,2,1,0
"COG3784",1,7,2,2,2,0
"COG3785",0,3,5,1,1,0
"COG3786",7,9,3,3,4,3
"COG3787",3,6,4,8,2,1
"COG3788",0,7,2,5,1,2
"COG3789",0,4,0,2,2,3
"COG3790",0,6,2,5,2,1
"COG3791",0,1,1,0,0,1
"COG3793",1,2,0,1,0,0
"COG3794",2,0,0,0,0,3
"COG3797",0,17,1,8,7,2
"COG3799",1,20,1,7,2,1
"COG3804",14,108,7,15,10,3
"COG3808",255,281,246,254,221,205
"COG3811",0,1,0,1,0,0
"COG3815",3,9,0,2,3,3
"COG3817",4,0,1,20,7,6
"COG3819",6,3,2,18,6,5
"COG3822",4,33,11,54,20,3
"COG3823",4,2,13,9,0,0
"COG3824",0,0,4,0,0,0
"COG3825",5,7,1,4,6,8
"COG3828",0,5,0,0,0,0
"COG3829",70,205,136,185,132,77
"COG3830",74,69,141,177,158,132
"COG3831",4,33,28,46,70,10
"COG3833",118,68,49,47,14,129
"COG3835",13,36,27,14,18,37
"COG3836",5,25,37,12,17,13
"COG3837",0,2,1,1,2,1
"COG3839",281,311,191,134,108,253
"COG3840",0,11,1,0,1,6
"COG3842",278,328,280,286,284,357
"COG3843",392,676,260,319,117,339
"COG3845",169,387,163,123,75,144
"COG3846",0,23,0,0,2,0
"COG3848",67,28,57,28,19,67
"COG3850",4,39,22,18,2,27
"COG3851",7,42,6,6,4,15
"COG3852",0,10,8,35,21,13
"COG3853",80,125,73,64,35,41
"COG3854",68,72,29,40,23,95
"COG3855",366,261,315,255,304,341
"COG3856",1,33,11,4,4,1
"COG3857",316,551,159,118,63,307
"COG3858",176,164,52,62,45,136
"COG3859",55,88,36,17,18,55
"COG3860",1,9,1,0,2,0
"COG3862",33,30,26,27,11,33
"COG3863",0,0,1,0,0,4
"COG3864",32,19,16,7,2,14
"COG3866",48,5,21,48,8,21
"COG3867",247,47,59,153,176,132
"COG3868",24,4,1,2,0,2
"COG3869",25,62,11,17,14,35
"COG3870",5,22,8,9,6,5
"COG3871",28,40,54,95,155,30
"COG3872",113,120,68,65,28,125
"COG3874",16,76,18,10,3,11
"COG3875",18,77,31,51,36,44
"COG3876",97,68,141,145,194,106
"COG3877",3,7,2,21,0,2
"COG3878",5,7,4,15,1,17
"COG3879",15,119,47,18,6,1
"COG3880",14,54,6,9,1,14
"COG3882",69,24,29,186,17,10
"COG3883",55,156,22,10,11,29
"COG3884",161,143,168,120,138,157
"COG3885",1,7,7,4,7,4
"COG3886",90,90,166,79,37,106
"COG3887",216,348,131,99,55,274
"COG3892",1,20,3,2,0,12
"COG3893",12,42,39,39,7,1
"COG3894",91,83,60,22,28,73
"COG3895",0,7,2,2,0,0
"COG3896",0,2,0,0,0,0
"COG3899",1,1,15,1,22,1
"COG3901",0,35,6,1,0,1
"COG3903",0,0,2,0,0,0
"COG3906",0,3,0,1,0,1
"COG3907",3,0,1,1,0,3
"COG3910",117,92,52,33,23,79
"COG3911",0,5,2,0,0,0
"COG3915",0,0,0,1,0,0
"COG3919",11,69,71,66,24,14
"COG3920",3,8,49,11,21,8
"COG3923",0,7,2,4,1,6
"COG3924",0,3,4,4,0,6
"COG3925",1,5,3,2,0,7
"COG3926",15,10,10,168,8,22
"COG3933",17,28,35,14,71,31
"COG3934",24,9,15,0,0,3
"COG3935",123,180,57,46,27,150
"COG3936",26,43,29,14,9,4
"COG3937",3,13,6,6,8,7
"COG3938",0,17,15,8,6,7
"COG3940",61,80,112,245,364,87
"COG3941",5,6,39,2,0,0
"COG3942",1,1,37,4,0,6
"COG3943",378,342,358,289,374,221
"COG3944",79,139,91,45,28,113
"COG3945",0,0,4,0,2,0
"COG3947",14,20,8,16,4,9
"COG3948",32,59,11,6,9,3
"COG3949",17,100,12,18,8,20
"COG3950",141,50,123,155,165,131
"COG3951",3,9,4,9,0,0
"COG3952",0,2,1,10,14,4
"COG3954",1,17,1,4,1,5
"COG3955",14,11,6,43,8,3
"COG3956",40,50,87,60,74,50
"COG3957",136,80,108,20,6,118
"COG3958",179,234,132,202,50,150
"COG3959",177,222,108,194,95,148
"COG3960",2,15,1,5,2,1
"COG3961",3,0,0,0,0,0
"COG3962",5,33,7,1,2,26
"COG3963",0,2,1,0,0,0
"COG3964",8,5,11,19,25,14
"COG3965",1,12,1,4,7,6
"COG3966",3,2,3,3,0,6
"COG3967",0,0,0,1,0,0
"COG3968",586,505,597,582,591,625
"COG3969",107,264,159,209,351,120
"COG3971",0,12,3,12,2,5
"COG3972",4,4,109,5,177,30
"COG3973",110,192,108,142,164,141
"COG3975",0,0,7,11,0,16
"COG3976",46,26,16,36,7,18
"COG3977",2,23,5,13,2,5
"COG3978",0,4,2,0,0,0
"COG3979",8,0,4,14,0,34
"COG3980",61,33,11,67,51,12
"COG3981",15,85,14,3,6,20
"COG4001",297,297,208,278,0,298
"COG4012",1,11,1,1,0,0
"COG4021",1,30,0,1,0,0
"COG4032",4,18,9,10,26,9
"COG4043",16,44,10,2,0,0
"COG4085",3,5,0,0,0,0
"COG4086",35,47,13,11,1,49
"COG4087",1,6,3,1,0,2
"COG4091",0,0,2,0,8,0
"COG4095",5,1,0,1,0,0
"COG4096",423,247,296,209,560,350
"COG4097",4,0,0,12,0,16
"COG4098",1,4,1,4,1,0
"COG4099",44,27,42,68,89,48
"COG4100",150,249,85,52,33,133
"COG4104",1,3,3,6,73,3
"COG4105",5,12,2,18,4,14
"COG4106",2,5,7,2,5,3
"COG4107",0,39,2,9,6,0
"COG4108",292,207,270,250,167,338
"COG4109",1,0,2,1,0,3
"COG4110",41,0,0,0,0,0
"COG4112",0,5,0,0,0,0
"COG4114",0,5,3,5,0,2
"COG4115",47,64,115,81,197,39
"COG4116",3,4,2,2,0,2
"COG4117",0,6,1,6,3,2
"COG4120",174,124,113,102,40,178
"COG4121",52,56,78,86,48,63
"COG4122",161,123,150,159,120,167
"COG4123",205,153,125,119,134,173
"COG4124",141,37,206,106,142,57
"COG4125",0,0,0,0,0,3
"COG4126",3,13,3,3,1,2
"COG4127",15,8,0,1,0,13
"COG4128",0,0,0,0,2,0
"COG4129",14,10,11,20,9,18
"COG4130",1,0,0,0,0,1
"COG4132",1,1,16,16,1,11
"COG4133",2,8,5,9,0,15
"COG4134",7,22,4,4,4,13
"COG4135",0,5,0,7,1,1
"COG4136",0,4,0,3,3,0
"COG4137",1,16,5,20,2,15
"COG4138",1,11,0,3,3,0
"COG4139",0,5,1,2,0,1
"COG4143",1,9,1,12,4,7
"COG4145",11,37,12,27,19,21
"COG4146",138,77,245,203,323,179
"COG4147",1,12,3,4,3,0
"COG4148",3,4,16,24,2,16
"COG4149",24,34,23,25,15,78
"COG4150",0,10,1,2,3,0
"COG4152",67,88,106,35,10,27
"COG4154",5,32,16,15,11,18
"COG4158",42,7,4,7,5,32
"COG4160",2,11,3,7,5,11
"COG4161",1,8,2,6,0,11
"COG4166",253,288,260,176,87,221
"COG4167",0,13,1,3,1,12
"COG4168",2,12,0,8,4,9
"COG4170",0,13,2,6,4,6
"COG4171",3,8,0,1,0,7
"COG4172",16,21,35,15,8,40
"COG4174",7,11,3,3,4,3
"COG4175",23,57,51,120,155,65
"COG4176",20,41,35,86,130,30
"COG4177",81,192,100,66,52,97
"COG4178",5,6,10,19,22,41
"COG4181",2,10,14,5,2,2
"COG4185",66,23,33,55,52,21
"COG4186",29,65,92,47,80,41
"COG4187",1,6,11,2,1,2
"COG4188",0,2,3,0,4,0
"COG4189",37,11,4,21,9,35
"COG4191",19,40,15,25,31,16
"COG4192",0,0,0,0,0,1
"COG4193",59,167,16,1,6,82
"COG4194",0,0,5,1,0,0
"COG4197",1,0,0,0,0,0
"COG4198",183,116,176,156,194,175
"COG4199",4,1,3,0,32,0
"COG4200",7,5,10,13,1,24
"COG4206",643,460,1048,1179,1321,555
"COG4208",32,29,16,17,3,40
"COG4209",441,559,243,120,237,345
"COG4211",74,93,39,65,25,99
"COG4213",33,21,27,33,12,11
"COG4214",12,25,18,17,6,6
"COG4215",3,11,2,8,1,4
"COG4219",211,231,85,68,59,170
"COG4220",1,17,1,0,0,1
"COG4221",77,40,111,110,127,86
"COG4222",1,0,1,2,5,0
"COG4224",27,12,23,5,5,38
"COG4225",432,284,623,856,1013,615
"COG4226",14,13,6,26,3,5
"COG4227",81,89,59,70,509,130
"COG4228",0,0,1,0,0,1
"COG4230",5,13,0,3,3,26
"COG4231",161,218,249,187,219,144
"COG4232",199,128,231,173,231,172
"COG4233",14,0,6,16,0,5
"COG4235",6,15,12,39,4,44
"COG4237",0,4,3,4,4,8
"COG4238",0,4,0,0,0,1
"COG4239",4,7,4,3,0,0
"COG4241",4,4,9,9,10,0
"COG4242",1,5,0,0,0,0
"COG4243",0,0,8,0,0,0
"COG4245",124,9,2,10,2,1
"COG4248",19,33,4,10,2,4
"COG4249",87,7,20,65,12,8
"COG4251",0,0,0,0,0,1
"COG4252",2,0,0,0,0,0
"COG4253",0,2,2,0,0,2
"COG4256",0,0,0,1,0,0
"COG4258",4,8,9,18,0,29
"COG4260",156,196,79,45,10,73
"COG4261",17,14,29,40,100,29
"COG4262",0,0,0,2,3,0
"COG4264",0,33,2,0,0,1
"COG4267",39,7,34,38,1,39
"COG4268",107,26,93,22,30,69
"COG4269",3,13,6,7,7,4
"COG4271",8,36,2,1,1,1
"COG4277",145,130,180,139,150,172
"COG4279",0,10,7,26,1,38
"COG4282",0,1,0,0,1,1
"COG4283",68,49,13,6,12,22
"COG4284",112,161,48,11,0,94
"COG4286",51,8,19,16,3,58
"COG4287",0,0,0,1,0,0
"COG4288",0,4,0,0,0,0
"COG4289",147,176,201,236,272,178
"COG4290",0,0,1,0,0,0
"COG4292",0,1,12,18,104,2
"COG4294",11,5,2,0,0,2
"COG4295",35,6,5,3,1,31
"COG4296",11,13,17,13,3,35
"COG4299",151,100,283,289,393,245
"COG4300",1,0,0,0,0,3
"COG4302",4,21,3,5,6,8
"COG4303",5,38,10,15,4,8
"COG4310",12,5,0,0,0,0
"COG4314",0,0,4,5,0,7
"COG4316",1,0,0,0,0,10
"COG4319",0,0,0,2,0,0
"COG4320",0,0,10,0,0,0
"COG4325",0,0,2,2,4,0
"COG4330",0,0,0,2,0,0
"COG4332",2,13,10,20,60,2
"COG4333",10,14,15,5,16,9
"COG4335",2,5,7,18,68,2
"COG4336",1,3,4,3,2,12
"COG4354",133,62,160,182,148,156
"COG4357",0,1,1,1,0,0
"COG4372",0,6,12,2,6,5
"COG4373",0,0,2,1,0,0
"COG4377",49,19,11,8,6,34
"COG4379",2,11,10,3,0,1
"COG4381",0,0,1,1,0,0
"COG4382",0,0,2,0,0,0
"COG4383",4,12,11,17,7,32
"COG4384",0,0,3,0,0,0
"COG4385",5,27,5,4,3,3
"COG4386",3,1,7,4,0,0
"COG4387",0,0,0,0,1,3
"COG4388",2,0,3,1,1,33
"COG4389",5,0,0,0,0,18
"COG4390",1,0,0,0,0,9
"COG4392",2,1,0,2,1,1
"COG4393",1,0,23,1,0,10
"COG4394",1,0,3,12,2,7
"COG4395",6,4,3,12,1,13
"COG4396",1,2,0,0,0,0
"COG4397",2,2,4,10,2,28
"COG4399",0,2,0,4,0,3
"COG4401",3,1,0,0,2,1
"COG4403",0,13,6,22,5,28
"COG4405",4,22,6,25,2,0
"COG4408",0,0,0,2,3,0
"COG4409",229,205,290,154,155,173
"COG4412",251,29,13,18,1,16
"COG4413",32,3,22,91,77,7
"COG4420",6,20,0,1,0,1
"COG4421",0,17,11,14,88,0
"COG4422",138,120,139,195,376,145
"COG4430",11,10,44,47,84,12
"COG4443",27,13,18,8,5,38
"COG4448",4,11,13,3,11,0
"COG4452",11,60,37,70,82,4
"COG4453",1,1,2,1,1,0
"COG4456",5,9,0,0,0,2
"COG4457",9,5,5,7,2,21
"COG4458",4,4,4,3,1,9
"COG4463",14,60,8,16,8,14
"COG4464",141,118,70,107,45,83
"COG4465",72,21,10,21,17,69
"COG4466",2,20,4,2,0,1
"COG4467",0,0,0,0,0,1
"COG4468",148,116,85,96,49,175
"COG4469",0,7,2,0,0,2
"COG4470",1,3,0,2,0,0
"COG4471",1,0,0,0,0,1
"COG4472",52,63,30,16,11,39
"COG4473",1,0,0,0,0,1
"COG4474",73,69,64,59,192,69
"COG4475",34,41,23,24,9,10
"COG4476",1,0,0,0,0,1
"COG4477",19,26,3,2,2,3
"COG4478",0,16,9,1,2,6
"COG4479",0,0,1,1,0,1
"COG4481",22,26,12,9,12,27
"COG4483",0,0,1,0,0,1
"COG4485",415,191,99,43,32,252
"COG4487",15,3,3,2,0,14
"COG4492",48,32,41,32,15,73
"COG4495",6,23,1,2,0,3
"COG4496",71,49,29,24,17,50
"COG4499",0,0,0,7,0,0
"COG4502",5,14,0,0,0,0
"COG4506",68,57,42,67,18,79
"COG4508",0,5,0,1,0,0
"COG4509",175,409,174,135,63,165
"COG4512",11,34,1,3,2,6
"COG4521",5,20,1,8,7,4
"COG4525",3,2,2,2,3,4
"COG4529",2,19,3,5,6,2
"COG4531",3,8,1,3,3,12
"COG4533",1,15,5,11,3,8
"COG4535",8,15,13,13,3,28
"COG4536",94,22,72,30,92,49
"COG4537",1,1,1,1,0,2
"COG4540",4,13,12,5,0,0
"COG4541",0,0,0,5,0,3
"COG4542",1,0,6,2,4,2
"COG4545",0,0,0,0,0,1
"COG4548",30,109,64,17,40,7
"COG4550",0,1,0,1,0,0
"COG4552",60,116,87,119,100,91
"COG4555",5,10,0,8,5,2
"COG4558",1,7,1,0,0,0
"COG4559",0,11,0,0,0,0
"COG4564",10,6,109,28,0,34
"COG4565",6,38,7,19,3,9
"COG4566",17,19,33,71,10,67
"COG4568",0,6,2,0,0,1
"COG4569",0,13,2,4,0,2
"COG4570",2,19,7,8,6,2
"COG4571",0,13,2,2,2,1
"COG4572",0,1,0,1,0,0
"COG4573",13,71,12,9,4,4
"COG4574",0,7,0,4,1,1
"COG4575",0,17,6,9,4,5
"COG4576",6,14,3,16,4,4
"COG4577",14,47,16,74,20,15
"COG4578",0,4,4,2,10,2
"COG4579",1,9,4,1,2,3
"COG4580",10,34,18,20,8,8
"COG4581",2,0,47,2,0,2
"COG4582",2,13,3,2,2,4
"COG4584",530,298,499,252,450,569
"COG4585",117,40,190,64,86,154
"COG4586",4,62,1,4,5,3
"COG4587",3,64,0,3,6,1
"COG4589",0,0,11,42,69,13
"COG4591",268,140,263,226,318,186
"COG4592",1,3,4,2,2,0
"COG4594",0,0,0,0,1,8
"COG4597",1,16,9,8,0,15
"COG4598",1,2,4,2,2,2
"COG4603",125,231,119,77,33,105
"COG4604",11,3,5,11,12,30
"COG4605",8,2,4,9,9,26
"COG4606",9,5,5,13,5,37
"COG4607",10,10,6,12,12,24
"COG4608",191,378,248,158,90,187
"COG4615",0,10,3,8,1,2
"COG4618",0,2,0,0,0,0
"COG4619",1,5,5,2,4,3
"COG4623",78,74,135,143,193,140
"COG4624",398,677,451,520,413,483
"COG4625",15,7,13,13,3,5
"COG4626",115,323,97,133,179,99
"COG4627",0,0,1,1,0,0
"COG4628",0,1,0,1,0,0
"COG4631",1,0,0,0,0,2
"COG4632",90,180,108,121,326,80
"COG4633",8,0,21,2,0,29
"COG4635",2,5,7,4,16,18
"COG4636",38,12,12,18,26,24
"COG4637",55,26,87,35,0,28
"COG4638",2,0,0,3,2,2
"COG4639",17,35,1,4,0,4
"COG4641",162,12,13,16,4,219
"COG4642",140,23,99,80,141,86
"COG4643",2,31,15,13,1,13
"COG4644",2,122,16,8,3,1
"COG4646",1065,1386,1056,638,686,1294
"COG4648",0,1,2,3,0,4
"COG4650",1,18,9,6,4,1
"COG4651",1,23,10,18,9,14
"COG4652",0,7,5,0,6,1
"COG4653",27,75,27,22,81,35
"COG4656",237,262,302,230,185,281
"COG4657",155,119,155,145,88,135
"COG4658",146,120,167,175,127,211
"COG4659",136,97,126,129,127,154
"COG4660",180,168,182,186,115,183
"COG4662",1,15,3,0,1,0
"COG4663",3,7,9,0,0,3
"COG4664",0,9,1,3,0,2
"COG4665",1,1,4,1,0,2
"COG4666",42,75,46,71,22,33
"COG4667",204,106,179,147,122,205
"COG4668",14,35,6,23,14,23
"COG4669",1,3,5,8,2,3
"COG4670",11,59,45,21,13,42
"COG4672",0,9,5,2,0,2
"COG4674",0,2,2,1,8,0
"COG4675",1,27,9,7,1,0
"COG4676",1,7,1,6,2,0
"COG4677",251,77,230,296,465,426
"COG4678",0,0,0,2,20,3
"COG4679",17,20,9,1,3,7
"COG4680",15,5,27,47,44,6
"COG4681",2,5,8,7,1,4
"COG4682",1,0,4,10,3,1
"COG4683",0,0,9,0,0,0
"COG4684",10,31,20,12,16,32
"COG4685",2,9,2,7,2,2
"COG4687",0,2,4,2,0,6
"COG4688",0,0,2,0,0,1
"COG4690",214,130,323,222,142,189
"COG4692",82,34,113,151,370,130
"COG4693",2,2,38,10,4,2
"COG4694",6,8,65,47,0,18
"COG4695",59,140,63,56,123,22
"COG4696",4,2,13,7,1,0
"COG4698",0,0,1,0,0,1
"COG4699",0,0,2,0,0,0
"COG4701",2,0,0,0,0,7
"COG4702",8,2,1,0,2,14
"COG4703",0,0,1,0,0,0
"COG4704",1,2,0,2,16,2
"COG4706",2,0,2,9,0,6
"COG4708",42,62,31,32,9,53
"COG4709",12,9,11,12,5,8
"COG4712",6,6,15,23,0,4
"COG4713",24,72,13,12,10,36
"COG4715",0,2,6,2,11,0
"COG4716",205,135,99,62,21,164
"COG4717",34,57,20,24,19,83
"COG4718",2,16,0,6,0,0
"COG4720",53,53,55,36,9,67
"COG4721",2,0,32,4,1,0
"COG4722",1,24,7,1,0,1
"COG4723",0,32,1,4,0,0
"COG4724",574,40,54,70,8,40
"COG4725",42,114,45,24,17,41
"COG4728",34,21,23,22,36,43
"COG4729",2,0,2,3,0,5
"COG4731",0,0,0,6,0,0
"COG4732",35,27,31,19,5,63
"COG4733",12,132,11,29,2,8
"COG4734",36,32,10,59,39,26
"COG4735",2,9,58,16,1,1
"COG4737",0,2,0,3,0,0
"COG4739",39,31,76,90,73,44
"COG4744",17,21,35,54,30,20
"COG4747",76,57,104,126,86,74
"COG4748",4,13,12,4,2,1
"COG4750",81,45,109,46,69,109
"COG4752",3,2,11,7,0,0
"COG4753",1566,1297,1250,1696,3134,1564
"COG4760",1,1,0,4,4,0
"COG4763",6,11,1,5,0,0
"COG4766",0,19,4,7,3,2
"COG4767",92,137,85,42,23,163
"COG4768",1,0,0,1,0,0
"COG4769",54,59,41,32,16,85
"COG4770",2,5,25,0,0,16
"COG4771",532,387,587,868,1238,405
"COG4772",0,1,6,18,45,1
"COG4773",2,19,2,8,2,3
"COG4774",1,17,7,7,4,6
"COG4775",298,168,307,360,344,223
"COG4776",6,3,1,4,0,13
"COG4778",1,12,0,24,3,1
"COG4779",1,4,2,2,0,0
"COG4781",0,0,1,0,0,0
"COG4783",5,18,18,22,16,21
"COG4784",3,7,23,29,16,41
"COG4785",2,3,0,4,0,12
"COG4786",175,40,27,27,9,162
"COG4787",0,2,1,2,1,0
"COG4789",0,1,5,2,5,1
"COG4790",2,1,2,5,5,1
"COG4791",2,0,1,4,7,0
"COG4792",0,1,1,2,1,0
"COG4794",1,1,0,1,1,0
"COG4795",0,16,2,7,4,7
"COG4796",7,15,31,21,13,17
"COG4797",0,0,0,1,0,1
"COG4799",387,288,524,383,335,281
"COG4803",0,2,1,0,1,0
"COG4804",603,283,328,427,500,426
"COG4805",122,89,36,32,38,167
"COG4806",73,73,195,172,174,138
"COG4807",0,1,0,2,0,1
"COG4808",0,7,0,4,2,0
"COG4809",3,0,0,0,0,2
"COG4810",5,7,10,21,10,10
"COG4811",0,6,2,3,1,0
"COG4812",1,8,3,3,2,4
"COG4813",6,13,1,0,2,1
"COG4814",0,0,1,2,0,0
"COG4816",4,23,4,32,7,9
"COG4819",4,33,5,8,3,5
"COG4820",2,19,6,18,6,6
"COG4821",8,18,8,22,17,2
"COG4822",148,101,124,192,156,129
"COG4823",316,100,106,67,85,106
"COG4824",33,72,7,11,15,22
"COG4825",0,0,0,0,1,3
"COG4826",164,129,37,35,6,70
"COG4828",14,6,9,42,89,8
"COG4832",40,53,21,15,2,24
"COG4833",44,100,220,523,695,184
"COG4834",3,6,6,6,2,0
"COG4835",0,0,1,0,0,0
"COG4839",2,1,0,1,0,2
"COG4842",5,5,4,0,0,14
"COG4843",8,9,0,0,0,0
"COG4845",74,110,148,148,274,71
"COG4849",45,0,0,0,0,0
"COG4850",0,0,9,0,0,1
"COG4851",0,1,1,2,1,2
"COG4853",0,0,0,2,0,0
"COG4856",163,165,65,63,43,121
"COG4857",0,6,0,1,8,1
"COG4858",2,0,2,4,0,0
"COG4859",2,2,13,8,1,14
"COG4861",43,0,0,3,18,0
"COG4862",50,59,31,25,9,65
"COG4864",69,84,138,136,126,99
"COG4865",2,24,3,12,1,2
"COG4866",155,144,203,126,132,115
"COG4868",147,143,72,79,27,111
"COG4869",37,73,24,36,28,29
"COG4870",168,124,25,31,12,188
"COG4871",0,0,1,0,0,2
"COG4874",12,4,7,17,25,9
"COG4877",6,8,7,2,1,4
"COG4878",25,6,44,13,2,50
"COG4880",25,88,17,4,8,45
"COG4884",0,0,2,18,2,0
"COG4886",151,389,261,179,284,241
"COG4887",36,11,63,33,35,84
"COG4889",87,27,82,41,51,55
"COG4890",1,1,1,2,1,1
"COG4894",36,23,31,17,5,29
"COG4895",0,2,0,0,2,0
"COG4898",0,0,7,1,1,4
"COG4903",2,9,0,0,1,0
"COG4905",223,335,189,53,40,124
"COG4907",3,47,21,33,5,0
"COG4908",1,6,0,0,3,0
"COG4909",2,2,4,49,12,3
"COG4910",0,1,1,12,2,0
"COG4912",157,110,90,124,204,127
"COG4913",47,35,52,93,10,67
"COG4916",2,7,0,0,0,0
"COG4917",3,18,10,21,7,7
"COG4922",1,2,3,4,6,1
"COG4924",5,4,16,29,0,9
"COG4925",15,13,14,50,15,1
"COG4926",1,123,6,13,1,6
"COG4927",42,8,1,53,8,1
"COG4928",246,116,17,29,25,46
"COG4929",2,6,9,20,31,1
"COG4930",75,39,52,33,84,109
"COG4932",322,619,515,195,173,275
"COG4933",2,8,13,9,3,4
"COG4936",67,36,15,28,7,25
"COG4937",43,37,68,33,37,50
"COG4938",17,2,8,39,6,52
"COG4939",2,7,2,0,10,0
"COG4940",4,38,1,5,6,4
"COG4942",70,45,40,99,132,43
"COG4943",0,33,7,19,6,9
"COG4946",265,178,481,456,809,400
"COG4947",34,11,33,29,7,29
"COG4948",208,243,234,231,230,250
"COG4950",0,13,2,4,0,2
"COG4951",157,70,163,26,96,45
"COG4952",1,1,0,0,3,1
"COG4953",13,85,79,116,103,5
"COG4955",1,0,0,1,0,0
"COG4956",1,24,10,9,14,2
"COG4957",1,0,1,1,0,0
"COG4959",0,2,0,1,3,0
"COG4962",327,213,162,82,38,273
"COG4963",1,1,0,0,1,15
"COG4964",0,2,0,0,0,0
"COG4965",58,31,27,22,11,67
"COG4967",1,7,2,5,1,1
"COG4969",3,11,0,2,4,12
"COG4972",64,35,37,9,8,29
"COG4973",145,59,190,160,145,152
"COG4974",1051,662,825,1128,1076,989
"COG4975",0,1,4,0,0,1
"COG4977",219,419,411,539,493,224
"COG4978",32,103,32,68,75,45
"COG4981",2,0,68,0,0,0
"COG4982",2,0,57,0,0,0
"COG4983",10,58,11,2,10,31
"COG4984",5,14,22,42,74,2
"COG4985",31,19,21,4,0,13
"COG4986",0,0,2,0,0,0
"COG4987",3,22,4,9,14,23
"COG4988",102,69,57,44,28,108
"COG4989",10,55,27,27,9,13
"COG4990",37,17,34,21,13,54
"COG4992",306,247,299,320,184,348
"COG4993",1,7,2,8,2,4
"COG4995",178,9,25,41,97,32
"COG4997",13,9,0,1,0,2
"COG4999",1340,929,1165,1529,5,752
"COG5000",112,157,230,436,598,266
"COG5001",763,228,231,193,213,683
"COG5002",1277,911,2068,3133,3607,1401
"COG5004",0,3,0,2,0,0
"COG5005",1,0,0,1,0,0
"COG5006",1,7,9,5,1,2
"COG5007",0,6,0,3,0,3
"COG5009",410,211,336,268,297,279
"COG5011",68,82,52,34,14,58
"COG5012",53,119,115,161,122,42
"COG5013",16,71,22,34,7,12
"COG5015",46,37,31,30,43,55
"COG5016",429,285,368,434,544,416
"COG5017",16,23,10,4,1,20
"COG5018",59,26,30,19,21,72
"COG5026",5,27,29,46,102,7
"COG5029",0,0,3,0,10,0
"COG5039",2,25,24,14,57,11
"COG5042",0,1,0,0,0,0
"COG5048",4,0,1,1,0,8
"COG5108",0,0,1,0,0,0
"COG5146",82,19,23,75,30,32
"COG5184",78,121,1,28,0,154
"COG5206",3,0,65,6,0,36
"COG5255",0,1,0,0,0,1
"COG5263",80,59,63,74,164,98
"COG5265",0,0,2,1,2,0
"COG5266",6,1,10,7,3,17
"COG5271",1,0,0,0,0,0
"COG5272",0,0,2,0,0,0
"COG5276",3,2,4,0,11,3
"COG5279",165,195,41,61,17,195
"COG5280",13,85,5,4,1,31
"COG5281",9,195,8,15,2,41
"COG5282",0,0,25,0,0,0
"COG5283",170,445,104,117,137,44
"COG5293",4,21,0,6,118,7
"COG5295",15,80,32,41,14,107
"COG5298",2,4,0,1,6,0
"COG5301",2,70,4,10,5,2
"COG5302",0,11,2,1,1,2
"COG5305",28,31,21,6,0,5
"COG5309",0,4,0,0,0,2
"COG5314",0,10,0,0,0,0
"COG5319",0,0,0,2,0,2
"COG5322",1,0,1,5,3,0
"COG5324",8,0,16,0,0,5
"COG5337",34,5,48,18,2,35
"COG5339",2,27,7,15,6,8
"COG5340",7,1,0,0,0,14
"COG5341",12,17,9,10,0,18
"COG5345",2,0,4,3,0,0
"COG5353",0,0,3,0,0,0
"COG5360",11,21,9,7,0,2
"COG5361",10,12,10,10,0,0
"COG5362",2,55,1,4,1,17
"COG5368",49,49,71,303,141,64
"COG5373",0,4,41,46,170,3
"COG5377",66,74,66,20,16,38
"COG5383",0,15,3,8,0,1
"COG5393",0,2,3,5,0,2
"COG5401",13,37,0,0,0,0
"COG5404",0,7,2,7,2,0
"COG5405",8,23,7,13,10,10
"COG5410",14,298,98,50,10,151
"COG5412",52,211,28,10,0,51
"COG5413",1,0,0,0,0,7
"COG5418",0,3,3,3,3,0
"COG5421",43,35,147,79,12,23
"COG5423",2,3,3,3,4,0
"COG5424",0,0,0,0,0,0
"COG5426",1,7,1,1,2,0
"COG5427",4,3,8,26,1,8
"COG5433",222,40,105,133,864,94
"COG5434",691,212,713,1209,1185,741
"COG5437",1,2,0,3,0,1
"COG5438",26,67,41,67,27,42
"COG5441",1,4,6,0,2,2
"COG5444",19,10,1,5,3,5
"COG5445",1,7,1,9,4,3
"COG5449",0,0,2,0,0,0
"COG5455",0,1,1,2,1,1
"COG5459",6,2,0,0,0,0
"COG5463",1,8,2,1,0,0
"COG5464",10,151,21,58,9,9
"COG5470",0,0,0,1,1,0
"COG5471",0,4,1,6,0,0
"COG5474",2,5,0,0,0,0
"COG5475",1,4,1,1,1,0
"COG5476",5,39,8,27,16,5
"COG5482",0,1,1,0,0,2
"COG5483",0,0,0,2,0,1
"COG5484",5,49,3,1,1,6
"COG5485",0,6,1,3,1,0
"COG5492",268,365,356,77,122,214
"COG5493",0,1,0,1,1,0
"COG5495",33,39,12,9,17,46
"COG5496",41,37,62,56,35,59
"COG5498",68,60,95,114,100,72
"COG5499",4,11,2,4,2,1
"COG5503",1,0,0,0,0,0
"COG5504",0,3,1,3,0,1
"COG5505",25,18,7,16,3,42
"COG5507",0,5,2,3,1,1
"COG5510",0,1,0,0,1,0
"COG5511",42,67,23,20,2,13
"COG5512",1,6,26,4,13,1
"COG5514",2,0,4,0,0,0
"COG5517",0,0,0,2,2,0
"COG5518",6,35,3,3,0,1
"COG5519",12,38,9,4,1,12
"COG5520",59,92,147,299,584,177
"COG5521",0,0,0,1,0,1
"COG5522",3,5,5,4,2,12
"COG5523",88,74,101,57,44,103
"COG5525",62,117,29,29,11,14
"COG5527",22,33,80,21,8,38
"COG5529",3,34,1,7,0,1
"COG5532",0,38,0,0,0,1
"COG5542",55,99,20,22,0,39
"COG5544",0,1,3,0,0,0
"COG5545",501,484,513,596,1041,496
"COG5546",0,0,0,1,0,0
"COG5549",2,0,0,0,0,0
"COG5551",19,21,26,1,3,6
"COG5557",4,22,8,15,0,24
"COG5561",11,4,6,16,14,19
"COG5562",0,1,2,1,1,0
"COG5564",1,4,0,0,6,0
"COG5565",0,1,0,0,0,0
"COG5566",1,10,0,0,0,0
"COG5567",0,4,2,2,0,1
"COG5569",0,2,0,2,3,0
"COG5571",1,5,1,3,1,3
"COG5577",20,4,5,7,3,20
"COG5578",0,0,0,0,0,1
"COG5579",24,8,20,6,39,3
"COG5581",0,11,1,6,2,1
"COG5585",31,191,8,4,25,50
"COG5586",1,8,1,0,0,0
"COG5587",60,71,105,114,137,47
"COG5595",2,0,0,0,0,5
"COG5598",1,13,2,2,0,1
"COG5606",0,0,1,0,0,0
"COG5610",43,88,18,18,8,89
"COG5614",3,9,1,0,0,2
"COG5617",23,2,5,0,0,86
"COG5618",2,0,0,5,1,0
"COG5619",1,0,1,4,0,2
"COG5620",36,6,55,41,20,20
"COG5632",69,60,29,18,24,84
"COG5633",0,6,0,1,0,9
"COG5635",22,11,0,22,13,22
"COG5640",1,7,0,1,0,1
"COG5642",2,0,0,0,0,0
"COG5645",0,4,2,2,1,5
"COG5646",0,0,2,1,0,0
"COG5652",54,23,34,24,11,66
"COG5655",0,129,2,29,8,8
"COG5658",17,79,24,21,9,37
"COG5659",0,0,0,1,0,0
"COG5663",7,17,5,14,3,3
