"","NLF007","DOM015","NLM031","DLM002","NLM010","NOM005","DLF005","DLM016","DLM001","NLF013","DOF009","NLM009","DOM022","NLM021","DOF008","DLM019","NLF009","DLM023","DLM017","DLF001"
"COG0001",18,25,22,23,18,14,21,4,16,11,13,5,18,30,10,26,14,10,11,7
"COG0002",59,47,35,52,49,33,34,50,48,40,48,46,36,46,36,32,39,55,51,27
"COG0003",3,7,2,12,9,2,0,6,3,7,9,0,11,3,2,9,15,11,1,21
"COG0004",75,44,47,58,67,58,59,44,53,43,37,84,33,45,67,67,31,56,78,15
"COG0005",30,26,17,26,24,16,24,23,33,26,22,38,32,18,15,18,24,19,24,24
"COG0006",139,111,133,119,110,96,119,128,139,124,141,143,161,138,95,117,114,136,133,119
"COG0007",15,9,7,20,20,26,13,7,10,13,2,7,10,8,18,10,6,13,16,8
"COG0008",152,131,105,138,118,126,147,114,164,148,152,226,136,143,154,174,110,141,140,83
"COG0009",48,69,66,52,35,50,44,49,45,48,58,33,51,51,61,51,76,47,54,51
"COG0010",17,17,8,7,21,17,12,17,15,12,18,1,9,20,17,30,30,28,8,13
"COG0011",1,9,1,0,0,0,1,1,1,1,4,0,0,0,6,0,0,0,0,1
"COG0012",54,42,52,45,44,47,54,52,64,54,57,52,48,49,60,58,47,50,63,32
"COG0013",124,114,112,103,119,100,125,114,127,133,128,133,110,139,125,146,89,108,127,76
"COG0014",52,57,51,40,58,38,59,56,62,54,43,39,56,49,51,55,51,66,65,38
"COG0015",74,63,67,66,63,44,70,54,84,81,65,92,65,71,67,78,47,69,69,33
"COG0016",55,50,49,38,47,27,52,61,54,49,48,54,51,53,45,69,45,48,45,27
"COG0017",71,57,79,67,57,64,54,56,64,74,52,71,66,68,76,79,73,81,67,59
"COG0018",78,93,76,83,96,67,86,76,104,83,80,81,75,99,100,88,72,70,107,58
"COG0019",105,80,89,110,106,113,93,81,96,89,91,126,100,88,103,75,92,107,97,67
"COG0020",42,33,39,42,37,21,39,25,35,42,33,46,30,40,42,33,31,31,41,32
"COG0021",43,44,39,61,40,60,42,45,63,35,52,71,91,49,26,34,37,26,58,36
"COG0022",13,17,14,9,26,6,3,11,27,3,10,0,14,16,2,15,17,6,5,20
"COG0023",4,14,11,6,8,5,10,9,12,7,15,2,13,8,3,3,18,3,8,12
"COG0024",72,57,57,63,70,54,94,68,62,70,26,18,22,33,21,22,22,15,12,24
"COG0025",10,1,12,11,13,30,23,19,5,30,36,4,5,4,38,8,6,6,13,1
"COG0026",1,1,0,1,0,9,0,4,3,4,2,0,4,3,6,0,0,2,2,0
"COG0027",23,31,17,15,22,14,24,18,33,31,26,34,30,24,13,9,17,11,28,29
"COG0028",116,147,111,118,104,172,98,123,113,129,105,156,87,121,161,89,95,115,119,100
"COG0029",50,63,56,42,50,24,70,59,69,54,75,51,66,61,28,36,58,27,60,44
"COG0030",64,63,41,65,62,66,84,32,45,54,43,94,67,62,106,87,78,65,59,28
"COG0031",44,61,83,63,65,51,53,69,56,64,64,32,50,75,74,78,51,71,77,46
"COG0033",0,1,0,0,1,9,0,0,4,0,5,1,5,0,11,3,0,0,0,0
"COG0034",105,98,76,100,86,73,94,108,121,94,99,135,110,106,81,95,108,88,132,67
"COG0035",43,33,50,43,28,33,40,36,38,37,43,58,34,46,41,47,45,59,41,24
"COG0036",35,23,32,55,46,51,52,36,30,52,10,20,16,12,16,10,10,14,11,5
"COG0037",109,87,139,117,113,101,113,125,72,112,78,101,92,98,110,139,85,83,104,64
"COG0038",80,101,83,66,97,72,60,90,110,63,111,69,112,76,87,40,77,86,77,85
"COG0039",56,74,81,66,42,47,47,63,82,53,64,58,78,68,78,57,63,62,78,78
"COG0040",30,30,34,30,27,31,25,32,29,32,33,59,31,25,19,28,32,56,49,30
"COG0041",37,42,29,23,20,25,29,26,29,21,25,33,21,29,29,20,25,30,29,14
"COG0042",79,66,67,66,70,86,87,74,68,85,81,56,87,86,97,76,64,68,77,56
"COG0043",8,4,10,11,8,13,4,12,13,2,5,0,11,9,22,2,6,9,7,10
"COG0044",80,66,60,81,82,63,71,73,83,54,65,73,100,67,81,94,58,70,75,57
"COG0045",1,3,2,3,10,7,2,4,5,4,15,0,10,6,10,3,5,5,5,15
"COG0046",116,145,105,132,109,93,117,117,169,128,124,186,133,117,130,132,115,149,171,86
"COG0047",122,112,126,113,106,86,114,98,153,100,42,61,31,44,40,37,23,42,42,25
"COG0048",21,14,16,27,18,20,19,14,28,17,13,45,20,23,22,32,11,10,17,17
"COG0049",20,32,30,37,30,22,34,29,28,36,29,17,34,27,41,28,35,25,20,26
"COG0050",57,53,47,65,52,74,64,57,51,77,46,90,60,63,57,85,41,53,83,30
"COG0051",15,25,20,28,17,14,31,12,15,37,6,2,7,9,7,7,6,10,7,3
"COG0052",50,25,37,38,31,36,44,27,32,34,49,60,33,27,34,34,38,28,47,25
"COG0053",60,61,37,42,39,52,54,45,42,63,15,18,20,16,16,29,11,17,13,6
"COG0054",26,19,16,19,25,23,29,19,21,18,24,48,19,23,11,7,17,15,28,13
"COG0055",101,81,82,53,84,77,74,70,86,75,61,63,64,81,82,82,58,104,85,26
"COG0056",109,90,89,77,102,96,76,75,84,104,62,69,70,103,87,78,84,126,79,37
"COG0057",62,28,45,50,37,51,72,38,50,48,61,65,38,50,39,75,60,33,53,38
"COG0058",172,110,138,163,150,144,179,110,118,168,129,128,93,125,163,138,127,153,126,126
"COG0059",55,43,42,47,46,33,44,39,40,59,66,52,33,36,53,40,39,37,43,44
"COG0060",133,109,138,134,121,91,148,152,128,107,96,128,130,133,130,150,102,111,110,76
"COG0061",44,37,40,54,39,34,35,39,45,36,32,48,36,49,38,40,36,44,39,24
"COG0062",52,48,40,50,36,52,56,28,52,51,43,74,40,32,44,27,28,21,58,35
"COG0063",42,43,46,43,50,47,48,33,55,47,46,69,39,48,51,39,26,44,65,32
"COG0064",12,4,10,16,12,5,17,6,4,11,22,8,26,29,68,36,12,19,24,9
"COG0065",44,65,59,66,66,63,37,57,81,69,59,78,39,58,68,43,62,67,60,35
"COG0066",26,26,28,28,33,20,28,28,23,33,27,25,23,31,28,11,32,26,24,16
"COG0067",45,33,35,33,51,25,52,36,38,36,97,106,64,84,100,56,85,116,109,50
"COG0068",5,8,2,12,13,23,11,10,10,2,3,3,22,9,24,10,5,5,11,5
"COG0069",35,34,34,55,47,26,39,31,51,28,117,94,76,102,102,78,96,115,123,71
"COG0070",129,85,110,94,107,68,108,85,126,115,98,87,71,85,116,66,105,129,113,64
"COG0071",35,27,22,39,35,41,55,28,17,38,30,47,30,40,48,37,34,30,36,62
"COG0072",91,68,76,90,89,52,106,86,113,80,90,107,101,76,81,119,76,59,100,56
"COG0073",181,138,153,169,119,132,155,159,175,146,142,197,194,161,172,241,145,168,198,123
"COG0074",6,3,5,5,7,51,6,3,14,4,12,1,10,7,7,8,4,7,4,10
"COG0075",19,46,38,20,21,16,21,40,24,16,35,72,33,39,20,10,20,13,20,29
"COG0076",17,30,14,11,28,32,3,23,23,12,25,1,14,34,3,7,29,19,23,34
"COG0077",34,39,41,37,30,38,43,26,31,36,35,28,24,38,36,47,39,51,35,31
"COG0078",50,58,66,55,50,68,51,58,66,64,57,45,41,72,68,72,51,64,58,28
"COG0079",102,74,109,74,109,65,86,123,81,123,87,70,77,86,87,71,116,129,86,113
"COG0080",27,25,16,20,31,16,31,23,19,35,26,47,28,17,41,38,27,24,29,27
"COG0081",51,31,34,37,38,30,46,33,39,39,42,61,28,41,33,38,22,32,40,33
"COG0082",45,56,61,41,48,34,42,45,59,39,37,44,52,50,41,55,35,49,44,20
"COG0083",6,11,2,10,8,17,9,3,8,5,13,4,7,9,24,24,6,19,5,2
"COG0084",49,66,58,44,54,59,54,50,52,62,61,48,49,57,56,52,53,44,51,63
"COG0085",205,169,145,177,171,143,170,182,165,219,178,219,150,204,179,211,171,183,210,145
"COG0086",205,141,157,141,168,139,165,173,216,156,165,223,159,170,191,214,142,173,210,118
"COG0087",33,21,28,34,35,29,42,27,32,44,27,59,43,29,48,57,40,27,40,25
"COG0088",41,34,34,30,28,38,45,19,23,53,33,44,42,38,35,47,36,27,43,23
"COG0089",26,16,15,30,14,15,29,11,16,27,31,23,26,18,22,31,20,14,18,14
"COG0090",58,29,48,54,46,43,54,39,61,42,28,61,42,30,58,56,30,36,45,24
"COG0091",24,22,22,22,16,27,32,16,22,32,26,42,22,29,33,36,31,30,24,12
"COG0092",40,22,24,29,27,24,45,32,41,43,36,43,34,20,54,47,37,44,42,19
"COG0093",18,15,19,21,21,17,32,17,20,38,26,30,23,29,29,28,15,16,26,21
"COG0094",37,28,38,38,27,25,39,28,35,44,49,45,33,38,37,39,32,33,48,31
"COG0095",3,4,3,6,2,8,3,5,7,2,13,12,16,13,11,17,12,8,8,21
"COG0096",26,15,21,33,25,16,23,19,19,29,23,37,31,18,33,34,22,12,19,11
"COG0097",41,33,28,33,17,29,41,18,29,30,30,54,33,26,39,46,27,35,32,17
"COG0098",42,34,28,40,30,27,42,26,23,26,42,47,28,27,25,33,29,35,22,24
"COG0099",27,11,15,26,18,20,23,31,16,23,25,23,12,19,22,16,31,17,16,21
"COG0100",36,21,22,22,27,23,28,15,23,30,22,29,14,16,28,33,24,20,25,14
"COG0101",54,62,56,74,47,39,60,40,47,50,53,35,47,52,68,51,42,47,40,41
"COG0102",29,24,20,33,21,18,27,24,29,27,43,25,24,35,29,16,26,28,18,17
"COG0103",37,22,16,23,27,16,17,10,11,25,32,37,24,24,21,27,13,14,24,24
"COG0104",75,83,71,78,80,59,67,39,55,75,79,67,68,79,77,56,57,89,65,41
"COG0105",8,4,4,5,11,8,11,9,8,12,14,14,10,8,0,4,8,8,7,10
"COG0106",34,35,35,25,41,26,34,26,30,44,31,29,29,16,29,21,34,26,29,30
"COG0107",27,33,42,25,28,37,26,29,36,36,25,29,23,29,27,28,37,38,37,23
"COG0108",50,37,50,55,55,43,44,66,50,36,56,54,55,61,24,22,50,23,46,48
"COG0109",0,0,0,0,1,6,0,0,1,0,0,0,0,0,4,0,0,0,0,2
"COG0110",151,142,158,155,149,118,115,160,111,109,172,164,130,153,63,88,195,113,126,230
"COG0111",91,102,71,79,61,88,76,104,107,58,111,49,80,87,98,96,73,79,65,64
"COG0112",52,38,49,53,49,28,66,44,66,65,40,67,57,62,45,61,33,49,57,54
"COG0113",16,8,9,15,16,19,11,9,10,12,9,4,15,13,22,8,2,9,3,4
"COG0114",5,3,3,1,0,2,0,1,2,0,4,1,4,7,9,20,5,6,2,8
"COG0115",65,63,51,71,59,54,58,82,60,51,81,72,73,67,56,57,69,47,70,63
"COG0116",59,56,34,39,34,49,56,28,34,52,38,56,36,47,63,43,33,39,41,19
"COG0117",31,45,35,55,42,37,30,40,36,47,40,43,23,41,28,17,38,28,56,23
"COG0118",36,26,26,24,24,21,24,22,23,28,31,36,14,23,23,13,25,34,23,20
"COG0119",144,85,114,122,114,103,111,119,130,148,106,118,84,118,68,104,94,112,123,96
"COG0120",6,8,3,5,9,11,3,6,9,4,10,3,8,4,12,3,6,4,2,17
"COG0121",0,1,0,0,1,6,0,0,0,0,0,0,0,0,2,0,0,0,0,1
"COG0122",7,21,11,21,3,17,16,22,10,16,5,6,10,11,13,26,15,12,14,5
"COG0123",0,1,0,2,2,2,1,4,6,0,0,0,12,1,0,0,3,0,2,1
"COG0124",61,45,76,68,51,50,55,64,73,57,50,69,58,59,64,73,61,51,55,52
"COG0125",22,18,8,12,16,12,34,4,11,15,13,7,9,17,24,37,11,17,24,7
"COG0126",46,54,59,69,45,49,62,43,53,47,45,70,53,49,42,72,33,62,58,24
"COG0127",43,38,32,33,27,25,41,25,31,42,29,40,33,35,37,36,39,32,31,29
"COG0128",35,43,59,42,36,39,51,41,58,51,54,57,40,49,54,62,35,58,62,35
"COG0129",53,75,73,62,69,83,66,86,96,86,66,67,77,86,83,43,68,143,81,63
"COG0130",44,42,33,29,35,36,38,34,54,33,35,43,31,35,43,60,27,41,45,26
"COG0131",31,39,33,32,22,21,40,46,40,34,33,24,26,40,17,16,22,35,31,26
"COG0132",13,15,17,17,10,22,10,22,11,15,16,2,13,11,11,9,20,10,14,27
"COG0133",33,46,32,46,39,23,43,43,42,47,48,37,43,38,34,20,33,28,57,32
"COG0134",20,34,23,23,29,28,20,28,30,23,32,35,26,25,31,23,24,12,28,22
"COG0135",17,18,11,17,22,16,23,10,14,18,15,28,10,19,21,9,12,5,26,8
"COG0136",58,59,46,57,43,44,47,45,44,40,46,57,47,47,57,57,50,49,52,33
"COG0137",52,63,52,44,64,48,61,49,60,44,57,69,41,69,60,71,49,64,64,31
"COG0138",78,90,63,61,75,62,72,82,102,62,78,102,87,87,57,53,86,61,92,83
"COG0139",25,21,31,36,36,37,30,28,26,35,24,16,39,32,24,18,35,36,19,24
"COG0140",25,40,27,29,20,24,28,28,24,25,31,22,23,19,19,13,23,40,23,28
"COG0141",50,45,47,42,49,24,50,49,52,39,13,26,8,18,17,12,15,15,13,6
"COG0142",51,69,45,80,54,48,75,56,68,69,65,90,85,63,59,43,72,47,86,71
"COG0143",113,87,91,86,71,70,111,87,98,84,88,122,87,116,101,111,58,67,94,70
"COG0144",65,73,74,56,75,89,83,52,57,78,54,52,73,70,106,85,64,96,63,47
"COG0145",2,5,0,1,3,2,2,10,10,1,2,4,9,8,0,4,3,10,4,6
"COG0146",1,1,1,2,3,0,0,0,0,1,0,1,1,3,0,0,1,0,0,0
"COG0147",48,62,57,60,62,63,41,52,92,50,52,62,52,56,58,42,45,42,65,87
"COG0148",59,77,80,73,78,57,70,69,60,82,71,79,54,67,67,55,70,56,71,36
"COG0149",49,24,29,35,27,43,36,22,40,40,44,17,18,33,30,41,29,32,34,15
"COG0150",65,38,54,50,50,40,51,55,53,52,51,51,63,52,45,46,36,51,49,42
"COG0151",60,65,50,39,45,40,39,57,68,54,74,50,45,44,60,52,39,57,64,26
"COG0152",48,42,31,52,34,40,59,31,44,41,41,53,35,47,48,31,39,56,48,16
"COG0153",68,67,47,60,48,53,41,41,49,56,49,65,48,59,65,64,57,74,61,46
"COG0154",14,16,8,9,12,4,18,6,6,17,12,17,21,33,57,48,30,29,14,12
"COG0155",0,2,3,1,2,15,4,4,8,2,1,0,2,2,12,1,0,5,2,5
"COG0156",50,67,87,43,74,54,38,140,85,57,94,49,91,118,23,52,78,72,73,82
"COG0157",36,30,40,44,31,36,28,35,50,27,10,18,14,14,5,9,12,7,10,17
"COG0158",1,1,1,3,2,10,1,1,0,3,3,0,5,3,2,0,2,2,1,0
"COG0159",25,36,25,26,20,18,30,28,30,23,36,29,21,35,19,28,22,13,35,35
"COG0160",7,2,13,20,9,24,11,5,10,22,7,4,7,3,16,3,5,1,6,4
"COG0161",21,21,28,17,39,19,13,55,54,20,18,8,32,29,13,14,30,33,20,41
"COG0162",56,65,44,64,49,51,42,57,65,65,48,64,41,61,71,69,51,60,71,30
"COG0163",0,2,3,6,3,11,2,5,5,1,2,1,2,0,1,0,3,2,2,1
"COG0164",30,36,36,38,34,23,37,25,36,38,35,38,26,35,32,41,35,28,36,25
"COG0165",51,74,39,79,64,51,53,40,69,66,48,68,49,66,64,65,58,60,81,41
"COG0166",57,58,57,67,42,63,67,65,86,50,78,59,55,58,60,66,62,70,82,63
"COG0167",85,62,74,60,62,45,57,78,75,77,108,24,65,68,59,56,72,53,54,75
"COG0168",181,109,137,147,121,100,121,149,125,120,131,95,116,131,160,132,145,145,158,142
"COG0169",54,40,45,34,49,55,46,43,28,46,46,41,47,47,50,68,39,63,43,29
"COG0170",0,0,0,0,0,0,1,0,0,0,0,0,0,0,0,0,0,0,0,0
"COG0171",81,66,73,73,60,60,69,74,69,66,74,88,70,85,55,93,58,71,86,42
"COG0172",78,59,50,71,64,59,78,61,72,77,55,55,48,70,86,79,56,59,62,42
"COG0173",35,29,18,29,30,30,30,32,35,26,64,79,84,77,59,132,60,66,86,52
"COG0174",42,44,63,40,46,54,32,43,39,30,59,12,34,52,71,38,47,54,25,30
"COG0175",8,9,20,14,12,21,16,26,12,13,44,13,30,44,9,43,34,39,38,56
"COG0176",19,31,16,26,28,58,18,46,19,18,23,8,15,22,30,19,26,19,26,15
"COG0177",40,43,30,29,28,17,47,35,45,33,13,14,8,9,20,16,17,4,20,4
"COG0178",188,180,155,163,191,117,165,162,224,146,210,238,188,203,165,211,143,140,258,118
"COG0179",17,17,8,20,15,19,24,25,35,17,23,34,21,18,19,13,20,28,33,19
"COG0180",47,54,51,62,53,43,64,47,64,56,21,21,15,20,19,25,22,15,23,20
"COG0181",9,5,8,11,10,20,12,5,6,11,3,8,9,9,7,6,6,8,13,1
"COG0182",10,15,2,8,5,1,2,10,9,7,6,1,3,8,1,6,10,7,6,5
"COG0183",32,11,14,13,23,61,5,22,17,26,19,6,8,25,49,16,22,33,10,6
"COG0184",13,19,14,27,15,17,18,10,20,16,10,12,23,14,19,14,13,15,12,21
"COG0185",28,17,13,28,14,17,24,18,14,17,19,11,20,14,15,26,20,19,13,14
"COG0186",23,6,12,23,13,12,29,14,15,19,15,36,18,21,12,16,16,16,19,16
"COG0187",211,169,147,177,173,156,189,142,185,198,188,145,207,230,189,230,142,178,158,88
"COG0188",231,171,185,200,193,141,211,182,229,189,198,186,219,213,239,238,166,230,219,154
"COG0189",14,25,9,2,4,12,2,8,6,7,3,1,5,7,4,3,10,5,6,11
"COG0190",52,42,54,41,39,35,41,45,43,56,47,54,43,51,35,46,46,33,48,20
"COG0191",61,59,51,60,39,71,70,41,70,50,42,75,63,47,106,92,49,74,61,57
"COG0192",71,53,68,69,68,69,74,59,73,75,71,108,61,70,70,81,51,75,101,32
"COG0193",29,26,36,43,20,21,37,27,17,35,30,22,24,34,33,34,35,26,32,24
"COG0194",48,46,41,61,40,42,39,34,36,51,39,40,40,35,60,41,38,42,50,24
"COG0195",58,42,57,68,58,57,63,44,64,40,53,85,59,64,55,39,52,66,78,46
"COG0196",32,34,31,37,38,31,46,37,30,56,50,42,41,35,46,27,34,38,40,20
"COG0197",38,22,18,27,33,27,20,24,27,35,10,14,7,11,11,5,15,9,6,10
"COG0198",21,16,23,26,17,16,17,18,19,15,8,34,22,12,19,23,15,17,21,15
"COG0199",17,8,15,15,9,7,17,15,19,12,17,26,15,7,8,14,10,8,24,16
"COG0200",8,11,10,7,10,5,15,5,7,10,32,32,30,24,20,25,21,23,17,21
"COG0201",82,50,72,49,60,71,94,73,66,72,66,116,73,77,66,85,54,67,77,51
"COG0202",59,40,42,56,48,41,75,47,49,52,46,54,45,61,47,60,46,37,51,25
"COG0203",7,3,7,8,1,8,10,11,6,8,18,22,27,31,19,18,21,16,22,15
"COG0204",67,86,67,72,96,106,73,53,68,82,59,63,80,86,75,63,57,60,84,127
"COG0205",172,176,195,155,151,119,166,147,142,198,156,158,146,170,146,137,166,170,157,137
"COG0206",66,61,73,54,59,53,72,64,65,59,58,68,59,75,61,73,51,62,47,40
"COG0207",55,47,38,22,28,25,42,31,36,41,40,12,44,39,18,34,42,18,33,40
"COG0208",12,13,14,4,19,32,12,8,3,8,6,28,20,21,28,5,28,24,5,22
"COG0209",78,83,53,34,57,79,42,90,81,53,75,88,133,72,48,37,62,66,42,80
"COG0210",73,51,69,77,75,55,79,57,56,69,183,217,213,134,268,211,168,180,176,189
"COG0211",18,12,6,19,9,6,16,11,14,9,12,16,10,9,7,17,8,17,19,9
"COG0212",28,27,25,31,27,25,22,36,18,22,30,44,27,27,34,33,28,22,34,28
"COG0213",22,23,19,18,12,25,28,5,9,29,6,2,15,17,10,34,3,22,15,4
"COG0214",16,8,6,24,14,5,11,6,12,14,8,36,17,6,18,16,5,3,20,0
"COG0215",58,77,77,67,75,59,94,53,92,75,69,73,54,75,69,69,52,72,72,44
"COG0216",36,51,54,55,43,37,51,46,50,35,39,63,53,60,53,55,38,38,52,29
"COG0217",49,34,46,26,42,33,48,40,36,43,33,44,36,36,37,48,39,33,43,34
"COG0218",30,21,23,35,17,23,33,19,24,32,31,20,21,23,17,30,18,28,26,22
"COG0219",22,8,18,13,18,11,26,8,4,19,18,8,11,8,29,23,16,19,8,2
"COG0220",28,45,43,38,30,41,35,30,31,34,35,36,39,28,41,22,41,32,46,43
"COG0221",9,5,12,9,9,13,20,3,7,13,2,6,2,4,6,23,5,5,7,1
"COG0222",10,3,2,6,4,6,11,2,9,4,14,26,14,14,27,19,15,13,14,16
"COG0223",52,51,48,51,48,58,44,35,48,53,41,50,52,51,50,50,44,44,47,46
"COG0224",54,40,47,50,66,66,52,46,43,56,41,65,49,49,55,47,54,65,47,20
"COG0225",10,16,10,7,11,24,9,15,16,12,17,24,17,8,10,19,14,19,37,33
"COG0226",46,51,57,43,66,75,51,49,41,45,48,58,41,61,40,49,60,65,61,38
"COG0227",4,9,8,10,7,8,11,12,8,2,7,22,6,3,11,2,2,12,15,4
"COG0228",19,13,13,19,8,16,18,23,23,12,13,11,15,10,9,17,9,15,16,9
"COG0229",6,5,2,6,9,7,2,6,18,3,15,3,11,14,5,16,9,5,9,15
"COG0230",4,7,8,2,3,1,4,11,3,6,9,2,6,4,1,0,8,7,1,5
"COG0231",30,32,32,27,28,30,38,26,34,25,33,39,32,20,34,31,33,27,48,24
"COG0232",60,47,49,58,51,38,63,26,55,55,40,66,50,57,34,65,37,61,60,45
"COG0233",33,39,31,37,19,27,38,26,33,43,27,33,21,23,23,31,33,23,43,25
"COG0234",20,22,20,23,16,25,20,15,18,20,8,29,17,15,20,17,25,7,8,7
"COG0235",42,83,71,59,37,51,58,64,58,61,66,23,59,51,73,59,58,57,81,62
"COG0236",23,27,27,20,29,26,26,20,12,24,21,30,15,20,18,21,32,26,16,16
"COG0237",20,23,18,27,15,15,24,27,28,24,29,20,22,28,29,29,22,31,21,28
"COG0238",12,4,8,18,6,13,24,13,8,15,11,17,10,9,25,14,12,8,21,10
"COG0239",2,12,14,6,13,8,4,10,9,4,9,4,7,14,8,3,15,7,7,12
"COG0240",56,38,52,59,45,40,42,48,44,42,47,47,45,53,49,36,42,38,59,48
"COG0241",16,24,23,23,23,33,17,46,50,30,25,24,47,24,4,7,29,39,31,41
"COG0242",56,36,26,51,36,37,53,32,33,37,17,19,7,8,23,21,6,7,18,6
"COG0243",2,10,6,14,44,223,14,25,37,32,42,16,76,58,34,31,16,25,7,19
"COG0244",29,20,23,23,31,27,40,10,10,24,33,7,11,30,29,43,22,19,15,8
"COG0245",30,31,34,30,29,16,28,30,35,32,9,8,15,14,10,12,13,9,12,9
"COG0246",69,59,59,81,59,98,59,43,58,70,51,110,41,54,65,46,74,98,93,66
"COG0247",30,43,43,27,29,51,17,52,51,28,48,43,69,46,6,36,52,25,33,38
"COG0248",36,22,26,29,31,51,36,32,32,54,18,6,15,14,15,7,9,9,5,12
"COG0249",151,162,122,127,161,113,178,155,145,161,152,108,138,191,89,157,135,106,121,120
"COG0250",30,42,34,34,39,44,40,31,38,40,40,51,35,34,38,47,36,28,43,19
"COG0251",44,34,50,34,42,44,45,66,38,39,73,85,45,36,28,30,29,47,50,50
"COG0252",43,74,61,48,57,37,35,77,74,53,69,72,75,60,57,51,67,79,48,65
"COG0253",35,53,43,53,25,27,33,40,32,43,33,38,46,41,35,41,44,36,43,35
"COG0254",14,10,6,9,17,15,14,16,6,13,8,5,8,7,11,8,5,4,11,5
"COG0255",9,10,6,14,11,8,10,6,5,8,5,8,5,8,7,12,2,11,7,2
"COG0256",9,4,5,5,12,11,6,11,5,9,17,37,16,26,21,30,17,22,22,16
"COG0257",3,0,3,0,0,1,1,1,0,2,0,0,3,1,0,1,2,0,3,0
"COG0258",96,106,105,93,96,89,102,81,124,116,100,158,109,112,123,111,96,121,123,92
"COG0259",8,10,14,4,5,6,2,15,8,2,8,0,5,7,1,1,6,2,10,11
"COG0260",2,6,4,1,4,29,3,10,10,3,8,1,4,3,5,8,7,6,1,6
"COG0261",16,18,16,22,19,14,20,17,13,21,18,31,25,21,13,29,21,18,18,13
"COG0262",24,24,25,39,16,33,36,33,25,33,12,7,12,9,5,11,8,10,6,14
"COG0263",53,53,36,39,46,32,36,34,52,49,53,13,31,53,39,43,36,38,38,46
"COG0264",53,41,45,40,51,49,63,42,42,56,59,56,46,53,47,61,48,44,55,30
"COG0265",26,16,30,21,20,28,31,29,20,24,96,61,71,79,96,131,62,84,78,44
"COG0266",7,4,3,15,9,24,7,7,2,5,1,1,1,3,3,2,3,1,0,2
"COG0267",5,12,5,8,3,6,7,8,8,4,6,12,1,4,4,4,3,5,6,4
"COG0268",16,4,9,9,2,9,15,3,3,11,5,5,3,2,15,16,3,7,2,2
"COG0269",1,1,0,0,0,9,0,0,0,0,0,0,0,0,2,2,0,1,0,0
"COG0270",39,47,40,71,38,31,70,33,38,25,100,75,46,80,91,121,142,57,80,39
"COG0271",0,0,0,0,0,5,0,0,0,0,2,0,0,0,1,0,1,0,0,0
"COG0272",91,67,96,91,87,72,92,94,96,71,37,36,26,37,40,37,36,23,33,21
"COG0274",35,31,39,44,48,34,32,27,39,25,25,57,43,34,45,27,35,39,42,35
"COG0275",55,45,62,68,53,48,56,50,45,59,40,71,33,60,72,54,46,50,69,24
"COG0276",0,0,0,1,1,15,0,1,2,4,2,2,4,1,1,2,0,2,0,0
"COG0277",21,24,31,18,35,74,12,40,56,12,41,7,35,26,27,46,33,28,15,20
"COG0278",0,0,0,0,0,5,0,0,0,0,0,0,0,0,0,0,0,0,0,0
"COG0279",4,5,6,10,3,19,3,7,11,9,10,3,29,7,4,7,11,16,9,29
"COG0280",106,113,124,84,96,84,95,136,120,109,114,100,133,108,55,55,108,95,115,126
"COG0281",78,62,75,62,58,75,56,91,91,68,67,73,74,77,37,53,70,80,72,73
"COG0282",63,49,56,51,43,58,76,47,58,39,54,62,48,45,74,66,59,50,57,34
"COG0283",31,31,39,28,31,20,46,25,36,44,36,49,38,34,47,35,19,32,45,18
"COG0284",40,35,47,42,44,19,55,43,62,46,42,39,54,37,48,39,41,52,42,36
"COG0285",55,66,54,60,62,75,61,56,57,68,58,68,66,60,72,50,61,59,81,43
"COG0286",142,125,183,155,117,78,206,156,114,195,167,321,167,165,115,178,166,147,220,103
"COG0287",31,30,35,26,37,34,35,24,40,29,22,12,20,33,24,44,20,46,34,19
"COG0288",5,10,7,9,10,8,5,16,13,8,11,20,11,12,14,5,9,8,14,19
"COG0289",28,46,37,41,40,35,34,44,40,35,42,27,53,44,45,30,41,37,42,29
"COG0290",32,30,41,33,26,16,29,25,20,26,26,51,29,29,24,28,31,19,40,23
"COG0291",7,9,8,13,7,6,10,10,8,8,8,10,8,7,6,12,9,2,15,9
"COG0292",18,12,13,19,16,15,34,11,20,26,21,22,20,13,20,17,17,18,16,13
"COG0293",0,0,0,0,2,3,1,1,1,1,2,3,4,2,0,0,1,1,1,0
"COG0294",27,36,19,36,22,43,31,27,31,35,33,36,33,24,22,17,20,18,22,34
"COG0295",19,22,24,22,13,16,25,26,22,21,25,30,22,18,20,44,17,27,27,18
"COG0296",138,96,127,124,117,113,138,79,95,130,84,104,100,138,119,91,106,109,96,106
"COG0297",65,61,62,69,50,41,48,58,55,58,45,53,40,63,46,82,64,68,62,33
"COG0298",2,1,1,1,1,8,0,1,2,2,1,2,5,2,3,1,1,0,2,3
"COG0299",22,33,40,19,29,26,18,28,29,25,20,12,17,38,30,30,28,41,16,26
"COG0300",26,29,34,33,39,28,35,21,33,33,37,28,31,42,30,37,32,37,30,28
"COG0301",30,37,22,28,28,28,23,31,16,22,20,10,10,23,30,43,18,26,19,8
"COG0302",21,24,22,28,24,19,25,25,31,22,31,49,19,14,21,21,26,6,21,23
"COG0303",16,15,12,19,16,22,16,13,7,19,20,4,21,12,33,17,21,38,11,3
"COG0304",93,77,66,62,116,70,61,79,114,78,72,98,101,97,88,64,94,102,85,91
"COG0305",81,86,99,80,86,71,90,97,163,86,68,90,117,84,99,100,90,104,108,83
"COG0306",6,4,6,10,14,35,9,15,8,12,17,4,22,6,5,10,26,3,5,24
"COG0307",18,21,23,29,18,20,12,28,31,9,28,33,27,33,10,10,27,25,31,28
"COG0308",8,22,5,6,20,19,10,8,19,10,18,2,15,23,55,9,12,3,4,13
"COG0309",19,12,13,17,23,29,9,17,10,18,10,3,16,22,34,11,13,11,8,4
"COG0310",8,4,3,4,1,3,2,2,2,8,4,0,4,4,6,7,3,7,5,1
"COG0311",6,1,7,16,9,4,7,3,10,3,5,28,10,3,12,4,10,2,8,5
"COG0312",16,16,49,12,18,21,8,50,28,14,17,3,37,33,26,39,26,17,22,11
"COG0313",54,62,50,38,52,40,61,56,64,59,53,51,46,50,49,37,45,68,50,50
"COG0314",0,0,0,0,0,10,0,0,1,0,1,0,2,0,0,0,0,1,2,0
"COG0315",3,3,5,6,8,14,11,6,3,5,2,6,8,4,17,2,8,11,1,2
"COG0316",0,1,1,0,1,25,0,1,1,4,2,0,3,3,3,0,0,0,1,1
"COG0317",135,133,161,138,120,89,125,132,145,86,134,161,140,147,129,148,109,114,170,124
"COG0318",81,81,118,73,112,111,80,107,92,71,108,55,83,95,48,112,109,102,101,83
"COG0319",23,23,27,28,22,34,35,18,21,21,31,42,32,26,33,32,25,14,29,23
"COG0320",18,16,13,9,10,22,17,19,24,17,33,3,14,12,1,11,19,21,16,26
"COG0321",11,16,21,14,14,13,12,12,19,18,26,1,11,14,2,6,15,15,14,21
"COG0322",65,80,82,94,97,80,74,68,71,83,87,90,72,62,77,93,73,73,73,59
"COG0323",68,71,73,76,69,67,84,53,65,70,60,57,69,77,57,83,73,68,67,61
"COG0324",55,65,62,66,50,28,58,71,79,59,67,70,67,52,44,57,47,49,80,79
"COG0325",37,33,50,38,34,31,25,32,48,33,35,39,35,41,30,36,31,43,40,27
"COG0326",102,84,100,91,85,80,100,85,88,99,84,119,87,81,60,88,78,108,91,115
"COG0327",23,30,40,18,14,16,30,29,26,14,34,21,33,28,34,42,27,21,33,29
"COG0328",8,12,12,21,4,8,10,14,18,6,10,6,8,8,15,23,13,18,5,1
"COG0329",79,79,88,82,100,62,78,87,83,76,90,66,88,78,77,58,80,104,94,82
"COG0330",84,47,55,60,63,71,79,54,50,54,16,32,20,17,20,34,27,32,13,13
"COG0331",46,38,36,53,37,37,41,39,57,41,15,10,10,16,47,10,7,12,23,12
"COG0332",45,55,75,59,74,35,49,61,56,56,63,77,66,58,38,37,70,44,58,93
"COG0333",2,10,8,8,6,5,11,8,6,6,11,8,5,6,6,3,10,3,6,7
"COG0334",91,96,115,76,93,53,71,93,103,97,93,91,97,88,61,111,71,80,96,81
"COG0335",16,17,13,33,16,10,28,18,11,26,18,22,15,26,13,19,25,15,18,13
"COG0336",26,27,41,29,27,36,43,22,27,32,30,36,27,39,44,52,31,41,40,24
"COG0337",49,53,50,45,46,30,31,48,51,52,44,52,38,41,47,55,23,38,43,30
"COG0338",32,22,9,32,35,18,41,30,27,34,32,17,9,23,13,32,36,43,23,14
"COG0339",79,83,80,60,89,54,44,106,126,76,101,152,90,95,13,40,94,55,113,95
"COG0340",44,61,38,45,51,54,47,52,48,45,38,40,37,38,67,50,53,67,50,25
"COG0341",32,17,20,37,28,25,36,36,22,38,30,27,24,39,38,27,39,67,29,33
"COG0342",108,72,64,86,90,67,71,62,88,86,62,126,67,94,75,44,97,76,93,54
"COG0343",50,37,44,62,48,45,53,30,53,58,40,47,47,30,50,57,59,36,58,41
"COG0344",37,12,21,24,12,25,29,17,13,34,12,5,15,24,33,37,21,26,15,5
"COG0345",38,49,24,33,28,31,27,51,40,22,28,29,19,34,51,49,39,43,37,50
"COG0346",39,56,42,51,33,37,39,59,43,38,51,27,41,52,35,29,50,31,33,88
"COG0347",47,29,30,40,47,38,51,48,24,40,11,14,8,14,15,19,8,20,11,6
"COG0348",53,25,43,54,53,50,34,63,60,42,39,43,37,36,53,42,38,43,41,55
"COG0349",0,0,1,0,0,5,0,0,4,1,3,0,0,0,9,4,1,0,1,0
"COG0350",31,21,27,17,22,37,14,29,26,25,27,36,22,26,44,28,27,26,22,19
"COG0351",42,35,36,60,35,32,48,39,42,26,47,87,41,32,52,18,21,32,54,24
"COG0352",35,26,25,40,38,24,31,25,36,37,11,14,9,5,19,7,8,12,15,8
"COG0353",36,38,41,43,33,34,36,35,41,32,41,39,37,36,48,40,37,21,40,21
"COG0354",0,0,0,0,1,12,1,0,0,0,1,0,0,1,0,0,0,0,0,0
"COG0355",9,7,15,8,17,24,8,15,10,19,13,9,14,14,13,16,14,29,6,1
"COG0356",21,16,23,20,21,21,14,15,20,19,46,48,39,39,48,51,47,59,50,39
"COG0357",39,31,35,38,35,34,42,28,32,45,45,44,30,25,50,28,21,24,29,20
"COG0358",188,154,106,155,134,113,137,133,89,124,148,128,99,143,131,187,134,212,150,111
"COG0359",32,21,26,26,20,17,32,21,25,37,37,35,25,36,35,30,31,23,24,22
"COG0360",19,9,22,22,13,12,27,13,16,22,20,32,18,27,25,22,17,18,21,14
"COG0361",20,14,11,14,13,10,24,16,9,21,16,27,12,11,15,15,12,13,19,16
"COG0362",12,20,14,14,24,9,6,25,30,11,19,1,20,23,24,17,16,12,18,25
"COG0363",53,72,100,82,82,71,51,104,114,63,97,104,88,89,60,65,66,77,129,105
"COG0364",9,33,22,14,25,24,11,28,24,9,22,2,24,37,17,7,33,17,9,43
"COG0365",38,50,38,39,37,47,38,61,60,33,27,51,31,51,5,36,28,29,46,51
"COG0366",414,229,280,339,237,249,231,208,258,250,242,352,216,219,570,285,264,226,433,123
"COG0367",58,64,84,48,63,57,67,71,77,69,50,44,53,81,75,81,61,59,68,32
"COG0368",16,22,12,9,17,16,17,12,12,15,13,8,12,9,19,28,13,24,8,8
"COG0369",0,0,0,0,0,13,0,0,1,0,2,0,0,1,4,1,0,0,5,1
"COG0370",134,145,138,124,128,121,166,129,149,154,122,116,120,165,108,229,93,176,149,71
"COG0371",23,26,34,30,14,31,33,15,21,16,8,4,7,2,17,5,11,6,10,10
"COG0372",67,65,71,90,86,58,79,71,51,76,63,86,43,75,71,67,45,58,87,41
"COG0373",14,5,10,17,23,20,12,5,17,13,7,3,12,14,14,5,11,10,14,1
"COG0374",3,1,2,5,6,35,4,2,9,2,8,0,24,11,2,2,3,5,8,5
"COG0375",3,7,4,8,4,10,3,6,1,8,2,1,3,2,4,11,4,7,3,2
"COG0376",0,0,0,0,0,22,0,1,0,0,2,0,0,0,2,2,0,0,1,0
"COG0377",12,17,9,17,7,8,14,13,18,15,26,23,17,17,1,6,15,5,11,11
"COG0378",14,18,17,14,10,18,12,10,10,13,9,3,6,11,16,16,5,7,12,4
"COG0379",35,49,31,28,40,41,51,34,36,27,38,42,38,33,29,22,33,20,35,18
"COG0380",8,21,7,3,13,14,5,18,14,6,9,1,8,13,2,2,21,12,10,18
"COG0381",38,58,74,45,37,39,18,96,54,34,60,206,45,65,21,54,76,53,57,73
"COG0382",4,4,2,4,1,11,8,5,8,4,8,28,16,3,2,8,2,2,18,10
"COG0383",50,106,89,56,51,44,55,141,77,64,51,13,19,74,52,98,84,40,55,74
"COG0384",0,1,1,2,0,8,0,2,4,1,0,1,1,1,1,6,0,2,3,0
"COG0385",8,5,18,16,17,29,30,22,22,11,32,46,12,22,31,14,18,14,45,3
"COG0386",2,9,7,9,11,4,5,2,11,6,6,3,12,3,4,4,11,3,4,20
"COG0387",0,0,0,0,0,12,0,0,1,0,0,0,0,0,7,0,0,0,0,0
"COG0388",109,126,138,156,127,113,112,124,178,167,155,148,167,160,71,117,115,129,171,115
"COG0389",102,82,92,75,84,73,106,81,50,89,82,78,87,95,135,111,96,106,63,59
"COG0390",4,13,22,4,9,13,2,15,11,3,7,3,9,5,16,5,15,0,5,19
"COG0391",1,4,3,6,0,16,14,5,9,8,7,1,7,4,16,14,3,3,4,2
"COG0392",12,4,15,20,10,27,29,13,11,14,17,9,8,12,56,19,10,6,11,2
"COG0393",11,15,11,15,21,8,11,25,11,38,18,25,9,12,9,3,15,15,22,14
"COG0394",42,36,30,47,39,45,43,37,30,35,57,57,36,54,67,34,44,29,44,41
"COG0395",280,127,156,188,158,192,199,109,94,267,154,96,83,147,397,299,198,205,101,133
"COG0396",31,30,30,25,20,22,52,46,48,34,29,43,26,36,13,36,26,18,49,31
"COG0397",0,0,0,0,1,8,1,1,1,0,1,0,0,0,3,0,0,0,0,1
"COG0398",9,4,11,9,6,16,12,8,6,9,10,1,2,12,9,19,11,5,3,3
"COG0399",127,101,133,102,89,78,34,122,83,64,61,191,72,101,32,46,113,109,81,113
"COG0400",1,0,0,0,0,7,1,0,0,3,3,1,0,0,3,1,0,0,0,0
"COG0401",0,0,0,0,0,1,0,0,0,0,0,0,0,0,0,0,0,0,0,0
"COG0402",35,40,30,41,26,80,25,46,51,26,28,6,18,12,27,36,9,18,9,3
"COG0403",39,53,31,23,45,32,31,53,70,22,39,13,49,61,4,20,51,38,32,64
"COG0404",19,31,24,22,23,22,33,38,18,25,44,12,21,33,6,19,34,24,25,47
"COG0405",2,3,11,3,1,10,2,6,2,2,2,5,8,1,3,4,0,2,3,3
"COG0406",44,37,55,56,48,56,69,32,36,58,47,56,43,43,129,83,46,88,41,26
"COG0407",3,0,11,9,11,22,6,10,12,8,20,8,16,16,2,12,14,13,4,20
"COG0408",0,0,0,0,0,5,0,0,0,0,0,0,1,0,1,0,0,0,1,0
"COG0409",2,2,1,11,7,17,6,6,3,4,6,1,7,1,9,4,4,4,10,6
"COG0410",13,12,21,18,20,18,21,17,20,14,20,8,17,31,33,46,10,33,29,9
"COG0411",20,14,16,14,17,29,23,18,16,20,20,13,16,13,28,60,18,44,24,5
"COG0412",0,1,0,0,0,10,0,0,0,0,0,0,0,0,0,1,0,0,0,1
"COG0413",35,27,28,16,14,18,26,25,29,18,20,38,38,19,5,5,18,19,38,18
"COG0414",18,34,31,23,29,22,16,29,30,21,27,62,33,31,9,16,28,21,48,27
"COG0415",0,1,1,0,1,9,0,0,0,0,1,0,1,2,1,0,1,0,0,0
"COG0416",24,22,26,28,20,32,28,24,26,35,18,16,12,20,38,65,21,36,17,3
"COG0417",0,1,0,0,0,21,0,0,1,0,0,0,1,1,2,0,0,2,0,0
"COG0418",0,0,0,0,0,6,0,0,2,0,0,0,0,0,1,1,0,1,3,1
"COG0419",63,127,60,101,105,92,77,113,97,90,60,44,118,88,81,82,76,96,100,114
"COG0420",51,47,57,73,64,49,45,58,43,66,40,49,33,55,55,52,61,70,57,43
"COG0421",16,12,13,13,11,28,20,10,10,30,8,4,11,14,23,19,25,19,6,0
"COG0422",42,50,44,44,63,56,36,53,53,51,50,67,72,62,39,21,32,60,82,49
"COG0423",77,75,67,54,65,44,66,69,83,75,16,28,16,27,20,31,20,29,27,26
"COG0424",33,30,22,41,27,30,24,24,26,26,38,29,19,23,28,32,22,30,36,30
"COG0425",25,45,27,19,47,14,41,44,41,46,45,19,72,40,3,9,41,17,19,47
"COG0426",54,71,85,77,46,64,77,79,57,74,75,85,71,59,59,72,58,78,67,53
"COG0427",55,48,60,45,40,29,70,69,79,43,85,57,50,66,20,45,51,59,58,32
"COG0428",34,13,27,30,20,26,34,13,22,35,28,31,22,27,36,31,27,32,29,17
"COG0429",0,1,0,1,3,5,1,1,2,2,1,2,4,1,1,0,0,2,2,0
"COG0430",0,1,0,0,0,3,0,0,0,1,0,0,0,0,0,0,0,1,0,0
"COG0431",0,0,1,0,1,8,0,2,1,0,0,0,3,0,21,1,0,0,13,3
"COG0432",10,3,14,9,10,12,10,11,18,7,9,7,15,13,3,7,14,5,14,18
"COG0433",14,93,20,36,40,28,20,15,7,12,28,11,6,16,54,26,51,2,19,27
"COG0434",3,3,3,5,1,2,3,4,0,0,1,0,2,0,9,14,0,4,0,5
"COG0435",4,0,2,0,2,11,1,5,0,4,1,1,0,3,8,3,1,1,1,1
"COG0436",210,276,247,222,243,164,212,246,232,244,258,262,233,278,227,218,230,220,249,240
"COG0437",3,4,5,4,15,45,5,16,9,9,13,3,17,24,11,10,10,22,11,2
"COG0438",588,638,711,618,514,409,484,618,500,497,620,1157,559,603,334,451,896,519,668,1110
"COG0439",40,60,50,46,54,48,75,55,36,55,16,30,14,15,19,10,11,12,11,27
"COG0440",24,17,28,28,25,29,25,28,17,26,19,11,22,28,37,16,22,37,21,10
"COG0441",149,129,147,136,125,95,154,138,133,140,123,163,144,148,145,136,129,124,145,101
"COG0442",73,48,64,69,63,47,88,74,75,65,60,63,60,81,81,87,43,55,52,39
"COG0443",125,94,110,118,104,136,117,88,142,145,95,85,75,103,113,155,91,111,112,65
"COG0444",24,9,10,17,10,31,15,17,14,17,50,17,54,46,112,115,47,79,38,27
"COG0445",88,93,75,91,94,92,98,81,88,116,87,109,112,106,105,109,91,104,103,70
"COG0446",84,102,143,89,103,132,127,100,103,105,110,45,112,143,159,143,99,144,65,88
"COG0447",20,20,19,11,15,9,14,24,14,12,24,31,41,24,3,10,14,13,28,25
"COG0448",112,74,76,70,63,71,80,60,40,91,36,39,54,73,126,118,62,91,43,26
"COG0449",73,76,87,63,94,103,116,73,90,77,69,127,52,79,119,100,75,72,80,59
"COG0450",6,5,6,7,9,7,3,7,7,1,26,3,24,19,10,2,25,15,19,27
"COG0451",172,243,231,197,232,165,159,234,241,189,234,217,261,244,81,159,276,186,242,385
"COG0452",56,45,63,44,46,54,56,51,63,37,34,28,54,49,50,36,47,67,50,27
"COG0454",149,123,133,133,138,172,128,159,123,149,49,19,50,54,44,42,58,39,40,61
"COG0455",10,2,9,10,12,4,3,2,1,19,3,3,3,7,3,3,5,0,2,0
"COG0456",26,19,14,17,10,38,27,14,10,26,15,12,11,12,34,48,16,15,6,15
"COG0457",247,281,269,282,244,150,257,284,302,326,335,399,354,283,94,119,286,226,287,360
"COG0458",209,189,177,182,189,124,157,153,252,167,164,264,183,226,179,151,189,194,267,128
"COG0459",72,60,48,68,47,58,65,68,100,61,64,79,73,68,82,91,63,65,87,59
"COG0460",83,61,62,74,93,72,61,81,95,55,77,99,86,80,71,63,71,88,100,61
"COG0461",44,35,27,37,30,35,40,33,27,30,45,47,31,33,24,31,36,37,34,22
"COG0462",78,58,56,71,57,42,47,60,47,69,65,62,66,55,103,61,56,62,73,39
"COG0463",749,677,602,727,723,524,625,626,552,710,664,872,637,582,510,446,776,599,694,1014
"COG0464",45,17,35,39,39,14,56,20,40,48,49,134,24,21,38,21,51,42,24,15
"COG0465",53,36,29,47,32,42,46,38,37,36,114,88,112,125,190,194,107,152,107,60
"COG0466",112,98,85,99,73,90,77,81,103,101,72,118,79,101,113,119,60,83,103,80
"COG0468",54,56,47,49,80,41,67,74,59,65,53,42,41,56,53,74,74,47,58,119
"COG0469",76,70,67,71,68,73,62,71,69,63,75,36,68,77,61,76,57,75,66,39
"COG0470",1,5,5,8,6,14,5,9,11,3,2,1,3,0,8,4,3,8,2,1
"COG0471",92,136,110,130,104,107,57,119,121,79,81,111,150,96,76,77,107,179,108,103
"COG0472",104,74,74,102,80,78,115,94,106,71,81,89,80,75,100,81,95,84,116,118
"COG0473",40,79,37,46,58,49,48,52,62,49,52,37,38,60,43,39,56,51,46,56
"COG0474",164,124,171,175,124,101,242,169,195,186,157,139,157,159,274,180,131,141,172,153
"COG0475",98,128,102,121,113,78,86,156,151,94,115,151,153,110,79,61,113,95,173,250
"COG0476",21,28,27,26,19,33,26,28,30,19,34,21,23,23,28,8,18,18,27,17
"COG0477",213,297,257,322,341,819,279,368,484,253,457,441,477,261,540,230,339,244,387,448
"COG0479",18,13,21,15,26,31,14,16,32,18,39,41,42,15,18,10,14,16,46,18
"COG0480",316,366,306,258,261,229,325,307,307,317,266,343,292,297,308,374,251,300,321,442
"COG0481",77,107,79,85,78,58,75,77,85,91,59,101,64,82,78,95,79,89,95,56
"COG0482",63,93,83,66,95,59,85,101,74,87,103,87,74,85,41,76,81,79,79,94
"COG0483",11,22,9,13,8,15,12,17,24,18,18,10,20,17,22,14,18,23,18,27
"COG0484",68,49,43,64,44,50,65,45,48,65,41,41,43,51,77,62,39,54,50,21
"COG0486",67,59,75,83,54,47,76,66,48,81,49,60,66,68,84,79,53,65,58,50
"COG0488",117,99,104,116,104,83,82,112,103,107,302,320,337,323,323,194,325,274,286,324
"COG0489",168,144,122,144,146,109,118,128,173,118,152,136,150,153,106,118,145,92,129,203
"COG0490",0,3,1,1,1,0,0,3,2,0,0,0,0,0,1,0,1,4,0,2
"COG0491",61,46,67,54,64,52,54,59,61,74,43,33,43,68,58,62,49,75,60,35
"COG0492",51,52,63,56,40,50,47,38,55,57,49,58,36,55,79,57,30,67,47,49
"COG0493",167,184,182,187,169,196,165,201,179,187,157,189,153,189,154,219,146,165,185,105
"COG0494",116,76,100,119,85,149,138,73,70,117,85,67,51,78,177,113,90,80,72,49
"COG0495",133,109,102,119,124,119,133,107,124,115,96,136,94,114,108,121,97,112,137,90
"COG0496",20,16,20,16,19,9,19,28,29,23,24,56,27,25,3,19,30,7,43,27
"COG0497",67,56,72,71,47,52,81,67,71,50,46,91,54,79,83,82,56,73,78,49
"COG0498",76,65,48,63,55,47,63,63,66,75,67,61,47,75,50,86,58,54,61,44
"COG0499",11,3,9,23,22,3,24,17,33,10,30,4,20,25,10,22,20,6,14,25
"COG0500",168,177,143,196,172,241,156,121,119,156,140,106,130,172,173,216,168,168,122,120
"COG0501",22,39,28,17,31,36,27,32,34,20,54,23,50,37,28,24,25,45,29,49
"COG0502",50,61,59,48,71,57,41,76,64,49,55,13,51,76,34,30,56,36,72,52
"COG0503",16,22,21,17,18,20,27,21,16,17,68,81,55,59,66,45,53,54,54,49
"COG0504",77,67,63,61,71,57,74,73,74,59,67,65,80,78,84,86,67,71,65,61
"COG0505",63,53,50,42,38,52,56,47,50,46,41,33,50,38,53,44,41,58,64,34
"COG0506",6,16,9,3,25,23,2,5,11,11,13,5,16,22,0,6,26,8,14,58
"COG0507",276,221,229,214,200,206,201,261,232,201,243,280,222,221,252,342,240,278,240,205
"COG0508",6,10,2,6,18,29,3,9,12,5,5,1,15,6,7,15,10,7,15,10
"COG0509",7,17,9,8,10,9,11,12,12,4,20,8,16,9,3,7,14,5,16,12
"COG0510",7,9,6,17,22,14,3,14,2,10,6,2,7,10,34,11,10,7,6,3
"COG0511",37,41,38,36,39,20,41,36,40,58,42,37,27,45,14,26,37,14,33,50
"COG0512",20,26,24,29,26,41,21,22,23,26,18,31,28,19,28,25,17,9,31,14
"COG0513",120,128,138,110,136,131,105,146,146,126,122,147,167,132,113,75,132,128,159,169
"COG0514",135,188,164,181,194,83,151,213,195,159,66,91,83,76,29,32,69,46,73,75
"COG0515",142,110,110,114,192,81,148,209,108,125,114,166,50,134,217,228,96,98,230,62
"COG0516",68,86,58,68,63,62,65,60,81,45,76,85,88,73,75,79,64,58,71,39
"COG0517",98,100,68,79,75,82,92,76,118,87,111,133,108,101,100,115,88,91,112,65
"COG0518",65,69,73,69,71,53,46,79,78,64,71,61,88,66,88,79,73,63,69,88
"COG0519",64,75,70,90,86,65,59,69,75,58,66,75,84,79,67,86,68,96,84,95
"COG0520",62,65,72,73,41,54,64,66,48,63,77,49,76,55,57,91,43,61,64,49
"COG0521",7,0,4,15,5,24,10,6,4,5,6,3,10,9,15,2,16,10,5,2
"COG0522",43,25,25,35,34,24,41,34,19,45,26,53,31,42,31,44,28,38,31,22
"COG0523",53,60,35,19,38,60,36,38,28,33,32,42,18,33,38,41,25,58,28,13
"COG0524",170,218,221,212,201,211,172,246,204,197,221,240,204,204,214,231,214,219,225,203
"COG0525",108,115,101,93,100,89,116,88,101,111,101,114,136,127,119,129,83,108,129,61
"COG0526",195,172,171,192,224,117,208,194,221,225,307,295,237,221,86,92,262,121,199,392
"COG0527",118,116,114,122,118,109,122,132,150,115,132,146,146,99,105,113,110,104,116,98
"COG0528",41,38,33,37,36,29,40,28,37,43,49,40,49,32,39,50,34,36,39,24
"COG0529",11,22,9,11,9,13,10,7,14,8,17,1,14,4,2,3,15,12,4,17
"COG0530",65,54,46,32,44,50,31,36,33,45,18,15,24,30,43,38,53,26,43,18
"COG0531",73,61,66,90,88,199,57,86,87,53,114,21,90,95,261,83,53,52,56,68
"COG0532",80,87,86,62,76,80,93,91,85,89,98,79,93,59,79,77,55,92,76,55
"COG0533",49,68,56,56,47,43,57,39,73,55,51,54,47,48,56,81,46,67,54,31
"COG0534",843,730,825,765,773,686,810,752,616,858,760,439,606,777,928,756,741,1018,636,575
"COG0535",82,148,78,117,99,68,80,48,56,66,73,148,78,70,55,64,91,58,104,87
"COG0536",52,57,63,71,58,42,53,57,61,71,43,53,60,54,45,67,41,57,59,21
"COG0537",35,38,42,49,36,32,36,35,34,27,43,45,30,38,37,29,50,26,34,43
"COG0538",48,32,48,32,50,30,50,54,51,38,47,62,39,43,32,45,44,69,54,28
"COG0539",95,82,68,101,77,65,88,73,83,104,83,79,83,98,75,99,71,65,116,70
"COG0540",56,40,52,48,59,33,30,38,48,43,44,70,35,35,45,39,37,66,57,39
"COG0541",52,65,51,62,69,61,91,61,67,65,55,68,85,66,53,79,56,58,56,38
"COG0542",271,283,240,247,267,197,285,235,256,253,212,219,261,305,284,323,248,333,277,175
"COG0543",82,94,107,85,84,78,87,91,124,99,103,132,112,82,81,83,103,91,96,80
"COG0544",99,81,83,91,91,82,112,67,75,106,74,100,71,93,96,93,99,123,94,76
"COG0545",42,64,57,71,46,55,52,61,82,66,83,145,121,54,25,12,74,57,99,80
"COG0546",78,88,79,82,72,72,95,79,68,87,68,93,81,72,77,97,65,67,86,53
"COG0547",31,51,41,39,38,36,27,43,32,35,29,17,20,30,34,35,35,21,34,27
"COG0548",45,43,43,29,43,43,43,37,43,32,46,41,37,46,32,42,36,43,50,34
"COG0549",14,6,22,19,11,46,8,11,13,11,13,3,5,13,27,14,13,11,7,7
"COG0550",291,320,283,267,273,252,302,281,315,300,250,297,230,295,248,344,305,375,279,221
"COG0551",42,36,46,53,46,74,57,33,21,33,45,19,23,41,95,78,37,63,34,9
"COG0552",30,46,32,36,40,32,36,31,54,33,32,20,34,46,59,47,35,32,30,26
"COG0553",37,22,27,18,48,37,69,28,43,49,110,325,157,145,139,98,158,182,181,140
"COG0554",35,50,49,37,35,37,27,51,31,26,24,15,29,46,84,61,37,61,23,24
"COG0555",8,1,3,10,9,15,13,4,1,9,1,6,6,12,6,3,0,0,6,0
"COG0556",88,70,62,83,58,41,76,51,77,76,57,70,88,82,101,96,65,80,71,63
"COG0557",81,82,73,98,70,69,116,81,91,86,63,150,94,80,58,61,88,76,97,56
"COG0558",43,19,22,37,20,39,32,22,23,27,13,12,7,6,14,17,6,13,10,6
"COG0559",24,16,15,23,22,15,25,27,19,21,22,13,20,12,32,52,14,39,27,8
"COG0560",39,34,30,32,30,30,25,45,38,47,46,22,37,31,30,23,37,29,47,36
"COG0561",111,136,136,135,114,176,157,118,89,118,110,116,126,126,275,140,142,193,127,122
"COG0562",60,29,47,73,36,26,64,26,40,58,55,187,41,31,56,20,49,42,86,34
"COG0563",42,36,34,43,30,24,49,38,30,46,46,33,33,34,42,51,30,54,41,27
"COG0564",153,166,132,163,131,154,170,134,141,154,149,246,187,149,157,171,127,126,217,110
"COG0565",0,0,0,1,0,6,1,1,1,2,4,1,4,1,2,1,1,1,1,1
"COG0566",119,125,97,90,101,84,110,106,104,109,119,93,80,127,140,100,106,120,104,79
"COG0567",0,1,0,0,3,27,0,3,12,5,0,3,2,6,6,0,3,5,5,0
"COG0568",66,44,66,98,44,65,73,44,50,56,54,124,71,53,56,83,42,54,81,19
"COG0569",137,110,116,79,93,92,98,120,103,97,88,66,84,129,119,108,96,135,101,79
"COG0571",32,41,45,58,41,36,30,48,43,36,47,61,36,50,43,52,45,38,46,41
"COG0572",70,67,70,80,66,59,81,82,89,64,30,40,31,22,17,23,25,25,22,20
"COG0573",38,46,45,32,35,30,29,42,28,32,42,14,26,24,52,46,38,42,25,33
"COG0574",198,171,159,152,162,114,133,154,206,143,158,200,181,167,102,149,123,130,170,113
"COG0575",40,45,43,34,30,28,37,30,27,48,47,50,38,38,34,50,40,23,52,25
"COG0576",33,43,23,43,28,23,39,23,21,29,27,47,17,23,32,22,28,39,23,22
"COG0577",382,402,335,322,356,281,402,315,271,317,285,213,302,338,450,397,313,341,290,240
"COG0578",9,7,10,4,10,26,5,10,23,5,10,2,14,24,6,5,6,12,5,6
"COG0579",16,15,34,18,12,42,15,16,8,13,8,13,15,19,28,51,10,24,25,15
"COG0580",11,13,7,4,5,34,14,11,7,13,26,3,6,12,28,9,9,7,6,19
"COG0581",37,36,31,37,28,35,39,24,27,32,44,13,30,46,43,49,32,41,27,24
"COG0582",511,489,444,524,493,457,574,491,536,626,461,180,348,598,405,725,594,577,566,450
"COG0583",210,179,224,272,209,562,248,201,195,258,218,265,243,224,429,299,225,322,197,138
"COG0584",78,65,113,49,108,72,75,70,98,70,115,75,63,60,94,115,104,82,66,136
"COG0585",0,1,0,0,0,10,0,0,0,0,0,0,0,0,0,0,0,2,0,1
"COG0586",10,23,19,13,25,35,19,16,26,11,25,25,29,12,36,10,17,15,22,26
"COG0587",172,167,170,138,107,117,181,184,169,182,126,139,153,136,185,183,152,166,155,117
"COG0588",6,24,9,8,17,11,8,28,22,7,14,1,16,18,19,7,25,14,12,43
"COG0589",56,62,77,44,44,45,43,96,87,42,87,98,100,54,44,34,64,60,104,110
"COG0590",37,32,23,37,22,23,40,35,36,33,13,6,10,13,11,12,10,5,10,6
"COG0591",91,105,116,134,105,70,80,107,91,62,89,64,107,117,64,114,99,101,84,135
"COG0592",65,59,63,89,48,60,74,60,88,68,64,65,63,72,89,71,63,75,58,39
"COG0593",20,30,34,20,21,12,34,21,33,14,23,10,11,22,5,21,17,12,21,25
"COG0594",18,11,17,16,12,16,15,8,6,11,13,11,8,7,31,13,16,11,6,6
"COG0595",56,36,38,51,33,40,65,26,40,47,30,63,34,38,101,82,41,43,32,11
"COG0596",54,37,59,48,46,57,42,31,30,70,39,18,35,47,102,104,60,55,26,31
"COG0597",20,17,20,16,17,27,20,9,6,18,16,10,14,10,29,24,23,15,16,9
"COG0598",31,57,54,49,41,54,60,60,55,59,71,61,72,50,53,28,53,39,59,72
"COG0599",20,32,22,17,30,18,22,41,37,21,33,36,39,20,19,24,30,13,30,10
"COG0600",30,26,28,30,25,41,31,24,35,49,20,19,21,28,41,42,31,47,27,12
"COG0601",57,39,51,60,44,119,61,63,39,43,88,29,53,46,150,113,49,100,41,38
"COG0602",44,44,44,44,45,25,48,41,47,51,53,27,42,34,59,49,47,27,44,26
"COG0603",13,11,15,25,21,13,22,21,20,21,22,29,29,20,10,12,14,11,33,17
"COG0604",1,0,0,0,1,21,0,3,0,1,6,0,4,2,19,1,0,0,1,0
"COG0605",15,25,19,10,11,19,9,12,15,11,4,3,2,7,0,1,11,3,7,4
"COG0606",67,60,56,72,60,61,64,69,81,81,56,74,55,50,47,80,61,68,60,52
"COG0607",45,64,57,46,56,87,60,66,63,58,59,65,92,77,36,35,66,63,50,76
"COG0608",65,87,82,67,84,57,87,76,75,74,62,88,62,82,62,77,53,58,72,49
"COG0609",56,56,77,67,71,100,46,103,69,63,50,48,93,51,67,98,49,64,67,56
"COG0610",49,49,54,47,29,21,49,65,45,52,116,111,169,98,92,192,162,131,118,82
"COG0611",12,14,12,11,23,18,7,19,19,17,15,8,12,15,0,15,13,12,17,17
"COG0612",172,229,193,153,204,125,174,217,255,135,203,277,271,203,60,157,191,163,208,158
"COG0613",26,25,20,22,24,12,49,16,16,27,20,7,15,22,27,41,32,39,18,9
"COG0614",61,87,80,85,86,85,56,113,93,80,65,70,84,71,62,111,98,105,70,80
"COG0615",31,39,38,30,23,8,33,20,15,16,12,77,10,19,29,9,27,14,16,35
"COG0616",7,10,9,10,9,20,16,10,23,11,61,50,58,50,10,27,28,23,36,61
"COG0617",62,53,56,54,53,49,44,46,70,63,65,51,64,59,67,85,38,60,45,33
"COG0618",19,24,16,20,9,13,20,11,16,16,50,78,44,56,46,67,41,35,47,51
"COG0619",57,43,45,74,42,50,44,52,41,55,67,13,38,43,98,93,36,74,25,23
"COG0620",33,26,54,48,44,55,20,31,27,29,8,16,10,6,35,13,5,9,10,2
"COG0621",172,159,160,167,141,126,181,143,178,190,172,186,153,158,125,210,157,175,169,134
"COG0622",41,36,46,44,34,39,55,43,34,43,35,27,44,34,41,41,40,36,32,40
"COG0623",7,11,13,17,15,9,21,20,25,17,23,32,26,16,6,4,14,12,22,18
"COG0624",77,93,102,55,78,118,70,89,118,83,124,55,103,99,113,124,79,140,79,80
"COG0625",1,6,0,2,4,43,0,2,2,3,6,0,2,0,5,4,2,2,3,1
"COG0626",13,8,11,10,5,30,16,6,14,11,14,12,9,10,39,16,14,10,10,10
"COG0627",21,26,31,25,39,36,25,43,33,16,30,13,24,37,45,31,38,21,17,89
"COG0628",102,95,106,108,107,114,127,106,102,89,98,101,98,83,104,119,106,102,86,87
"COG0629",45,41,57,46,32,68,112,43,38,56,41,26,44,56,68,99,46,52,35,20
"COG0630",5,3,7,4,8,11,4,0,0,4,2,1,0,2,4,3,2,1,1,0
"COG0631",68,51,50,51,61,32,51,49,32,48,31,63,41,43,73,73,40,27,45,6
"COG0632",24,30,37,20,21,35,39,27,29,34,46,36,40,26,28,29,26,32,50,15
"COG0633",0,3,0,0,1,21,0,1,1,0,1,1,2,3,4,2,2,1,0,2
"COG0634",32,24,38,36,33,22,38,46,33,30,38,26,24,35,38,35,26,28,25,28
"COG0635",68,96,78,101,89,90,103,62,82,101,68,80,91,83,70,100,78,80,68,58
"COG0636",26,22,25,26,17,16,20,23,17,23,23,7,17,30,15,22,19,12,18,15
"COG0637",76,82,100,99,87,94,102,65,69,80,86,77,60,69,111,73,77,82,88,99
"COG0639",27,19,17,36,25,29,41,26,9,28,32,3,23,25,33,23,19,16,14,35
"COG0640",30,21,23,29,22,32,38,17,10,25,29,14,17,13,42,35,21,31,13,9
"COG0641",110,126,110,139,142,102,81,120,102,88,106,53,89,91,89,69,126,97,101,129
"COG0642",1551,1833,1724,1553,2192,1354,1171,1787,1849,1552,1507,991,1881,1663,1188,1182,2177,1623,1323,2846
"COG0643",12,12,15,16,18,32,7,8,4,30,7,8,14,23,8,0,8,2,5,2
"COG0644",1,0,0,0,0,15,0,0,2,0,4,0,3,0,2,6,1,0,0,2
"COG0645",0,0,2,0,0,0,2,0,0,1,0,2,0,0,0,2,0,0,0,0
"COG0646",110,108,94,94,114,115,85,100,114,116,86,80,99,119,88,82,101,137,131,55
"COG0647",6,7,21,14,4,6,10,6,8,8,17,1,2,15,29,23,9,13,13,7
"COG0648",34,40,29,30,42,32,26,37,35,25,25,10,18,37,27,26,40,24,26,38
"COG0649",40,26,45,27,27,22,18,43,48,33,41,36,48,36,3,8,19,15,41,33
"COG0650",0,1,1,0,3,18,0,1,4,2,1,1,2,1,0,6,1,2,2,2
"COG0651",17,7,12,20,14,36,9,26,12,9,22,2,16,10,8,14,4,41,9,10
"COG0652",43,34,47,38,50,58,55,41,55,55,59,81,46,40,53,57,47,46,48,34
"COG0653",148,123,125,130,105,97,151,130,148,132,116,108,127,130,172,158,82,147,140,81
"COG0654",1,2,2,5,1,52,0,2,10,0,2,1,2,0,4,4,1,1,2,20
"COG0655",56,49,63,51,65,41,41,49,55,31,54,17,43,53,50,56,51,42,29,49
"COG0656",28,49,47,44,54,79,25,23,49,18,32,19,42,24,90,27,54,40,36,67
"COG0657",88,79,99,98,124,91,78,73,93,102,74,61,84,116,112,99,131,122,101,96
"COG0658",56,70,103,78,48,68,71,49,60,72,17,11,19,15,14,26,30,22,24,14
"COG0659",76,57,71,66,72,43,75,57,48,91,62,86,61,53,57,35,57,43,72,54
"COG0661",5,4,2,7,3,20,8,5,7,0,12,2,9,7,47,8,3,9,8,4
"COG0662",26,27,16,40,47,42,24,17,12,26,7,34,17,21,27,12,28,40,31,4
"COG0663",19,12,19,20,15,34,18,23,27,20,27,15,21,15,11,9,17,21,22,14
"COG0664",132,124,153,90,133,106,118,174,93,98,119,123,101,95,97,82,131,98,114,206
"COG0665",12,10,15,5,13,60,30,17,5,20,24,4,7,32,15,31,8,8,5,4
"COG0666",8,16,9,29,16,33,29,39,42,40,26,6,17,26,7,18,15,35,20,28
"COG0667",29,37,19,21,23,31,31,26,20,23,105,23,104,70,104,88,104,89,77,64
"COG0668",68,109,97,92,91,105,74,119,117,108,106,122,111,92,51,72,112,95,127,139
"COG0669",18,36,34,21,28,26,16,33,35,28,30,39,31,24,29,33,30,38,46,29
"COG0670",16,6,5,5,8,36,14,6,16,9,27,41,25,6,11,8,12,9,22,3
"COG0671",45,51,55,43,36,60,43,32,44,35,30,86,55,22,64,47,38,33,49,27
"COG0672",0,0,0,0,0,2,0,0,1,0,9,1,1,0,7,2,0,0,1,0
"COG0673",151,218,214,215,232,188,149,203,190,129,178,198,144,214,149,207,166,128,174,282
"COG0674",72,59,87,50,46,47,59,67,91,61,225,215,218,208,102,166,155,162,226,149
"COG0675",24,9,32,79,46,79,103,55,19,49,60,115,106,34,183,10,45,48,65,31
"COG0676",0,1,0,0,0,11,0,1,2,0,1,0,0,0,12,0,0,0,4,1
"COG0677",10,8,15,10,4,7,2,17,9,2,32,39,34,15,7,15,59,25,42,34
"COG0678",1,0,0,0,0,0,0,0,0,0,0,1,0,0,0,0,0,0,0,0
"COG0679",50,26,51,78,51,65,50,41,41,42,69,62,51,48,83,83,51,80,40,8
"COG0680",0,1,1,3,5,10,0,5,0,1,2,0,6,0,0,2,1,2,6,2
"COG0681",29,35,34,30,23,29,34,32,24,34,121,68,108,119,89,122,93,62,92,112
"COG0682",52,43,33,64,44,39,48,32,48,52,50,45,47,42,43,66,43,49,71,27
"COG0683",7,9,11,4,7,16,11,13,14,8,41,14,30,15,31,66,18,43,31,12
"COG0684",9,3,5,10,8,12,1,7,2,6,14,3,5,5,1,8,10,22,7,4
"COG0685",40,63,50,55,37,52,56,48,44,65,43,50,42,42,54,47,46,58,46,48
"COG0686",20,21,16,19,24,5,15,34,21,6,16,30,25,17,3,13,22,14,34,34
"COG0687",55,45,45,56,39,53,58,53,48,60,48,32,26,38,72,66,38,60,45,36
"COG0688",26,17,20,32,20,28,35,19,27,27,24,46,17,25,18,14,34,19,36,20
"COG0689",0,2,1,6,2,12,1,6,2,3,4,0,11,0,13,9,1,3,2,2
"COG0690",0,0,0,0,0,1,0,2,1,0,0,0,2,3,1,3,0,0,1,0
"COG0691",23,25,25,23,28,22,29,21,18,25,32,17,32,25,23,30,24,27,22,18
"COG0692",29,20,34,45,23,18,41,23,29,29,21,39,36,27,25,20,20,22,36,24
"COG0693",44,46,39,26,52,40,35,32,35,35,30,41,40,22,40,26,40,38,38,58
"COG0694",0,1,0,0,0,10,1,1,1,0,3,0,0,1,3,1,0,0,0,1
"COG0695",0,1,0,0,0,10,0,0,2,0,0,1,0,0,6,2,0,0,0,0
"COG0696",75,58,78,68,63,68,82,80,81,81,62,119,65,69,47,83,53,68,107,45
"COG0697",145,136,168,182,188,168,203,185,224,196,229,200,198,148,143,125,143,163,205,151
"COG0698",36,21,26,25,35,21,43,24,38,32,26,42,30,27,22,35,39,30,29,23
"COG0699",4,0,0,52,34,25,12,8,10,12,3,0,6,6,13,37,3,5,8,6
"COG0700",48,37,29,25,26,29,28,29,28,30,29,67,39,38,10,24,27,22,50,27
"COG0701",23,14,10,7,10,20,18,5,11,15,13,29,9,19,2,9,7,10,18,13
"COG0702",3,2,3,0,0,38,0,2,4,1,4,1,2,1,17,2,0,3,1,1
"COG0703",48,33,53,41,36,26,41,33,39,40,49,44,44,47,56,55,43,62,48,27
"COG0704",37,44,28,39,34,26,28,24,29,27,35,6,15,24,36,39,35,39,13,31
"COG0705",52,26,44,54,24,20,28,57,31,58,47,38,46,30,23,15,45,27,29,51
"COG0706",107,79,80,67,86,63,69,96,75,84,77,102,66,85,102,80,75,73,87,60
"COG0707",72,82,63,64,58,64,98,59,62,85,53,68,62,72,99,81,53,69,65,43
"COG0708",30,28,27,23,31,27,28,35,39,31,29,46,32,29,57,34,30,43,30,11
"COG0709",6,7,13,7,9,19,3,7,9,11,7,2,10,8,27,22,7,28,6,2
"COG0710",10,4,13,13,8,17,10,5,6,11,7,11,9,12,16,8,13,16,10,3
"COG0711",19,20,20,21,18,19,20,26,30,20,25,22,25,26,23,30,17,41,23,25
"COG0712",27,7,26,21,20,19,14,10,20,19,14,4,16,25,31,18,16,24,19,12
"COG0713",7,1,8,2,4,0,8,19,6,3,6,2,6,2,1,2,3,7,11,5
"COG0714",84,86,88,87,105,97,103,104,85,85,110,85,65,106,98,99,76,106,113,84
"COG0715",52,42,39,50,44,50,42,41,36,42,26,49,45,33,50,64,45,53,52,44
"COG0716",68,76,63,68,87,76,63,77,70,54,108,42,73,59,49,81,69,62,51,50
"COG0717",0,2,0,3,0,1,2,5,4,0,9,0,0,0,11,3,3,0,3,1
"COG0718",10,6,6,5,7,4,4,5,3,7,7,5,7,10,29,15,5,13,10,5
"COG0719",100,103,92,115,91,72,96,101,129,114,105,107,91,120,54,98,67,58,116,87
"COG0720",16,11,26,13,23,17,14,17,9,13,8,2,6,22,8,14,25,8,12,5
"COG0721",11,4,15,6,11,6,6,9,2,10,8,5,2,5,12,7,8,3,7,1
"COG0722",16,16,25,19,19,60,23,12,20,12,17,12,8,14,56,23,21,14,10,5
"COG0723",0,0,0,1,1,2,12,1,3,9,0,0,2,1,1,14,3,2,1,2
"COG0724",13,11,27,9,20,6,4,22,10,3,11,2,16,13,2,5,27,10,18,33
"COG0725",18,7,8,6,12,12,8,7,3,6,13,5,17,8,12,9,11,19,8,1
"COG0726",100,134,98,100,123,113,131,118,81,118,73,71,109,115,69,140,103,97,94,111
"COG0727",4,3,0,1,1,6,2,2,0,1,6,2,1,3,7,8,2,10,3,2
"COG0728",7,2,1,2,4,16,7,7,7,2,16,3,4,5,34,15,5,3,6,2
"COG0729",0,0,0,3,8,25,0,5,7,1,4,1,19,12,1,2,0,0,1,0
"COG0730",11,14,11,15,12,19,18,8,9,12,14,2,13,10,17,16,13,28,8,7
"COG0731",8,28,29,28,18,8,23,33,18,19,25,29,22,24,1,7,25,13,30,29
"COG0732",90,74,115,79,57,51,153,80,64,81,87,338,99,94,122,87,110,84,75,81
"COG0733",142,86,115,148,138,101,114,108,94,109,89,170,103,122,124,104,102,114,144,68
"COG0735",47,41,38,50,46,48,50,49,37,58,58,71,40,47,46,30,45,35,49,34
"COG0736",6,11,6,6,3,7,9,3,3,8,2,2,7,4,19,8,4,8,5,4
"COG0737",68,118,124,69,75,101,69,87,137,86,89,156,88,110,106,70,87,87,110,101
"COG0738",83,129,149,156,126,89,121,148,165,115,170,188,161,137,27,54,155,85,148,218
"COG0739",180,309,199,205,205,117,266,235,211,232,244,74,214,205,98,199,229,203,190,236
"COG0740",87,31,76,68,55,43,80,50,61,64,49,46,50,67,52,126,60,61,69,28
"COG0741",51,68,44,65,79,99,49,56,76,58,68,55,80,56,114,37,43,43,53,45
"COG0742",35,26,25,27,27,16,40,32,31,36,28,40,30,34,33,30,22,29,33,30
"COG0743",56,55,48,53,72,50,44,51,57,36,54,83,59,48,47,63,40,58,51,40
"COG0744",79,69,77,76,90,91,119,48,82,97,88,56,52,71,79,121,59,62,77,34
"COG0745",751,721,946,676,855,552,651,705,704,792,712,495,610,754,594,608,847,615,609,780
"COG0746",1,1,2,5,3,12,0,1,1,2,4,3,6,6,1,3,3,1,0,4
"COG0747",67,56,56,67,49,132,54,65,68,62,98,14,79,62,177,165,45,53,33,40
"COG0749",133,99,123,132,115,84,127,119,117,133,95,150,107,93,165,154,70,93,144,200
"COG0750",82,62,67,70,70,62,83,50,69,73,63,85,66,76,66,98,58,82,75,25
"COG0751",2,0,4,5,7,16,1,5,17,7,6,5,15,4,18,12,1,8,3,4
"COG0752",1,5,3,1,6,7,1,0,5,5,4,4,11,0,5,5,0,4,2,3
"COG0753",15,2,16,8,13,10,14,13,32,10,26,0,9,5,2,6,9,3,15,30
"COG0754",1,4,2,2,3,33,17,0,8,3,3,1,2,1,4,2,1,1,1,6
"COG0755",46,56,36,43,51,24,40,50,77,53,62,44,62,47,4,16,51,36,57,61
"COG0756",31,23,27,42,32,23,30,35,21,49,24,47,24,24,34,29,21,28,63,14
"COG0757",19,16,23,16,12,13,23,19,22,19,19,46,21,15,14,16,26,14,34,19
"COG0758",22,20,26,31,22,12,14,13,18,20,47,73,52,49,41,39,70,47,71,39
"COG0759",13,16,20,11,14,9,13,17,7,7,14,10,12,12,21,8,10,18,2,3
"COG0760",70,82,57,49,51,51,52,71,92,73,90,95,82,70,32,54,64,33,71,57
"COG0761",61,52,67,59,53,37,50,48,51,58,53,56,41,67,23,95,41,60,54,38
"COG0762",0,0,0,0,3,6,0,1,0,1,3,1,3,1,1,1,0,0,0,0
"COG0763",26,19,32,30,21,21,27,30,33,31,41,51,39,23,3,17,21,11,40,27
"COG0764",43,44,37,45,40,32,56,50,52,46,18,13,20,19,9,6,9,11,22,14
"COG0765",86,62,77,88,84,89,87,60,63,95,75,66,67,70,189,122,55,77,68,19
"COG0766",95,68,84,75,83,61,100,82,65,95,61,76,68,82,92,107,74,89,74,38
"COG0767",22,18,22,19,34,22,26,25,36,24,35,37,29,27,4,6,21,15,28,32
"COG0768",258,229,241,217,228,224,252,212,193,308,211,343,233,259,285,291,207,275,265,146
"COG0769",101,79,93,94,90,84,112,73,93,63,76,83,93,60,98,111,65,76,96,49
"COG0770",105,119,104,111,113,70,99,137,148,88,121,167,128,106,69,77,97,98,141,89
"COG0771",28,22,24,28,15,22,22,18,22,27,65,48,67,84,66,56,48,74,54,42
"COG0772",145,146,148,146,127,127,185,152,130,176,47,57,29,45,51,59,40,35,53,27
"COG0773",16,20,21,37,26,19,20,21,25,17,64,88,66,90,77,54,65,78,79,54
"COG0774",28,29,31,29,22,23,33,35,63,25,39,50,58,22,7,15,25,16,43,35
"COG0775",42,67,77,46,49,51,49,67,39,54,60,44,54,45,50,30,52,48,56,49
"COG0776",62,41,42,62,41,41,50,53,52,44,60,88,50,37,20,34,62,45,44,60
"COG0777",29,14,26,26,28,30,31,16,10,34,14,10,12,17,34,23,15,22,18,5
"COG0778",116,123,120,119,98,77,130,135,143,126,159,158,112,107,108,120,122,86,141,150
"COG0779",16,9,13,17,12,19,22,12,13,12,10,9,11,10,22,32,8,7,13,8
"COG0780",20,22,13,23,27,15,16,25,22,12,18,24,25,15,7,17,19,15,19,25
"COG0781",40,27,34,28,19,25,41,21,37,25,24,32,29,32,31,39,30,24,34,20
"COG0782",54,38,42,49,30,52,48,45,29,45,48,46,30,31,69,26,38,31,46,24
"COG0783",9,19,20,6,9,8,11,19,16,4,5,2,8,9,10,8,19,5,7,14
"COG0784",292,265,243,294,356,346,217,202,200,244,138,90,271,269,330,200,310,387,150,248
"COG0785",0,0,5,1,0,0,2,1,1,0,0,0,4,0,0,5,0,4,0,4
"COG0786",18,15,18,21,28,37,21,24,15,21,10,7,9,24,20,31,31,21,19,12
"COG0787",71,80,86,81,71,71,83,80,97,56,100,126,83,63,76,84,58,86,120,78
"COG0788",3,4,13,5,10,6,0,17,12,2,4,2,10,6,1,2,11,9,8,12
"COG0789",57,49,62,75,62,68,59,48,53,57,67,54,59,48,96,52,53,54,48,49
"COG0790",27,29,26,26,37,43,51,19,33,41,47,31,14,44,21,52,27,7,23,44
"COG0791",161,61,83,95,97,111,85,105,72,87,84,32,65,91,168,150,93,160,63,40
"COG0792",21,25,22,23,18,15,16,16,27,15,6,8,8,4,2,6,7,5,14,6
"COG0793",246,302,248,201,245,137,217,272,321,229,267,308,293,300,84,124,243,184,243,376
"COG0794",22,21,17,22,13,28,23,29,29,21,36,50,25,32,7,11,25,17,33,23
"COG0795",50,38,55,57,43,60,34,57,84,21,31,146,95,38,9,9,52,28,81,63
"COG0796",42,43,35,38,36,37,43,41,48,52,37,68,44,44,48,36,33,42,37,29
"COG0797",1,1,0,9,3,14,2,3,3,0,3,36,4,4,2,3,1,1,17,0
"COG0798",0,1,1,1,0,0,1,1,1,1,8,44,2,2,15,4,2,5,7,1
"COG0799",24,27,24,23,21,14,28,17,20,19,29,29,15,16,16,30,23,26,29,21
"COG0800",28,38,30,31,22,32,22,22,25,28,30,16,19,35,30,33,29,33,28,27
"COG0801",25,21,14,20,15,11,17,27,27,26,26,21,21,21,22,12,19,13,24,9
"COG0802",23,18,29,33,22,18,31,17,16,29,33,23,30,24,31,33,23,22,27,17
"COG0803",30,50,24,26,40,56,45,37,47,35,58,18,29,30,71,21,22,24,28,12
"COG0804",14,2,5,1,13,0,5,4,1,2,8,1,0,5,8,10,2,10,4,3
"COG0805",16,17,14,15,19,18,20,29,36,14,21,3,20,20,11,12,34,9,17,23
"COG0806",22,11,15,27,15,21,34,11,22,16,21,43,17,21,26,27,15,27,25,10
"COG0807",31,27,53,60,41,29,39,52,39,26,55,57,42,40,23,31,45,30,42,41
"COG0809",77,65,75,61,66,48,71,84,87,83,80,121,114,74,28,59,93,60,108,74
"COG0810",0,2,0,0,1,4,1,2,1,0,1,1,5,0,0,1,0,0,1,0
"COG0811",20,57,37,42,37,30,26,63,51,38,65,62,42,36,4,22,48,46,66,50
"COG0812",47,56,43,55,28,33,48,46,43,33,36,54,39,59,42,45,34,42,57,24
"COG0813",15,12,12,20,17,19,21,7,7,12,3,3,5,17,11,29,15,18,10,7
"COG0814",3,7,2,6,10,110,4,14,11,1,13,9,7,1,16,4,4,2,5,5
"COG0815",4,2,2,3,6,14,9,3,10,4,3,1,4,10,3,5,5,7,9,3
"COG0816",23,22,30,16,18,16,30,30,27,33,19,30,15,16,31,27,28,16,30,26
"COG0817",19,13,26,8,15,13,23,17,31,16,25,12,18,21,12,33,15,26,31,19
"COG0818",5,13,9,3,10,9,14,14,6,12,10,5,9,9,5,11,12,5,7,9
"COG0819",8,0,8,4,4,9,1,2,5,3,5,0,2,10,8,9,8,3,6,1
"COG0820",86,43,45,51,50,51,59,65,60,50,19,26,24,18,19,36,17,11,24,12
"COG0821",65,98,65,51,70,55,35,67,83,61,47,56,59,54,35,59,59,49,75,46
"COG0822",52,52,51,45,43,36,48,32,39,52,32,46,33,53,34,69,40,36,38,24
"COG0823",32,43,21,20,37,28,26,39,22,22,8,7,22,28,21,15,37,30,23,27
"COG0824",18,20,19,22,28,22,26,17,15,17,27,18,24,23,8,21,30,19,22,38
"COG0825",30,24,24,32,25,31,22,17,12,31,15,8,9,28,50,30,23,32,18,6
"COG0826",144,143,108,127,124,124,150,150,149,118,113,142,133,122,140,148,113,143,124,77
"COG0827",244,348,156,190,168,172,165,141,120,173,209,142,177,195,146,262,163,325,144,123
"COG0828",8,4,2,9,2,7,8,5,4,7,2,6,3,2,5,10,2,12,3,0
"COG0829",6,0,2,1,5,1,3,1,2,0,1,0,0,3,6,1,1,2,3,0
"COG0830",8,0,0,1,1,1,1,2,0,0,2,2,2,2,5,5,1,2,1,0
"COG0831",2,0,2,0,6,2,1,0,0,0,0,0,0,0,4,3,0,1,4,0
"COG0832",6,1,2,0,1,0,1,0,1,1,0,0,1,0,1,5,0,0,0,0
"COG0833",0,1,2,11,1,3,2,0,4,0,6,0,14,1,8,0,1,0,3,2
"COG0834",129,96,110,114,130,153,82,91,102,95,103,101,98,123,251,159,90,122,104,46
"COG0835",30,17,22,26,21,21,18,3,2,31,4,5,8,24,16,2,19,4,8,4
"COG0836",63,57,64,67,70,60,61,41,48,81,58,138,69,43,21,29,49,60,86,98
"COG0837",0,0,0,0,0,15,0,1,0,1,0,0,0,0,0,0,1,0,1,1
"COG0838",5,6,11,9,16,10,11,17,9,9,14,24,16,11,0,1,11,4,20,9
"COG0839",12,24,11,13,13,8,11,15,31,9,19,33,28,18,3,7,20,17,26,23
"COG0840",275,203,213,229,164,248,107,52,22,392,60,97,94,244,66,46,218,28,98,8
"COG0841",441,627,487,355,546,402,335,782,722,354,639,205,702,669,110,251,529,479,441,638
"COG0842",121,120,144,105,158,93,97,183,179,102,148,113,162,142,35,64,112,101,152,183
"COG0843",0,0,0,0,0,9,0,6,1,0,0,0,0,0,3,0,0,0,0,0
"COG0845",301,502,365,295,410,263,324,567,504,326,492,246,493,450,83,204,422,321,384,599
"COG0846",73,44,49,39,48,37,47,36,32,73,13,15,16,10,41,11,12,34,24,6
"COG0847",29,35,34,38,31,40,19,42,33,22,38,96,53,34,22,24,30,37,38,40
"COG0848",2,0,3,8,2,15,1,5,7,2,4,1,17,5,1,2,0,2,1,2
"COG0849",33,31,35,39,46,32,39,28,31,61,34,91,33,33,11,16,30,16,64,17
"COG0850",10,4,16,3,8,12,13,2,3,11,1,4,4,5,8,1,10,3,5,4
"COG0851",2,1,0,9,3,7,3,1,1,5,0,2,3,2,2,2,7,3,4,1
"COG0852",22,28,44,27,22,22,38,50,50,32,45,35,44,40,4,17,25,23,34,24
"COG0853",15,13,12,15,13,12,8,9,17,7,23,18,11,19,9,9,20,6,16,5
"COG0854",4,3,7,2,2,5,5,5,7,4,20,4,13,16,2,8,12,16,17,26
"COG0855",85,77,94,69,119,70,102,104,79,85,83,50,68,102,75,53,85,106,73,65
"COG0857",0,0,0,0,0,19,0,3,3,0,7,0,1,0,19,2,1,1,0,1
"COG0858",28,24,21,26,30,23,32,12,18,21,38,44,16,18,24,24,25,27,30,14
"COG0859",20,39,20,39,33,50,24,19,37,21,42,65,61,23,7,17,35,25,43,57
"COG0860",102,65,61,76,75,108,89,63,55,107,69,55,81,80,96,97,52,60,52,51
"COG0861",0,3,2,11,1,47,4,4,9,1,7,22,20,3,18,7,1,1,4,3
"COG0863",75,48,38,60,36,60,78,73,74,62,49,23,20,38,14,128,78,62,84,32
"COG0864",1,0,2,1,1,7,0,2,1,1,3,0,0,0,3,1,3,3,0,1
"COG1001",21,14,18,17,22,44,18,11,20,6,25,10,29,27,22,44,18,28,15,7
"COG1002",74,78,61,97,83,27,63,23,49,43,79,151,47,36,105,36,104,107,28,64
"COG1003",30,46,39,38,41,24,25,67,51,16,46,18,65,49,7,27,50,32,44,68
"COG1004",83,69,69,78,65,44,65,72,81,51,39,49,18,25,24,18,32,17,31,42
"COG1005",21,25,22,26,26,8,24,21,29,16,33,37,32,25,4,8,18,12,40,31
"COG1006",2,1,2,1,1,0,1,2,4,0,0,0,2,0,0,2,1,2,0,1
"COG1007",31,26,33,25,25,24,27,40,36,31,39,38,47,45,10,8,23,17,40,48
"COG1008",41,37,31,22,24,22,31,51,45,29,44,52,54,44,6,15,31,16,51,32
"COG1009",30,29,33,34,13,35,24,51,44,27,37,85,40,37,1,25,28,15,72,23
"COG1010",24,10,27,16,12,8,9,27,12,6,11,3,17,18,22,18,22,31,11,14
"COG1011",55,94,75,70,59,92,82,72,80,83,93,114,39,88,97,64,74,71,109,89
"COG1012",64,103,45,60,80,193,62,56,65,53,60,33,56,84,137,103,81,63,47,86
"COG1013",161,177,193,139,130,112,169,158,212,114,174,161,193,173,90,185,141,121,183,108
"COG1014",209,227,200,188,198,121,184,211,256,197,234,211,231,242,84,209,166,176,248,180
"COG1015",26,33,28,16,31,52,19,14,17,17,9,11,22,19,42,19,19,27,12,3
"COG1017",0,1,0,1,0,14,0,0,0,2,1,0,0,1,5,1,1,1,0,0
"COG1018",0,0,0,1,0,32,0,0,5,3,1,0,9,2,3,2,3,5,0,0
"COG1020",53,21,38,42,46,101,52,42,38,36,34,16,27,41,53,34,51,30,28,50
"COG1021",0,0,0,1,0,7,0,0,1,0,8,0,0,0,3,1,0,0,0,3
"COG1022",36,56,49,50,57,11,52,62,68,59,178,207,141,154,108,69,159,119,171,179
"COG1023",0,0,0,0,0,0,1,0,0,0,2,0,0,0,2,0,0,0,0,0
"COG1024",17,8,16,16,15,81,18,14,16,15,17,14,19,20,16,14,17,30,12,9
"COG1025",0,0,0,0,1,25,0,1,1,0,0,0,0,1,8,0,1,2,0,2
"COG1026",56,40,52,44,39,54,49,37,13,50,24,27,41,53,71,56,50,72,35,11
"COG1027",10,25,18,20,22,20,18,26,51,11,37,20,25,24,31,21,16,24,11,26
"COG1028",215,246,286,235,286,285,204,232,242,205,241,223,192,213,164,234,217,251,234,247
"COG1030",7,2,1,5,8,0,2,3,9,2,4,0,6,1,1,6,1,4,8,2
"COG1032",158,157,162,135,136,101,126,127,141,151,123,66,124,148,129,172,109,164,104,103
"COG1033",78,33,47,74,59,48,57,40,27,62,34,22,19,49,70,105,53,69,56,45
"COG1034",28,26,31,23,20,32,19,24,25,21,31,6,18,33,45,52,14,24,24,20
"COG1035",23,32,31,67,15,16,26,32,41,24,32,29,22,37,27,32,47,22,35,49
"COG1038",13,27,11,14,15,7,17,19,24,14,34,9,28,21,17,9,19,26,13,19
"COG1039",0,0,0,0,0,3,8,2,3,0,1,1,4,1,0,2,0,6,4,0
"COG1040",24,33,23,43,32,19,43,43,40,45,43,67,35,31,46,37,38,36,39,30
"COG1041",1,1,6,7,3,8,4,0,1,1,2,4,1,4,1,5,3,0,4,0
"COG1042",16,21,30,16,25,27,6,48,30,16,18,0,22,20,11,12,22,36,16,57
"COG1043",40,41,32,32,34,23,28,43,52,36,58,52,68,38,2,11,34,26,44,66
"COG1044",20,27,31,29,30,19,31,35,29,20,36,38,45,41,6,13,19,19,38,34
"COG1045",38,44,41,41,39,36,47,66,45,37,85,43,34,43,43,46,45,42,58,36
"COG1047",16,16,19,11,7,21,12,16,14,12,11,19,11,23,13,5,11,7,19,17
"COG1048",79,82,93,69,80,103,96,73,96,86,69,88,83,74,96,88,75,94,85,56
"COG1049",0,0,0,0,0,8,0,0,0,0,1,1,0,0,2,1,0,0,0,1
"COG1051",24,32,43,25,34,12,52,40,45,46,34,22,25,23,33,33,42,22,35,72
"COG1052",59,78,85,74,73,78,49,95,73,68,57,59,77,86,60,85,65,64,66,53
"COG1053",112,73,117,96,127,118,95,113,135,205,125,164,199,157,122,111,149,186,136,64
"COG1054",0,0,0,0,0,14,0,3,0,0,1,0,4,0,3,2,0,0,0,0
"COG1055",19,11,9,18,6,12,7,4,13,16,28,103,65,32,22,31,21,16,56,8
"COG1056",0,2,0,10,4,11,0,0,6,4,2,0,0,3,5,6,3,0,1,1
"COG1057",35,20,27,26,31,25,35,30,34,32,30,19,29,20,27,37,37,23,26,23
"COG1058",20,11,7,18,10,21,20,14,17,11,21,6,15,18,11,20,22,36,11,35
"COG1059",0,0,0,0,0,0,0,0,0,0,0,0,0,0,0,0,0,0,0,0
"COG1060",62,65,50,65,64,52,58,73,76,64,71,47,74,78,27,42,66,45,101,75
"COG1061",82,74,54,126,103,75,102,109,54,124,83,232,114,112,97,58,89,105,86,231
"COG1062",0,1,1,0,0,7,0,1,0,0,0,1,1,0,6,0,1,0,0,1
"COG1063",70,88,78,57,74,120,96,72,68,72,89,55,93,68,141,115,77,84,73,72
"COG1064",0,2,2,0,0,22,0,0,0,1,0,0,4,1,2,7,0,2,0,7
"COG1066",71,56,58,49,48,46,63,66,52,65,55,59,71,51,67,58,53,48,49,39
"COG1067",6,6,3,19,2,23,24,0,7,14,5,3,11,0,28,8,4,8,10,4
"COG1069",10,6,18,8,3,23,5,15,2,6,1,0,8,14,6,3,21,8,16,8
"COG1070",119,164,142,156,133,141,153,125,129,145,151,135,174,136,177,142,130,126,149,143
"COG1071",10,19,12,13,24,6,5,10,21,3,6,1,12,16,3,20,22,7,4,35
"COG1072",0,0,0,0,1,6,2,0,1,0,1,0,0,0,12,1,0,1,0,0
"COG1073",85,114,107,108,146,104,81,122,115,103,107,74,111,110,68,137,128,126,97,132
"COG1074",113,94,110,131,95,90,125,70,108,101,67,98,123,101,106,125,74,117,102,37
"COG1075",8,3,4,11,15,3,13,2,5,12,3,2,3,21,4,33,1,19,3,1
"COG1076",4,13,8,5,6,9,6,25,14,18,25,29,22,10,1,2,12,8,24,9
"COG1077",88,78,77,88,57,45,63,67,63,84,73,69,79,62,64,90,70,67,99,40
"COG1078",2,6,7,3,10,4,2,2,1,3,9,1,21,25,15,10,17,8,5,36
"COG1079",30,33,25,20,19,17,25,22,28,33,27,10,17,17,24,78,24,37,13,7
"COG1080",85,47,58,50,60,93,68,35,41,62,30,28,22,62,105,57,38,78,44,13
"COG1082",54,50,52,67,52,65,41,80,47,31,45,8,53,44,102,84,67,69,55,76
"COG1083",28,16,19,9,14,10,7,31,12,15,21,78,4,15,2,15,16,18,13,35
"COG1085",1,1,1,4,1,5,1,0,4,0,8,2,3,1,28,9,1,7,3,2
"COG1086",86,80,96,74,75,41,59,110,99,53,83,158,77,81,63,84,102,82,74,160
"COG1087",42,64,68,62,52,45,69,52,50,46,63,75,37,57,55,60,41,51,59,35
"COG1088",57,84,63,42,62,43,66,51,59,63,69,52,95,54,52,44,56,53,81,78
"COG1089",34,39,52,32,58,10,20,19,52,32,10,15,10,8,1,4,18,16,12,17
"COG1090",2,4,1,5,7,16,2,6,12,3,3,1,5,2,1,5,7,1,1,24
"COG1091",66,37,45,31,41,34,49,46,47,50,12,21,20,11,19,6,26,12,22,11
"COG1092",61,66,84,62,58,80,72,47,55,86,58,55,57,56,54,73,69,59,73,32
"COG1098",5,5,2,8,6,6,14,1,2,3,1,3,1,4,6,15,2,12,6,1
"COG1099",0,0,0,0,0,0,0,0,0,0,0,0,0,1,0,1,0,0,3,0
"COG1101",33,50,36,24,19,24,15,15,12,29,15,14,21,26,22,45,24,39,14,8
"COG1102",0,0,0,4,0,0,2,0,0,1,0,0,0,0,0,1,1,0,0,0
"COG1104",77,63,69,52,58,62,71,45,42,71,36,32,42,69,80,103,41,80,44,11
"COG1105",23,17,27,33,22,49,30,15,12,28,17,13,12,21,33,30,23,43,19,15
"COG1106",55,13,58,98,69,38,84,79,40,66,50,47,35,59,30,15,68,40,96,71
"COG1108",9,14,6,7,14,11,5,11,12,5,37,33,32,25,57,29,35,24,40,23
"COG1109",193,152,159,176,128,127,183,174,153,200,145,181,142,153,198,201,161,187,212,121
"COG1112",98,161,132,135,134,66,118,135,187,96,129,121,154,178,74,61,174,75,151,268
"COG1113",0,0,0,9,0,32,3,3,3,0,13,1,15,0,88,4,4,2,3,7
"COG1114",7,16,12,21,8,22,17,13,25,4,3,4,9,4,8,8,6,8,1,3
"COG1115",97,110,102,84,88,109,115,106,85,115,106,96,66,89,143,118,107,136,107,57
"COG1116",21,20,26,28,25,33,33,16,16,35,24,7,23,19,34,42,13,30,19,15
"COG1117",31,34,46,31,23,32,39,38,28,38,11,4,11,15,19,32,9,17,7,8
"COG1118",22,5,11,29,14,32,30,5,10,18,16,12,8,16,32,8,16,25,13,2
"COG1119",6,19,18,19,9,13,17,21,25,23,13,15,7,6,2,5,5,1,10,9
"COG1120",47,64,53,69,53,67,49,81,92,71,74,47,67,50,46,89,52,69,50,69
"COG1121",27,30,35,24,24,31,35,40,37,28,43,33,30,51,51,24,28,26,29,23
"COG1122",102,99,83,109,83,70,112,52,58,101,135,35,66,80,179,170,66,111,52,30
"COG1123",1,2,1,3,1,11,3,3,3,5,29,5,16,11,62,21,10,8,8,3
"COG1124",2,4,5,3,1,18,3,1,2,2,1,0,5,3,8,3,1,6,1,2
"COG1125",1,4,3,9,2,14,3,3,3,0,3,0,5,1,8,4,2,5,2,4
"COG1126",80,63,59,69,62,100,69,48,54,65,15,10,11,23,42,45,12,28,18,5
"COG1127",25,21,21,19,29,15,13,36,24,27,12,10,11,6,4,2,8,5,11,15
"COG1129",104,74,56,68,65,225,57,55,35,80,48,31,85,72,131,137,61,93,41,41
"COG1131",263,222,224,308,303,265,306,211,142,294,184,121,132,246,336,269,231,217,217,174
"COG1132",679,612,605,551,607,573,713,469,357,665,652,385,340,532,992,1053,568,723,449,280
"COG1133",0,0,0,0,0,5,0,0,0,0,1,0,0,0,1,1,0,0,1,0
"COG1134",41,43,43,38,44,40,41,27,13,47,18,8,16,45,43,24,51,32,14,17
"COG1135",24,14,17,24,12,22,19,22,12,19,14,6,22,39,37,49,20,36,17,6
"COG1136",298,231,260,273,285,210,318,243,233,293,228,195,226,243,344,313,252,261,199,215
"COG1137",22,16,21,32,15,13,20,25,23,20,38,36,24,19,4,9,30,15,25,33
"COG1138",1,1,1,2,4,36,0,5,5,4,1,1,8,2,1,1,1,1,0,0
"COG1139",8,18,6,25,6,20,24,13,20,19,32,28,57,31,5,5,24,11,18,28
"COG1140",0,1,0,0,1,26,0,1,0,4,2,1,4,2,5,0,1,0,0,1
"COG1141",1,1,2,1,3,1,2,1,0,1,1,0,0,0,0,0,0,1,1,0
"COG1142",4,6,4,6,4,60,1,6,9,4,6,1,3,3,9,10,2,6,1,5
"COG1143",10,10,14,13,7,22,16,16,17,9,23,5,7,14,4,10,11,3,16,10
"COG1144",2,3,2,5,5,0,9,1,2,2,1,3,5,5,0,3,3,3,0,0
"COG1145",116,154,149,103,80,93,113,102,104,100,91,30,104,111,123,239,87,100,67,114
"COG1146",11,11,9,12,16,13,12,13,8,8,16,15,7,11,10,7,7,7,14,17
"COG1148",6,5,13,13,4,7,8,14,14,11,6,1,11,7,9,41,13,4,6,2
"COG1149",0,0,0,0,0,0,0,2,0,0,4,0,0,2,0,1,0,0,1,0
"COG1150",2,1,4,1,2,1,2,2,5,2,5,0,2,3,4,1,4,2,1,0
"COG1151",67,45,57,68,64,66,51,62,62,49,73,59,66,67,107,72,67,59,32,55
"COG1152",2,4,1,1,0,9,4,3,5,2,3,0,1,1,8,41,5,3,2,2
"COG1154",102,129,119,82,105,70,92,104,118,103,91,118,115,96,79,116,92,72,108,79
"COG1155",63,54,42,37,43,27,60,79,47,38,59,8,38,62,53,66,39,54,39,42
"COG1156",49,43,54,27,29,19,45,61,41,34,52,11,36,48,29,59,32,44,35,43
"COG1157",21,6,15,7,16,18,9,2,3,15,6,1,16,10,8,1,14,6,9,3
"COG1158",48,26,46,39,36,45,47,26,54,45,38,31,39,49,55,22,25,37,26,19
"COG1159",44,51,35,39,46,37,41,33,45,47,52,79,32,32,50,35,31,35,44,27
"COG1160",67,71,84,75,83,68,112,81,84,91,84,100,69,98,85,79,89,65,106,82
"COG1161",30,14,21,17,13,16,34,16,8,28,16,12,13,24,57,33,25,29,16,7
"COG1162",39,37,36,52,42,46,62,29,41,44,7,17,18,17,13,18,6,15,15,23
"COG1164",43,31,36,28,31,36,44,31,26,59,39,12,8,44,85,144,34,50,28,10
"COG1165",30,14,20,41,24,23,29,67,48,56,33,76,62,19,13,9,34,14,45,45
"COG1166",29,43,41,33,33,26,34,53,53,41,18,26,14,14,1,6,5,3,17,17
"COG1167",31,25,27,27,27,26,26,15,16,23,63,26,51,86,131,106,48,83,46,58
"COG1168",60,64,68,56,63,64,51,71,71,71,77,96,113,72,75,39,83,70,71,91
"COG1169",14,21,11,19,13,32,12,15,30,15,16,39,26,21,3,6,8,13,25,16
"COG1171",46,49,41,42,41,71,32,34,39,51,24,34,34,40,40,31,30,53,48,23
"COG1172",19,4,8,12,14,36,8,6,7,6,22,20,55,40,77,76,38,44,18,37
"COG1173",66,52,57,47,46,102,67,53,45,47,74,21,54,53,119,125,65,77,33,28
"COG1174",3,3,3,9,1,14,6,11,9,1,1,0,11,1,3,0,3,6,1,4
"COG1175",248,118,162,220,136,219,200,112,101,212,168,93,104,151,348,232,162,166,88,76
"COG1176",48,32,28,48,43,44,24,33,36,36,43,7,17,34,28,51,40,28,36,25
"COG1177",33,26,37,43,23,61,23,64,45,36,36,20,33,42,51,56,32,35,31,31
"COG1178",23,16,15,17,14,21,19,16,30,21,10,11,38,16,18,44,15,21,7,20
"COG1179",29,35,29,40,25,28,33,30,39,36,33,27,37,34,29,31,26,38,43,18
"COG1180",35,33,42,59,53,60,60,39,47,38,39,70,53,40,45,43,36,45,40,59
"COG1181",57,44,55,55,41,50,71,50,63,55,52,61,51,50,66,55,32,44,59,70
"COG1182",1,0,4,0,2,5,0,0,1,0,0,0,1,4,4,3,5,2,6,1
"COG1183",12,29,24,19,13,5,28,27,16,21,24,40,40,32,16,19,23,21,29,27
"COG1184",0,0,0,3,0,0,0,0,0,0,1,0,0,3,0,0,0,2,0,1
"COG1185",113,93,70,78,77,68,126,98,91,105,92,100,104,130,75,105,91,94,105,70
"COG1186",71,50,46,57,55,55,53,49,63,47,72,58,66,64,62,57,53,72,54,39
"COG1187",70,44,43,41,49,45,73,45,65,75,52,34,48,59,88,78,24,47,40,22
"COG1188",12,24,9,13,20,12,22,19,13,23,16,17,16,21,17,12,23,8,13,24
"COG1189",18,17,15,20,21,19,30,12,12,18,14,11,9,18,38,43,13,35,14,6
"COG1190",65,83,55,80,55,90,76,64,84,89,91,83,83,91,75,79,88,78,85,62
"COG1191",91,65,79,91,81,86,95,51,33,86,40,35,32,90,86,105,62,131,38,11
"COG1192",143,152,142,148,157,127,144,135,119,120,126,161,78,150,197,188,152,202,156,179
"COG1193",96,80,105,88,98,56,111,73,100,75,66,110,87,97,86,115,68,106,86,47
"COG1194",28,33,36,31,33,22,20,42,41,37,40,30,27,49,28,24,39,29,29,29
"COG1195",46,59,50,75,39,64,48,49,56,70,57,77,65,41,81,64,60,57,81,53
"COG1196",72,54,73,89,60,62,97,55,56,85,32,28,40,73,145,131,55,109,44,18
"COG1197",118,124,125,128,125,96,162,106,160,115,94,160,122,131,170,169,99,148,155,78
"COG1198",107,81,95,101,88,80,120,80,119,105,98,113,83,99,89,94,77,76,97,67
"COG1199",62,24,44,40,38,70,43,32,23,45,25,21,27,40,74,52,48,58,29,14
"COG1200",80,86,89,102,71,73,81,78,86,56,66,101,71,85,84,101,53,83,99,51
"COG1201",3,1,0,1,2,16,5,0,2,0,15,1,6,3,47,14,1,4,0,3
"COG1203",62,47,30,48,57,36,40,40,24,40,42,24,23,44,73,60,44,67,21,28
"COG1204",14,12,2,28,17,28,27,10,16,15,24,6,1,33,1,38,23,5,18,71
"COG1205",10,1,9,35,1,10,52,1,9,23,37,10,9,12,39,13,6,4,5,13
"COG1206",13,16,14,19,11,5,18,7,15,11,12,9,9,12,14,40,8,21,19,0
"COG1207",17,21,17,17,26,22,28,12,9,16,17,10,12,20,32,24,11,24,10,9
"COG1208",65,54,58,45,71,35,57,64,41,56,66,113,71,50,9,28,60,68,45,123
"COG1209",19,7,11,14,13,17,15,12,19,21,39,54,48,46,25,43,42,50,53,69
"COG1210",7,14,12,12,5,18,9,4,11,7,11,65,6,11,37,20,5,16,20,8
"COG1211",54,45,56,54,39,28,52,49,59,52,58,68,33,39,40,53,46,42,79,44
"COG1212",3,8,3,9,6,3,6,9,11,5,28,32,20,22,3,17,15,17,17,23
"COG1213",7,3,1,1,7,0,2,2,5,9,3,1,3,5,0,4,19,15,4,4
"COG1214",37,23,41,32,39,28,36,40,32,36,39,45,44,46,55,48,53,32,45,22
"COG1215",29,66,65,66,62,60,40,71,67,51,62,32,91,67,60,50,44,39,52,75
"COG1216",86,97,111,147,107,68,69,81,95,92,96,196,123,77,65,71,111,115,95,128
"COG1217",32,28,30,15,30,24,26,27,28,40,74,103,85,84,64,93,82,61,86,71
"COG1218",8,16,13,8,19,9,8,21,13,19,20,6,12,16,3,8,17,7,14,23
"COG1219",58,54,103,99,94,76,68,57,57,88,68,77,66,74,75,59,72,66,76,45
"COG1220",1,0,0,5,0,24,3,2,1,3,4,0,8,10,2,12,0,0,2,2
"COG1221",1,4,4,12,1,12,10,1,1,1,4,1,16,4,41,5,4,9,8,12
"COG1225",18,17,16,12,27,12,14,23,11,22,22,43,16,9,17,11,13,19,20,19
"COG1226",15,35,16,17,14,54,27,18,22,28,4,0,4,2,16,3,4,7,14,11
"COG1227",38,25,31,41,42,46,34,19,19,45,25,18,19,30,55,38,27,50,24,11
"COG1228",56,57,39,35,54,23,26,52,37,58,28,11,46,52,24,54,51,44,30,28
"COG1230",2,4,2,6,8,11,17,5,5,13,19,0,10,4,27,1,5,5,6,15
"COG1232",13,7,10,9,11,7,12,7,11,9,13,3,5,11,24,16,19,1,7,30
"COG1233",5,10,2,7,13,5,1,5,13,8,4,5,12,20,3,5,9,9,5,26
"COG1234",42,28,33,51,24,48,46,32,35,36,41,66,40,48,51,21,36,42,30,29
"COG1235",65,63,64,67,54,45,108,64,59,59,56,84,54,49,28,26,56,46,82,51
"COG1236",30,37,24,29,25,37,55,14,19,31,19,9,15,23,32,36,26,30,32,7
"COG1237",5,5,11,15,8,3,6,3,17,6,5,33,5,6,5,9,7,8,1,13
"COG1238",4,28,12,7,10,10,16,17,21,8,13,26,18,16,3,8,19,5,17,11
"COG1239",0,1,3,1,0,2,0,3,0,9,4,4,2,5,3,22,2,2,1,2
"COG1240",2,0,0,0,4,0,1,1,0,4,2,2,3,3,0,21,1,1,0,2
"COG1242",10,15,16,7,2,13,17,13,8,8,32,32,43,31,19,21,20,25,24,29
"COG1243",2,9,3,7,5,1,13,1,6,4,0,2,2,5,4,13,3,4,3,2
"COG1246",0,0,0,1,3,11,1,1,5,1,2,0,1,1,4,3,0,5,7,1
"COG1247",31,17,20,18,21,12,28,15,19,33,22,7,25,20,29,36,19,38,15,13
"COG1249",41,63,75,53,74,92,35,98,80,62,78,20,80,57,29,31,73,47,41,103
"COG1250",15,11,21,16,17,68,16,21,6,19,19,10,10,14,41,15,17,32,15,4
"COG1251",1,0,3,0,1,36,2,3,1,2,3,0,7,2,15,1,0,1,1,2
"COG1252",10,7,18,10,15,9,4,7,22,4,3,26,14,10,13,5,14,0,20,16
"COG1253",152,117,121,110,112,119,122,109,136,121,143,151,127,105,99,130,102,110,126,105
"COG1254",3,3,4,3,1,6,5,0,1,5,1,0,0,5,17,1,4,6,0,0
"COG1256",58,18,31,27,39,33,18,9,7,38,8,9,21,21,13,4,23,6,17,1
"COG1257",0,0,0,0,3,0,0,1,1,0,2,0,5,1,11,0,0,0,0,0
"COG1259",7,9,13,8,8,4,7,22,12,6,13,1,9,12,1,5,11,7,10,14
"COG1260",14,32,21,28,21,9,20,32,24,29,20,73,40,17,7,6,26,9,50,27
"COG1261",0,0,0,0,0,5,0,0,0,0,0,0,0,0,0,0,0,0,0,0
"COG1262",8,9,4,13,15,2,5,15,13,4,33,46,44,34,2,14,50,20,93,47
"COG1263",60,40,79,58,90,188,82,66,39,45,52,31,64,48,258,51,69,200,73,41
"COG1264",72,27,72,47,87,158,94,60,45,51,19,13,8,21,89,20,25,51,21,12
"COG1266",32,44,49,59,43,51,58,23,31,52,49,54,27,52,32,48,44,43,47,44
"COG1267",5,4,12,16,4,8,6,11,6,7,5,23,7,9,1,2,5,6,20,5
"COG1268",23,26,14,21,11,21,21,7,18,19,15,16,11,20,31,26,9,33,9,7
"COG1269",45,31,47,30,43,28,66,67,46,40,57,13,38,73,59,62,40,43,50,49
"COG1270",27,27,27,22,37,27,21,19,15,24,17,6,31,16,28,29,26,24,23,8
"COG1271",25,35,37,27,35,24,16,44,46,23,41,41,47,28,18,13,20,13,36,27
"COG1272",19,21,18,27,21,25,19,23,21,13,20,30,35,23,30,23,25,15,7,24
"COG1273",0,0,0,0,0,0,4,0,0,1,0,0,0,0,0,0,0,1,1,0
"COG1274",9,13,8,6,4,0,7,1,1,5,1,0,0,11,0,33,2,6,5,1
"COG1275",1,1,1,3,4,8,0,0,0,0,2,1,6,0,3,0,1,4,5,2
"COG1276",0,1,0,0,0,5,0,0,0,1,0,0,1,0,2,0,0,0,0,1
"COG1277",21,11,17,23,12,12,22,28,16,17,23,10,5,19,29,20,16,26,26,24
"COG1278",5,2,7,11,5,20,8,2,4,1,3,2,4,4,11,6,9,1,0,5
"COG1279",0,1,3,3,0,0,1,2,1,0,6,0,4,2,1,3,2,5,1,2
"COG1280",3,7,13,2,11,23,2,20,12,6,8,1,8,7,8,8,15,12,8,8
"COG1281",38,23,14,21,38,28,39,13,14,35,11,15,12,16,34,47,18,25,18,2
"COG1282",0,0,0,0,1,8,0,0,3,0,5,0,0,1,11,2,0,0,0,0
"COG1283",111,107,114,110,118,90,99,98,96,120,90,170,93,114,86,124,105,147,122,80
"COG1284",98,87,112,103,100,72,109,118,102,101,102,129,109,101,117,82,121,108,120,118
"COG1285",21,13,13,12,6,21,19,11,19,13,11,18,16,12,18,36,18,8,7,15
"COG1286",1,0,0,2,2,5,3,1,3,1,5,0,1,2,2,1,3,0,0,0
"COG1287",0,0,0,0,0,0,0,2,0,0,0,0,0,0,0,3,0,0,0,0
"COG1288",22,10,14,21,14,42,12,24,14,12,8,2,23,12,38,14,21,14,13,23
"COG1289",0,3,2,0,1,82,5,6,11,5,3,0,3,2,12,3,1,5,1,1
"COG1290",0,0,0,0,0,0,0,0,0,0,0,0,0,0,0,0,0,0,0,0
"COG1291",14,4,11,5,16,19,8,4,3,5,4,6,3,3,7,2,11,2,4,0
"COG1292",8,13,4,12,23,54,2,21,10,9,14,5,17,17,24,21,9,12,3,4
"COG1293",13,6,13,24,13,14,13,11,9,12,18,14,13,44,62,76,28,44,26,15
"COG1294",27,25,30,25,24,38,26,34,30,26,29,40,31,43,14,10,20,12,38,35
"COG1295",16,21,16,10,15,13,9,17,9,11,31,55,51,35,29,27,43,28,32,43
"COG1296",21,23,24,28,26,31,21,17,13,16,6,7,24,26,44,35,14,31,19,4
"COG1297",51,39,35,35,52,32,30,49,49,50,39,78,62,31,28,22,22,33,61,38
"COG1298",29,9,16,14,17,24,16,5,2,25,2,9,10,14,19,0,14,6,5,2
"COG1299",31,35,33,44,35,89,42,29,21,37,19,16,33,20,76,16,27,39,28,8
"COG1300",2,6,5,5,7,3,12,6,6,2,4,0,7,2,0,4,9,7,5,11
"COG1301",54,59,36,70,41,83,62,56,59,45,70,108,66,37,98,37,44,85,72,43
"COG1302",29,21,24,22,19,17,34,19,9,17,11,5,10,19,41,32,24,26,12,5
"COG1304",10,4,8,8,5,18,7,6,12,4,8,3,6,5,31,14,4,25,5,1
"COG1305",47,27,29,49,70,31,44,35,41,46,14,4,9,13,15,25,14,16,18,12
"COG1306",3,0,2,2,0,2,1,2,3,5,3,0,0,3,0,3,6,5,2,2
"COG1307",126,73,101,86,74,92,107,54,46,103,63,37,35,68,135,125,80,120,55,12
"COG1309",121,81,70,89,65,177,92,56,67,74,109,34,68,73,109,157,91,85,58,63
"COG1310",3,3,3,5,7,7,5,0,4,3,1,4,1,2,6,2,0,0,2,0
"COG1312",21,15,23,12,19,12,9,18,19,19,48,39,34,42,20,28,34,65,46,50
"COG1313",9,5,10,3,7,5,11,5,10,8,12,4,9,16,14,33,14,18,14,4
"COG1314",0,3,1,1,0,6,2,0,3,2,2,0,4,1,0,3,1,0,0,1
"COG1315",31,8,15,21,22,16,14,3,0,30,4,4,8,14,9,1,10,3,6,0
"COG1316",64,50,54,64,50,37,94,43,39,66,58,18,45,65,99,89,36,37,35,24
"COG1317",3,0,2,1,1,6,3,2,1,1,0,0,5,2,4,1,0,0,0,0
"COG1319",11,8,14,12,19,21,13,10,15,5,15,9,31,10,35,11,11,20,7,12
"COG1320",0,1,1,0,1,0,0,0,1,2,0,0,0,0,0,0,0,0,0,0
"COG1321",20,13,18,23,13,18,20,16,12,16,31,10,8,14,17,43,18,20,24,2
"COG1322",33,41,38,26,30,38,34,31,47,15,50,53,38,20,31,32,29,50,53,37
"COG1323",30,23,11,29,17,21,40,17,7,24,8,12,14,19,37,54,10,43,16,4
"COG1324",0,0,0,0,1,12,0,0,0,0,0,0,0,0,1,1,0,0,0,2
"COG1327",22,9,5,17,7,10,18,10,10,17,16,7,8,16,37,24,12,16,9,6
"COG1328",164,143,99,173,110,113,147,138,107,136,41,39,34,49,40,42,55,56,35,38
"COG1329",4,1,3,7,2,0,5,2,6,2,9,0,1,1,7,3,3,2,0,0
"COG1330",0,1,0,0,3,25,0,0,2,1,2,0,0,1,6,1,1,1,0,0
"COG1331",1,0,1,0,0,0,1,2,0,0,0,0,7,2,0,3,0,3,0,1
"COG1332",2,0,1,0,1,2,4,1,0,3,5,0,1,4,0,3,2,0,1,0
"COG1333",2,4,3,7,12,0,0,3,13,0,6,1,6,4,0,2,7,3,4,6
"COG1335",31,15,19,32,16,43,19,13,6,28,15,31,9,25,29,32,13,25,13,10
"COG1336",0,0,0,0,0,0,1,0,0,1,0,0,0,0,0,1,2,0,0,0
"COG1337",4,0,0,0,0,0,4,0,1,7,2,1,2,4,1,2,0,0,0,1
"COG1338",10,2,5,6,16,11,6,3,0,13,5,4,4,3,5,0,6,0,2,1
"COG1342",12,11,6,10,8,7,3,6,8,7,4,0,7,9,8,13,5,6,5,5
"COG1343",3,5,1,0,3,0,3,2,0,1,10,2,7,15,7,16,8,6,4,5
"COG1344",86,26,56,42,71,48,30,21,6,81,11,24,25,42,28,8,35,8,22,1
"COG1345",4,4,6,9,6,7,0,1,0,5,4,7,7,8,8,3,15,2,8,1
"COG1346",35,27,23,31,25,14,29,32,32,33,33,40,33,29,26,13,20,33,38,18
"COG1347",9,16,16,13,15,7,11,30,18,13,28,14,18,17,1,2,13,7,17,15
"COG1348",3,3,2,5,7,9,9,6,7,5,6,1,7,6,19,0,4,11,3,5
"COG1349",27,28,50,61,43,149,54,40,48,28,15,4,16,16,37,21,11,18,4,20
"COG1350",19,37,29,28,24,7,22,38,41,31,32,65,37,43,7,16,21,18,28,36
"COG1351",22,3,5,11,4,16,12,14,15,13,1,14,6,27,13,21,8,17,9,2
"COG1352",9,4,6,8,10,10,12,2,1,17,6,2,11,10,8,6,4,2,6,2
"COG1353",10,0,4,3,2,6,10,3,2,9,9,2,6,7,0,4,9,1,1,0
"COG1354",20,16,24,23,28,15,29,9,17,23,11,12,5,18,33,29,18,19,12,6
"COG1355",0,0,0,18,0,0,1,0,3,0,0,55,0,0,5,0,0,0,0,0
"COG1357",14,12,12,14,12,36,21,18,10,24,15,10,9,20,4,15,15,20,7,18
"COG1358",5,7,10,10,7,7,10,8,3,10,0,7,5,5,12,13,6,9,5,3
"COG1359",7,0,8,6,7,15,4,6,5,1,9,1,7,5,9,6,0,4,7,2
"COG1360",23,9,8,31,19,20,20,7,17,24,17,56,28,5,5,2,10,2,24,34
"COG1361",2,11,4,2,0,1,1,2,3,1,2,1,1,0,1,1,2,0,1,1
"COG1362",71,52,62,83,60,43,79,30,36,63,43,92,31,65,83,99,48,84,61,15
"COG1363",25,23,16,11,17,30,27,25,21,20,9,11,10,21,19,71,15,22,16,4
"COG1364",45,19,37,26,33,24,31,16,10,35,20,17,16,33,39,46,32,47,32,7
"COG1366",11,15,15,11,10,15,17,10,6,14,8,10,8,8,14,21,13,13,12,3
"COG1368",109,90,120,137,96,102,151,104,117,105,131,178,78,120,194,87,103,83,113,102
"COG1372",2,0,0,0,2,0,15,2,0,0,0,0,0,0,0,0,19,0,2,0
"COG1373",265,178,220,460,225,143,222,216,277,248,251,1262,343,181,154,217,285,177,304,241
"COG1376",29,15,30,31,31,75,42,22,26,33,16,11,17,38,102,46,20,33,38,11
"COG1377",11,5,13,13,11,29,5,6,2,15,2,5,11,8,5,2,8,4,3,2
"COG1378",3,2,0,8,1,4,5,5,5,3,3,0,3,1,3,1,3,5,3,1
"COG1379",1,1,3,3,2,2,5,5,0,5,2,1,3,3,0,2,1,4,0,6
"COG1380",11,24,33,16,21,17,17,14,15,22,20,17,15,16,10,8,20,17,16,11
"COG1381",24,15,16,25,9,20,28,15,14,21,12,6,10,22,25,29,13,27,9,5
"COG1384",0,0,0,0,0,0,1,0,0,0,0,0,0,0,0,0,0,1,0,0
"COG1385",25,31,28,22,22,31,24,22,30,17,22,30,35,28,29,36,23,32,37,16
"COG1386",22,17,20,23,17,6,34,6,8,21,8,5,11,15,22,12,8,15,16,3
"COG1387",43,53,69,59,44,62,97,49,40,52,41,37,46,43,49,62,59,56,44,58
"COG1388",70,30,34,59,55,38,72,30,21,52,36,14,28,47,52,56,56,51,35,13
"COG1390",0,0,0,6,0,1,1,0,0,1,0,0,1,3,7,3,1,2,0,2
"COG1391",0,3,0,2,9,31,3,4,2,4,9,2,7,5,35,2,4,4,0,1
"COG1392",2,6,2,11,8,5,19,3,13,8,13,3,8,7,6,6,7,9,9,27
"COG1393",17,18,9,15,8,27,10,9,9,6,19,12,10,8,32,14,16,15,9,17
"COG1394",17,8,15,18,15,14,16,26,12,14,4,3,7,6,11,6,3,6,3,6
"COG1396",115,122,94,116,100,112,123,106,63,103,94,91,40,97,143,157,112,89,70,60
"COG1397",21,8,17,20,24,19,35,14,27,18,32,74,27,16,19,35,33,13,25,30
"COG1399",22,18,17,20,12,12,14,8,5,15,12,10,9,10,30,29,14,18,10,2
"COG1401",35,16,33,32,21,35,31,16,45,13,26,70,40,22,21,44,19,18,54,43
"COG1402",9,12,17,9,8,3,3,15,25,5,16,1,16,8,7,17,10,13,22,21
"COG1403",6,0,9,19,9,6,8,11,3,9,11,40,13,8,6,5,8,2,4,3
"COG1404",149,116,127,98,130,94,90,109,135,136,46,54,62,40,43,60,45,39,25,39
"COG1406",4,0,3,5,1,4,4,0,0,2,0,2,0,3,3,1,1,0,2,0
"COG1408",69,62,61,66,59,48,68,72,62,60,21,37,16,20,13,18,23,24,38,16
"COG1409",71,128,115,117,74,66,92,122,76,92,108,88,99,96,46,105,104,98,129,86
"COG1410",31,30,42,32,33,28,34,31,55,32,92,114,121,109,73,64,109,122,120,85
"COG1413",2,0,0,1,0,19,0,0,0,0,0,0,0,0,0,0,0,0,0,0
"COG1414",8,8,12,11,11,60,8,21,23,18,20,8,14,9,49,16,20,18,6,7
"COG1415",0,0,0,0,0,0,0,0,0,0,0,0,0,0,0,0,0,0,0,0
"COG1416",0,0,0,0,0,0,0,0,0,0,0,0,0,0,0,0,0,0,0,0
"COG1418",91,77,103,100,85,79,98,65,93,111,102,92,83,84,95,112,78,99,100,77
"COG1419",13,7,5,8,11,2,6,0,0,15,2,6,4,7,7,1,16,0,3,0
"COG1420",37,29,29,34,25,15,32,20,23,30,17,11,20,27,44,63,26,40,18,4
"COG1424",1,1,0,0,0,0,0,2,2,1,1,2,3,0,16,2,1,3,0,1
"COG1426",1,0,0,1,3,6,6,1,1,1,3,0,7,1,12,0,2,0,0,0
"COG1427",0,0,1,8,1,1,2,2,4,2,3,0,2,1,0,1,3,1,2,2
"COG1428",0,3,0,19,1,1,0,0,10,2,5,61,8,2,20,1,2,0,31,0
"COG1429",19,47,15,22,41,14,9,66,63,37,47,68,40,55,3,27,47,31,56,47
"COG1430",8,2,1,0,0,3,0,0,4,0,1,1,0,6,1,5,0,0,0,2
"COG1431",1,0,0,0,0,0,2,0,0,0,1,0,0,0,0,0,0,0,0,0
"COG1432",7,20,7,8,15,11,11,10,6,10,5,5,6,13,12,11,11,12,8,8
"COG1433",9,10,7,4,3,8,8,5,6,6,7,0,5,11,9,3,2,4,8,2
"COG1434",12,23,16,17,14,27,23,11,12,15,7,10,9,11,27,34,12,15,10,8
"COG1435",4,9,3,5,6,7,2,18,7,4,19,6,11,22,24,27,26,26,13,19
"COG1436",2,5,3,8,1,1,3,3,3,3,1,2,1,3,5,6,1,1,2,1
"COG1437",0,1,0,0,0,0,1,0,0,0,0,1,0,0,0,0,1,0,1,0
"COG1438",25,14,24,33,14,16,34,30,21,22,25,55,24,21,23,20,29,14,33,13
"COG1440",4,0,8,2,1,7,4,8,3,2,3,2,6,1,9,1,9,7,4,7
"COG1441",0,0,0,0,1,4,0,0,0,0,0,0,0,0,3,0,0,0,0,0
"COG1442",30,39,54,49,31,65,80,29,38,63,23,23,18,12,32,15,7,3,9,11
"COG1443",6,7,9,7,4,4,3,6,12,1,3,5,3,2,0,1,4,0,1,9
"COG1444",0,2,0,0,0,20,0,1,0,0,0,2,2,0,3,0,0,1,1,0
"COG1445",62,39,29,43,34,77,26,18,15,39,13,9,24,21,70,19,34,54,20,9
"COG1446",2,5,1,0,11,11,2,7,5,7,6,1,9,4,14,1,12,9,2,6
"COG1447",6,4,7,0,0,10,8,7,1,2,8,1,1,6,14,3,6,17,4,2
"COG1448",1,1,3,3,1,28,5,2,8,4,13,6,6,6,6,13,3,2,2,3
"COG1449",13,11,10,5,5,3,4,8,9,6,30,40,30,25,2,10,14,8,34,18
"COG1450",1,1,0,2,0,30,0,1,1,1,1,0,7,1,6,1,1,1,4,0
"COG1451",18,25,37,20,19,37,36,29,40,30,44,6,27,33,32,26,22,19,22,30
"COG1452",0,1,0,0,2,7,0,0,0,1,2,1,4,1,3,0,1,2,1,0
"COG1453",37,49,51,29,37,36,34,54,36,29,40,6,26,43,30,57,36,61,41,43
"COG1454",126,200,157,146,147,185,179,119,94,121,105,47,123,134,236,162,114,140,110,92
"COG1455",24,6,29,10,12,42,25,16,10,15,12,8,12,9,77,13,10,33,4,11
"COG1456",2,4,0,0,2,2,0,2,4,1,1,1,2,1,9,21,2,3,2,2
"COG1457",5,14,23,15,6,29,4,14,4,5,14,9,7,12,27,17,12,11,16,12
"COG1459",31,11,17,25,26,48,36,15,12,45,10,1,8,9,9,14,5,3,11,7
"COG1461",33,35,37,44,32,29,41,20,25,35,15,19,22,36,37,76,31,51,23,8
"COG1462",0,0,0,0,0,3,4,0,0,0,0,0,0,0,0,0,0,0,0,0
"COG1463",0,0,3,8,2,8,3,0,4,0,2,3,11,2,4,6,1,4,10,3
"COG1464",25,9,20,17,20,24,19,10,15,30,28,12,17,21,48,49,23,24,19,8
"COG1465",0,0,0,0,2,0,0,2,0,0,0,0,0,0,0,0,0,0,0,0
"COG1466",46,34,55,46,42,33,55,54,42,43,32,48,44,41,46,58,45,35,38,55
"COG1468",8,6,6,17,10,2,10,10,2,7,11,3,5,8,24,14,9,15,9,6
"COG1469",0,1,0,1,2,1,1,2,3,0,1,0,2,1,0,1,0,0,2,0
"COG1470",1,5,5,10,5,2,1,4,5,2,6,0,6,4,0,2,9,3,3,6
"COG1472",555,578,644,417,518,283,549,629,664,526,543,487,479,565,477,403,572,437,543,651
"COG1473",43,34,58,39,50,47,26,44,56,58,68,15,101,57,106,105,51,59,28,31
"COG1475",158,150,157,149,153,147,195,181,125,151,150,103,85,157,202,246,160,252,158,109
"COG1476",17,10,19,22,11,10,20,8,3,7,3,3,3,3,9,5,7,1,4,1
"COG1477",9,18,14,18,18,12,19,28,15,21,55,69,43,38,56,57,45,36,47,67
"COG1479",93,39,55,99,61,54,116,63,78,60,79,63,44,79,79,61,99,27,82,76
"COG1480",44,58,40,39,42,24,48,48,51,26,50,113,49,43,7,25,55,26,69,85
"COG1481",26,20,17,30,20,15,37,23,13,23,17,8,12,24,43,34,19,29,11,3
"COG1482",67,60,71,51,55,34,66,64,58,50,55,56,53,59,37,32,52,75,66,58
"COG1483",0,0,1,0,1,0,21,6,2,46,24,0,0,0,0,3,3,9,5,52
"COG1484",135,152,162,117,95,86,111,80,72,108,75,30,56,101,109,151,107,97,104,87
"COG1485",0,1,0,1,0,16,0,1,1,0,1,0,0,0,2,0,0,0,0,0
"COG1486",20,5,15,17,1,68,23,12,6,10,10,13,12,9,31,20,6,27,16,18
"COG1487",2,6,9,9,2,7,3,5,8,5,2,25,4,4,5,0,6,0,6,1
"COG1488",73,31,55,48,48,50,62,63,38,46,62,17,31,49,73,58,43,48,32,30
"COG1489",3,1,4,2,3,7,1,1,2,2,6,3,9,7,5,7,8,14,4,5
"COG1490",28,31,21,37,22,25,33,17,23,26,32,48,27,24,35,27,26,23,24,22
"COG1492",43,34,63,23,38,32,34,43,36,49,25,7,35,30,27,37,39,50,40,23
"COG1493",37,24,16,23,25,25,23,14,13,21,12,6,16,29,34,49,12,28,16,5
"COG1494",0,4,2,2,0,27,0,7,6,1,1,3,0,0,0,0,1,0,1,2
"COG1495",0,0,0,1,2,5,0,1,5,2,1,0,9,2,1,0,3,6,1,0
"COG1496",28,25,29,32,23,33,38,28,41,33,24,48,35,19,26,25,15,15,26,18
"COG1501",223,280,255,201,230,150,206,196,195,226,220,294,234,161,215,200,240,160,259,334
"COG1502",133,116,114,130,142,152,120,123,105,137,121,147,104,145,152,93,124,128,108,92
"COG1505",13,5,3,9,7,4,2,7,11,5,15,6,33,8,0,7,7,3,2,35
"COG1506",164,262,183,159,240,92,174,258,275,235,309,308,198,240,45,63,210,146,246,312
"COG1507",0,0,0,0,0,0,0,0,1,0,2,0,0,0,8,1,0,0,0,0
"COG1508",45,34,48,38,35,38,35,52,60,39,60,58,56,39,13,21,51,36,57,59
"COG1509",5,10,10,8,10,10,1,9,10,6,20,1,23,20,4,17,27,21,16,43
"COG1511",78,53,82,87,66,70,94,68,45,71,80,33,22,51,179,70,68,60,45,12
"COG1512",33,22,29,30,31,27,22,37,26,27,20,16,26,24,41,30,24,51,21,35
"COG1513",0,0,0,0,0,4,0,0,0,0,0,0,0,0,0,1,0,1,0,0
"COG1514",0,0,0,0,0,5,0,2,0,0,0,0,0,1,3,2,1,2,0,0
"COG1515",0,0,0,0,0,10,0,0,0,0,0,0,0,0,2,2,0,0,0,1
"COG1516",10,1,4,3,4,7,9,3,0,7,3,3,5,3,3,2,5,2,3,0
"COG1518",29,34,46,37,27,21,44,22,20,34,44,68,34,53,37,46,33,49,32,18
"COG1519",34,42,34,27,20,18,22,43,38,28,38,35,38,44,2,18,35,21,35,47
"COG1520",37,85,55,34,60,26,32,47,74,25,75,3,59,58,5,63,45,33,55,138
"COG1521",54,43,34,33,34,32,44,26,38,54,53,11,30,30,43,42,31,47,30,18
"COG1522",61,45,56,51,43,47,61,66,44,67,68,81,48,33,44,34,59,33,48,48
"COG1523",68,59,62,76,68,79,62,61,67,64,89,96,92,46,181,25,72,65,87,82
"COG1524",31,44,44,41,63,19,48,74,70,67,86,98,70,26,21,22,50,48,80,96
"COG1525",6,0,0,0,0,1,3,0,1,1,1,0,1,1,0,5,1,2,2,0
"COG1526",3,2,1,0,1,9,2,0,2,2,2,1,1,2,1,0,1,12,1,2
"COG1527",19,2,12,5,2,10,11,12,3,5,5,9,11,5,33,28,9,15,6,3
"COG1528",17,30,16,16,16,14,16,34,21,23,38,8,32,19,8,9,30,26,22,66
"COG1529",49,33,59,47,42,112,38,54,37,39,42,20,77,42,92,82,45,68,27,25
"COG1530",41,40,45,49,41,67,39,42,55,54,40,76,65,46,40,38,43,35,42,35
"COG1533",21,20,14,14,19,17,32,16,14,22,36,43,49,54,32,39,69,49,56,66
"COG1534",10,13,4,16,8,8,13,7,5,7,6,4,4,11,14,26,9,13,8,3
"COG1535",0,0,0,0,0,12,0,0,0,0,1,0,0,0,1,0,0,0,0,0
"COG1536",8,5,11,7,13,31,4,4,1,15,0,2,8,5,11,5,6,1,3,2
"COG1538",77,101,97,68,92,69,94,139,118,73,353,248,416,303,40,117,317,265,298,366
"COG1539",17,20,22,28,10,28,20,17,15,20,11,29,23,17,20,10,16,14,22,18
"COG1540",0,15,0,2,2,6,0,4,1,1,1,0,4,2,4,13,3,3,4,1
"COG1541",52,81,48,41,60,30,48,89,63,55,51,10,61,85,7,42,66,45,46,69
"COG1543",0,0,0,4,0,0,12,2,0,5,0,0,0,0,0,0,0,0,1,0
"COG1544",18,12,16,18,12,19,24,18,6,11,20,18,14,15,27,22,16,13,12,15
"COG1545",0,0,0,0,0,0,0,0,0,0,0,0,0,0,0,1,0,0,0,0
"COG1546",21,18,26,29,13,28,24,36,29,21,32,21,32,24,30,27,18,43,32,27
"COG1550",0,0,0,0,0,0,0,0,0,0,0,0,0,0,1,0,1,0,0,0
"COG1551",4,0,2,3,4,10,3,0,0,3,0,3,0,0,1,1,3,1,0,0
"COG1553",0,1,0,0,0,4,0,0,0,0,0,0,0,0,0,0,1,1,0,0
"COG1554",25,18,43,19,17,16,20,39,29,31,23,3,26,20,17,47,27,7,23,37
"COG1555",16,25,22,31,23,19,28,18,23,26,25,38,38,32,25,6,15,19,21,22
"COG1556",1,3,1,0,3,4,1,2,1,3,19,1,6,9,3,1,7,3,3,7
"COG1558",11,3,6,6,7,7,0,2,0,5,0,2,2,1,6,0,4,0,1,2
"COG1559",37,31,33,37,29,14,36,29,47,32,33,51,39,23,19,56,31,21,41,25
"COG1560",8,23,24,26,23,35,12,27,27,21,31,41,37,20,4,12,29,15,36,30
"COG1561",40,37,50,39,47,24,43,41,41,58,51,48,46,41,30,43,40,39,55,41
"COG1562",0,1,0,0,0,0,0,0,0,2,0,0,0,1,0,2,0,0,4,0
"COG1564",10,6,14,5,17,7,6,4,7,10,19,11,16,23,30,13,24,18,14,25
"COG1565",0,0,0,0,0,0,0,0,0,0,0,0,0,0,0,1,0,0,4,0
"COG1566",15,21,40,22,17,70,51,34,49,33,58,16,49,16,5,6,21,15,28,39
"COG1567",3,0,0,2,1,2,5,1,2,3,5,4,1,2,0,2,0,0,1,0
"COG1568",1,8,0,0,2,0,5,18,0,0,3,0,0,0,0,0,4,0,2,0
"COG1569",1,0,0,0,0,0,0,0,0,1,0,0,0,0,0,2,3,1,0,0
"COG1570",47,49,49,46,44,51,44,56,60,75,50,40,49,58,57,67,53,56,58,55
"COG1573",10,10,6,5,8,3,10,5,5,3,26,6,13,25,6,31,23,26,25,28
"COG1574",7,13,22,11,10,6,11,20,11,12,6,0,8,5,20,11,5,9,1,6
"COG1575",14,26,34,14,26,19,18,39,31,18,30,31,26,19,11,11,16,15,26,21
"COG1576",25,19,23,24,29,17,41,25,19,28,7,29,28,18,18,27,14,30,24,23
"COG1577",0,0,0,0,0,0,0,0,0,0,0,0,0,0,6,0,0,0,0,0
"COG1578",1,0,0,2,1,1,2,1,0,0,1,0,0,0,9,2,0,2,1,0
"COG1579",6,11,18,11,12,3,16,19,13,11,34,46,21,11,1,7,9,15,32,21
"COG1580",0,0,1,0,1,5,0,0,0,0,0,0,0,0,0,0,0,1,0,0
"COG1582",1,2,2,4,0,2,0,0,0,3,0,1,1,1,1,0,1,0,0,0
"COG1583",8,2,0,0,2,3,4,1,1,1,1,0,0,0,0,1,0,0,2,0
"COG1584",0,2,0,1,0,6,0,1,3,0,0,0,0,0,3,0,0,1,0,0
"COG1585",10,8,14,9,5,9,19,11,7,14,7,8,3,15,13,15,5,19,9,2
"COG1586",6,2,4,3,1,14,7,9,2,0,2,2,4,6,5,10,1,3,0,1
"COG1587",8,11,4,17,11,25,14,8,14,7,4,7,15,14,11,12,4,21,11,2
"COG1589",7,14,4,4,4,10,7,4,4,9,7,2,7,7,8,27,4,7,5,1
"COG1592",75,55,79,64,69,14,76,48,65,53,58,66,64,74,50,77,47,64,56,39
"COG1593",44,41,47,44,42,78,30,57,24,34,13,6,19,16,16,16,14,35,11,7
"COG1595",289,377,317,321,358,190,297,382,304,288,379,282,339,371,163,255,419,247,323,697
"COG1596",68,59,61,63,60,39,40,107,93,59,70,112,88,69,4,16,63,49,75,103
"COG1597",19,27,16,30,13,14,16,30,29,20,79,80,87,61,88,99,59,51,82,51
"COG1598",4,4,2,3,2,10,7,1,2,5,6,2,3,3,2,6,8,19,2,3
"COG1600",9,5,3,7,3,15,5,6,18,2,6,9,23,9,6,14,6,6,5,10
"COG1604",0,0,0,0,0,0,0,0,0,0,0,0,0,0,0,0,0,0,0,0
"COG1605",13,15,17,13,9,22,8,13,15,15,5,2,1,4,8,11,4,9,6,0
"COG1606",3,6,5,7,1,7,6,3,10,3,4,1,8,6,11,18,4,6,7,7
"COG1607",0,2,2,2,6,10,4,2,1,7,3,1,2,4,5,2,3,3,1,2
"COG1609",266,195,256,273,196,359,223,202,180,287,246,182,174,221,598,339,265,216,187,247
"COG1610",26,12,17,34,14,19,22,29,24,27,25,7,13,13,17,12,27,21,15,30
"COG1611",23,48,27,30,31,27,36,47,27,37,44,30,48,32,19,29,33,32,34,43
"COG1613",9,5,11,13,11,22,15,0,2,11,0,5,0,4,12,4,4,3,7,0
"COG1614",2,5,3,2,1,3,4,1,2,3,1,0,1,1,7,33,4,2,0,0
"COG1615",0,0,0,4,0,0,21,1,5,4,5,0,1,1,27,5,0,0,1,0
"COG1618",0,1,1,2,0,2,0,0,0,0,5,0,0,0,1,2,1,1,1,1
"COG1619",38,16,33,28,23,29,19,32,19,38,22,13,19,24,29,15,21,13,16,21
"COG1620",5,26,12,15,7,26,6,11,19,4,12,21,19,15,29,6,17,11,15,23
"COG1621",69,57,61,100,62,55,88,73,68,85,75,82,82,60,129,30,74,75,74,109
"COG1622",0,0,0,0,0,15,0,1,0,0,1,0,0,0,4,0,0,0,0,0
"COG1623",0,0,0,4,0,0,8,0,0,4,0,0,0,0,8,0,0,0,1,1
"COG1624",59,29,33,38,31,27,49,30,33,37,35,57,31,33,35,41,25,43,51,17
"COG1625",26,7,12,22,14,18,30,9,15,16,10,7,11,8,27,21,19,32,13,6
"COG1626",15,39,53,21,33,28,14,31,27,5,15,6,22,36,7,13,29,9,28,45
"COG1629",126,172,168,135,209,130,116,173,253,138,189,270,215,191,25,64,162,119,208,259
"COG1633",2,0,0,2,1,0,3,1,3,3,2,1,4,2,0,4,0,2,7,3
"COG1635",0,0,1,3,4,0,1,1,4,0,0,1,11,0,0,0,1,1,1,2
"COG1636",27,24,27,28,13,23,30,26,16,37,25,20,15,25,24,18,16,26,21,10
"COG1637",0,0,0,0,0,0,0,0,2,0,2,0,0,0,5,0,0,0,0,0
"COG1638",31,29,34,29,39,51,21,43,23,30,19,21,79,41,49,42,36,95,19,24
"COG1640",114,106,82,126,90,97,90,77,101,103,92,70,82,109,116,83,85,130,76,68
"COG1641",9,6,8,4,4,8,5,13,7,4,7,5,8,7,16,18,3,6,5,5
"COG1643",3,5,0,15,6,39,1,4,27,7,15,55,15,4,38,4,2,8,46,2
"COG1647",0,0,0,1,0,0,3,2,1,2,1,1,1,2,1,3,5,1,0,0
"COG1648",6,6,9,21,7,15,6,6,5,14,2,7,7,9,12,8,9,11,7,0
"COG1649",87,113,119,79,92,38,107,99,133,111,117,176,135,89,37,58,72,78,118,205
"COG1651",3,3,0,5,4,19,0,3,1,2,11,0,4,2,14,2,5,5,0,31
"COG1652",9,7,5,1,2,5,0,5,1,3,2,23,9,3,0,1,4,12,2,2
"COG1653",364,182,237,249,188,263,280,157,111,400,211,108,143,182,631,409,291,330,146,150
"COG1654",22,32,15,17,15,18,19,11,12,26,11,9,11,15,37,25,14,31,12,5
"COG1655",17,3,8,6,6,8,6,0,0,14,3,4,3,6,0,2,5,0,6,0
"COG1657",0,0,0,0,0,0,0,0,0,0,0,0,0,0,0,0,0,0,0,1
"COG1658",3,8,7,8,6,3,5,5,7,8,10,2,3,11,16,20,4,13,5,1
"COG1659",3,0,0,2,1,0,0,1,2,0,0,1,0,0,0,1,1,3,0,0
"COG1660",48,37,49,37,48,41,43,44,43,65,41,54,40,44,53,36,30,46,43,38
"COG1661",1,2,1,5,2,7,10,5,1,3,0,1,8,2,8,15,4,11,3,6
"COG1662",0,2,3,0,5,212,0,0,0,1,9,0,1,1,5,0,3,1,3,2
"COG1663",20,22,13,22,23,16,12,21,23,20,23,63,34,25,4,8,21,20,37,35
"COG1664",2,0,0,6,4,2,1,2,3,1,2,0,1,2,2,7,10,3,7,1
"COG1666",1,1,0,0,0,0,1,1,0,0,0,3,2,0,1,5,2,0,3,3
"COG1668",36,12,12,16,23,14,43,18,9,31,20,7,6,23,6,25,13,3,15,2
"COG1669",9,7,6,15,17,6,4,16,13,5,17,15,7,9,0,9,21,10,10,24
"COG1670",76,104,88,88,89,78,79,74,72,76,82,75,93,88,82,75,101,73,52,120
"COG1671",10,6,5,11,17,20,6,9,9,9,4,2,1,6,12,12,6,15,8,2
"COG1672",64,103,86,176,85,39,30,72,117,51,59,357,63,101,36,35,115,41,234,56
"COG1674",105,69,107,93,99,66,114,69,92,97,76,148,91,94,156,155,77,104,94,66
"COG1677",4,2,3,6,10,10,5,2,2,7,2,1,1,4,4,2,2,0,1,1
"COG1678",7,20,16,8,11,19,3,18,7,3,11,1,6,7,0,0,9,11,9,16
"COG1679",1,4,1,2,2,0,2,3,4,3,5,0,1,2,0,22,2,2,4,0
"COG1680",81,109,91,67,131,83,102,130,78,87,87,44,80,70,123,80,85,60,98,112
"COG1682",29,38,41,35,37,34,44,17,14,34,25,16,15,21,36,34,38,38,15,3
"COG1683",8,5,2,10,4,12,11,8,2,9,8,6,7,1,6,10,3,20,6,1
"COG1684",6,2,14,7,10,9,3,2,1,12,1,4,6,7,7,1,8,3,4,2
"COG1686",107,95,105,107,92,117,147,57,57,113,14,14,25,25,59,58,25,51,17,12
"COG1687",9,7,7,4,8,2,6,3,7,9,6,2,2,1,8,8,4,5,2,2
"COG1688",0,0,0,0,0,0,0,0,0,0,0,0,0,0,4,0,0,0,0,0
"COG1690",18,13,5,11,18,17,22,22,22,11,13,107,15,17,8,17,21,17,12,33
"COG1691",7,2,5,8,2,11,5,6,8,9,6,1,6,9,13,13,3,9,2,6
"COG1692",1,2,3,5,2,0,4,1,3,3,3,6,4,3,0,27,3,5,8,3
"COG1694",26,35,21,20,26,15,44,30,27,19,34,25,32,33,14,17,29,10,25,18
"COG1695",37,23,38,38,34,41,58,35,13,32,31,11,16,29,42,33,41,32,24,30
"COG1696",125,91,118,103,104,64,112,81,90,103,91,80,65,123,98,126,124,86,93,57
"COG1699",5,2,6,8,6,2,2,2,0,4,2,6,1,2,3,1,5,2,1,1
"COG1700",7,9,10,0,0,3,7,0,2,5,14,11,6,3,0,3,1,0,13,0
"COG1702",49,27,54,58,42,29,61,32,44,34,30,58,40,37,38,57,40,36,56,25
"COG1703",17,39,29,22,23,15,24,35,25,20,36,3,27,21,4,11,21,16,17,24
"COG1704",8,11,6,5,10,5,8,12,9,13,24,25,21,23,18,6,32,16,16,32
"COG1705",31,46,30,28,38,26,23,51,67,27,32,51,68,35,30,15,40,14,39,33
"COG1706",0,0,0,0,0,14,0,0,1,0,0,0,0,0,0,1,0,0,0,0
"COG1708",8,5,5,8,6,4,2,7,7,1,5,3,5,3,1,1,13,2,4,35
"COG1712",3,11,7,7,10,5,0,8,7,5,5,3,4,7,1,2,21,6,7,14
"COG1713",10,22,12,19,19,24,20,16,7,13,10,10,6,12,18,47,11,17,15,3
"COG1714",0,1,9,3,3,0,1,15,5,0,5,0,10,6,0,0,10,2,7,14
"COG1715",4,3,3,2,3,1,10,6,4,1,8,5,0,6,1,3,4,8,11,4
"COG1716",17,2,16,13,14,6,9,6,2,10,6,3,6,14,18,17,2,4,10,3
"COG1719",0,0,0,0,0,0,0,0,0,0,0,0,0,0,0,0,0,0,0,0
"COG1720",9,10,12,20,9,19,10,12,9,8,9,45,10,3,17,18,7,21,19,1
"COG1721",30,25,38,44,49,13,23,43,30,30,39,52,28,38,6,15,25,19,39,65
"COG1722",2,0,1,1,0,2,3,0,4,3,2,0,0,1,1,3,1,0,0,0
"COG1724",0,1,1,0,0,0,2,0,0,0,1,0,0,2,0,0,1,0,0,0
"COG1725",41,28,49,46,43,24,48,36,30,63,31,17,26,44,55,32,27,25,36,23
"COG1726",20,19,26,14,16,8,19,35,40,21,26,47,23,14,2,7,14,18,26,34
"COG1728",9,4,2,8,7,2,4,1,0,6,1,1,0,2,0,1,3,1,2,0
"COG1729",0,0,0,0,2,3,0,0,0,0,2,0,3,0,1,1,2,2,1,1
"COG1732",2,1,3,6,3,12,2,6,5,1,3,1,10,3,6,1,2,5,3,3
"COG1733",39,27,37,23,27,31,22,38,19,28,29,28,34,29,39,27,29,35,24,33
"COG1734",3,1,0,4,2,12,0,7,8,2,4,2,7,3,2,3,3,0,1,0
"COG1735",1,4,1,2,0,13,2,2,2,1,0,1,2,1,0,2,3,5,0,1
"COG1737",47,24,39,37,18,103,48,28,26,33,37,39,39,39,111,65,38,78,24,23
"COG1738",11,16,8,15,19,12,11,13,14,19,18,37,14,9,7,9,10,17,16,13
"COG1739",20,30,30,28,23,22,36,33,31,36,33,39,32,24,39,39,27,38,20,19
"COG1740",0,0,1,6,3,10,1,3,7,1,5,4,12,2,0,2,0,3,9,2
"COG1741",10,17,16,11,17,27,2,24,19,9,14,2,16,10,1,8,14,14,9,49
"COG1742",0,0,0,0,0,2,0,0,0,0,0,0,1,0,0,0,0,0,0,1
"COG1743",4,0,3,1,0,0,12,5,0,23,17,0,1,2,1,0,1,4,3,28
"COG1744",51,47,77,57,50,56,54,26,38,66,33,20,27,58,71,116,54,75,43,27
"COG1747",0,0,0,0,0,0,0,0,0,0,0,0,0,1,0,0,0,0,10,0
"COG1748",57,38,42,55,49,34,49,52,31,46,47,52,29,50,33,33,57,46,49,43
"COG1749",23,8,4,9,22,9,12,3,0,18,5,2,2,4,3,0,12,2,4,0
"COG1751",1,0,0,0,0,0,0,0,1,0,0,0,0,1,0,0,0,0,0,0
"COG1752",63,87,92,61,63,35,57,85,92,52,83,56,67,85,21,46,72,97,88,168
"COG1754",41,43,53,42,40,22,43,53,73,37,53,123,54,51,23,19,46,20,77,56
"COG1755",0,0,0,0,0,0,0,0,2,0,0,0,1,0,0,0,3,0,0,4
"COG1757",115,75,112,130,81,65,82,127,122,94,99,163,109,124,126,86,111,112,132,104
"COG1758",2,0,0,0,1,8,1,0,1,1,4,0,1,1,7,0,0,0,2,0
"COG1760",38,56,50,48,50,72,39,46,53,35,51,50,54,49,88,57,48,65,52,31
"COG1762",59,38,59,81,32,131,90,53,32,46,26,24,46,41,150,36,31,85,47,33
"COG1763",3,1,2,3,4,16,2,1,0,2,6,5,2,5,8,0,4,5,5,1
"COG1764",0,0,0,0,0,5,2,0,0,0,0,0,0,0,1,0,0,0,0,0
"COG1765",0,0,0,1,3,5,0,3,2,0,2,0,0,0,5,0,0,0,0,3
"COG1766",10,4,3,8,7,16,9,1,1,10,7,7,8,5,6,0,4,4,3,0
"COG1767",2,2,3,3,1,12,1,5,2,0,0,0,3,2,22,4,6,5,0,3
"COG1768",11,11,6,7,4,9,17,2,10,8,9,8,6,4,9,29,3,18,5,3
"COG1770",0,0,0,0,0,12,0,0,2,0,7,0,0,0,18,0,0,0,0,0
"COG1773",5,10,16,6,7,29,5,14,5,15,19,17,6,10,9,12,13,15,9,6
"COG1774",46,64,51,41,27,32,40,24,57,54,12,17,10,18,14,24,14,13,11,7
"COG1775",12,10,30,12,13,42,15,14,20,21,21,4,9,24,26,54,17,24,1,12
"COG1776",23,9,17,9,15,12,10,5,1,13,5,4,5,13,5,0,10,2,5,1
"COG1778",18,15,9,31,11,11,16,19,16,11,25,25,33,6,3,7,12,6,19,29
"COG1780",0,0,0,1,1,7,0,0,0,0,1,0,0,0,13,1,0,1,1,1
"COG1781",23,18,12,25,14,18,25,14,17,33,21,32,24,17,12,13,24,18,23,21
"COG1782",0,1,0,1,1,0,0,1,0,0,1,1,0,1,0,7,0,0,0,0
"COG1783",11,13,4,13,19,9,48,58,10,24,19,1,22,20,7,20,20,12,27,37
"COG1785",32,38,58,26,50,27,34,52,37,36,57,24,44,37,12,20,43,44,45,58
"COG1786",0,0,0,0,0,0,0,0,0,0,7,0,0,1,0,0,0,0,0,0
"COG1787",4,0,0,0,2,6,0,0,0,1,2,0,1,1,3,0,0,0,1,0
"COG1788",0,3,5,4,2,6,5,7,7,0,9,0,2,2,2,6,3,6,3,3
"COG1791",0,0,0,0,0,0,0,1,0,0,0,0,0,0,1,0,0,0,0,0
"COG1792",51,39,39,46,30,31,40,32,47,55,43,52,36,45,39,46,29,38,56,22
"COG1793",8,0,0,0,0,0,3,3,2,0,1,0,0,1,0,5,2,5,0,12
"COG1794",1,8,7,6,8,7,1,4,10,4,2,0,2,2,3,4,0,2,1,0
"COG1797",17,33,30,17,29,31,38,37,14,31,34,5,18,23,26,17,27,40,21,19
"COG1799",20,16,13,10,10,8,19,16,15,14,6,8,5,17,15,20,9,26,8,8
"COG1801",0,0,0,1,2,6,0,2,0,0,0,0,3,0,1,1,0,0,0,0
"COG1802",50,24,59,61,45,88,42,29,24,54,37,24,52,32,80,29,48,69,32,18
"COG1803",20,30,25,16,33,33,22,29,23,26,13,8,18,30,19,22,28,37,16,43
"COG1804",18,4,16,6,7,35,8,15,19,9,2,3,9,9,21,17,8,16,5,6
"COG1805",17,20,19,15,28,8,11,26,31,9,27,29,30,22,1,9,21,13,28,25
"COG1806",1,2,0,2,3,8,1,0,3,1,5,0,7,1,8,3,1,2,1,3
"COG1807",19,29,26,27,35,26,18,37,59,9,40,33,39,32,3,24,35,25,46,49
"COG1808",30,19,24,18,18,9,36,31,33,12,42,5,43,33,14,6,24,21,17,26
"COG1811",4,4,6,11,4,11,4,4,12,3,4,6,20,4,13,11,2,19,4,1
"COG1814",2,2,0,2,7,1,0,3,6,1,0,0,2,0,2,0,7,0,2,8
"COG1815",8,0,5,5,4,7,3,1,0,8,0,1,0,1,1,2,1,1,1,0
"COG1816",8,7,9,8,3,20,4,7,2,13,6,1,10,4,23,2,4,4,0,2
"COG1817",0,3,2,0,1,0,0,6,1,3,2,1,0,0,0,0,4,3,2,0
"COG1819",14,15,8,6,17,16,23,23,16,23,13,20,12,15,2,4,14,14,12,33
"COG1820",42,84,50,44,74,57,58,35,66,53,65,23,74,42,61,47,39,67,34,74
"COG1823",0,3,0,4,1,12,0,1,0,2,3,0,3,1,9,3,0,0,0,0
"COG1825",21,22,26,11,10,11,16,24,26,24,26,26,20,23,17,10,23,16,18,14
"COG1826",1,0,1,1,1,29,1,1,2,3,1,1,6,1,6,2,3,11,1,0
"COG1827",15,7,7,18,8,10,15,6,7,15,10,3,10,5,18,5,11,17,3,2
"COG1830",17,34,9,9,29,19,7,32,21,17,16,3,28,24,4,7,29,18,8,71
"COG1832",0,0,0,0,0,2,0,1,0,0,1,0,5,1,1,0,1,2,0,1
"COG1834",1,1,2,0,2,0,2,1,5,2,1,1,0,3,0,6,1,2,0,2
"COG1835",52,25,49,25,28,22,36,44,42,30,62,5,45,26,40,16,42,29,47,27
"COG1837",2,0,1,3,0,6,5,2,3,3,7,4,2,6,7,12,8,10,7,3
"COG1838",49,36,27,42,43,41,47,43,61,59,33,73,63,56,31,13,47,43,57,53
"COG1840",16,11,15,23,18,12,9,14,18,14,9,12,30,13,41,39,19,12,7,11
"COG1841",7,5,1,9,4,3,10,1,8,3,2,0,3,1,13,5,3,5,3,4
"COG1842",14,1,4,11,11,22,8,0,0,9,2,0,2,5,2,4,5,1,0,0
"COG1843",11,4,5,5,7,9,4,3,4,13,5,0,4,10,3,2,5,1,5,2
"COG1845",0,0,0,0,0,6,0,1,0,0,0,0,0,0,0,0,0,0,0,1
"COG1846",63,75,67,58,67,81,73,49,40,59,73,33,52,52,124,44,51,73,51,43
"COG1847",18,24,25,19,21,21,35,10,21,33,18,11,12,20,40,33,14,24,19,9
"COG1850",1,1,0,0,0,1,0,0,1,0,2,3,0,1,0,1,1,0,0,1
"COG1852",1,0,0,2,2,0,2,2,3,0,2,0,5,2,2,0,1,1,0,2
"COG1853",19,14,9,16,19,11,16,9,31,17,56,49,37,39,43,54,48,45,78,47
"COG1854",27,16,30,17,15,22,21,19,20,17,19,32,10,18,27,14,16,12,27,9
"COG1857",6,0,1,0,7,4,3,0,2,0,0,0,0,3,4,0,2,1,1,0
"COG1858",6,4,2,7,16,15,28,9,12,15,29,0,12,4,4,2,5,8,9,9
"COG1859",1,1,2,3,4,4,2,1,0,5,0,0,0,1,0,2,0,0,0,1
"COG1861",1,6,5,0,7,0,1,3,4,2,0,0,5,6,0,0,9,8,0,9
"COG1862",11,18,16,16,13,17,20,11,11,16,19,20,12,7,7,16,15,20,20,16
"COG1863",3,1,0,2,2,0,0,2,1,0,3,0,3,0,0,2,0,1,0,0
"COG1864",11,33,37,33,15,5,29,34,42,30,37,46,32,21,1,17,30,26,30,44
"COG1865",0,1,1,3,4,1,0,0,3,0,0,0,2,1,2,1,1,4,0,3
"COG1866",73,55,69,75,63,68,56,60,53,67,71,113,49,75,54,67,56,77,70,46
"COG1868",15,5,18,8,8,11,5,1,2,12,4,3,6,4,7,1,9,0,9,0
"COG1869",0,1,0,1,0,9,0,5,1,0,1,0,6,0,7,2,1,3,3,1
"COG1871",12,3,9,2,1,1,1,5,1,7,1,2,2,4,3,3,2,0,2,1
"COG1872",0,0,0,0,0,8,0,0,2,0,0,0,0,2,0,1,0,0,2,0
"COG1873",12,4,10,7,9,4,9,5,2,12,8,4,1,9,7,16,4,20,6,1
"COG1874",29,26,33,39,47,20,44,35,31,49,173,94,117,91,160,73,118,67,88,200
"COG1875",7,9,25,12,19,3,5,27,10,10,10,2,14,21,1,8,15,11,5,25
"COG1876",36,18,19,21,28,19,66,8,10,28,24,10,11,26,22,53,17,32,24,5
"COG1877",9,43,11,7,18,14,5,18,11,9,7,1,16,19,3,1,25,8,17,40
"COG1878",5,8,8,6,12,4,5,11,13,3,10,6,9,6,8,7,9,5,14,3
"COG1879",144,131,113,150,129,211,113,126,96,109,23,51,53,31,54,30,49,49,38,54
"COG1881",1,1,0,1,2,9,0,1,2,0,5,1,3,0,11,1,2,0,0,3
"COG1882",108,118,110,134,104,184,121,143,143,123,117,88,130,146,133,81,120,147,119,107
"COG1883",78,92,83,91,75,45,87,90,85,74,81,52,49,70,38,96,75,86,78,83
"COG1884",62,73,73,54,75,21,55,108,115,68,35,3,32,28,3,19,14,22,18,24
"COG1886",11,1,9,13,6,11,4,5,0,4,4,0,14,4,7,3,1,3,2,1
"COG1887",58,94,50,32,53,30,43,50,28,28,25,17,15,68,68,50,35,50,60,25
"COG1892",0,2,0,0,0,0,0,0,0,0,0,0,0,0,1,0,0,0,0,0
"COG1893",42,34,46,34,59,34,30,46,38,34,50,10,34,41,42,29,41,56,32,31
"COG1894",29,54,51,28,38,30,24,25,37,23,37,4,28,51,56,69,32,29,30,51
"COG1895",3,3,0,2,6,2,1,2,2,3,5,21,6,3,2,2,14,9,22,35
"COG1896",17,23,27,29,21,29,24,12,19,22,15,7,9,30,43,50,17,19,6,4
"COG1897",41,38,30,39,31,33,24,26,32,38,38,52,42,36,39,25,41,31,44,31
"COG1898",44,44,55,69,51,30,44,74,62,41,64,68,70,43,19,53,57,53,70,84
"COG1899",0,0,0,0,0,0,0,0,0,0,0,0,0,0,0,1,1,0,1,0
"COG1900",2,0,0,0,1,0,0,0,0,0,1,0,0,0,0,0,1,0,0,0
"COG1902",43,86,89,52,30,77,61,88,71,42,58,19,38,98,95,88,52,97,49,51
"COG1903",27,37,33,33,47,19,19,36,16,31,13,11,30,23,31,30,40,41,16,20
"COG1904",46,58,52,36,40,32,34,45,44,60,35,59,46,49,42,34,47,87,61,49
"COG1905",10,8,16,3,8,10,13,8,10,5,11,4,9,11,12,18,10,12,10,24
"COG1906",1,1,1,0,1,2,0,5,4,2,2,1,8,3,0,0,1,7,2,3
"COG1908",1,1,2,0,0,2,3,5,3,2,0,0,2,0,6,5,4,1,5,0
"COG1910",1,0,0,3,1,3,1,5,1,1,2,1,2,2,4,1,2,6,1,0
"COG1912",0,0,0,0,0,0,0,0,0,0,1,0,0,0,0,7,0,0,0,2
"COG1913",0,2,0,0,0,0,0,0,1,0,0,40,1,0,0,0,1,0,5,0
"COG1914",23,15,35,13,20,16,22,18,37,18,31,5,28,17,28,16,22,16,17,35
"COG1915",1,1,3,1,1,1,2,2,3,0,3,0,2,2,0,15,2,4,3,3
"COG1917",42,48,51,40,35,31,44,44,57,34,12,14,11,14,8,18,14,15,19,14
"COG1918",70,72,69,58,52,61,79,70,86,69,63,69,32,69,52,43,50,57,70,25
"COG1921",0,2,1,2,1,18,0,8,3,2,14,0,4,3,14,8,1,2,2,5
"COG1922",23,16,19,27,22,12,22,21,21,23,27,7,18,20,17,19,44,14,42,34
"COG1923",0,1,2,3,2,5,5,5,2,2,3,0,2,1,0,9,2,3,0,2
"COG1924",90,55,86,120,80,88,122,58,55,110,59,85,62,86,115,88,90,93,102,23
"COG1925",25,13,23,20,17,55,35,19,10,24,13,13,11,23,38,16,20,41,11,8
"COG1928",14,7,1,10,8,1,7,5,1,17,6,1,1,14,0,20,6,10,5,0
"COG1929",25,34,43,29,23,34,15,26,24,23,26,42,20,22,46,18,23,17,30,24
"COG1930",0,0,1,1,0,0,0,0,0,0,0,0,0,0,0,0,0,0,0,0
"COG1932",47,51,49,40,34,41,49,43,38,61,49,36,41,44,43,57,46,41,41,34
"COG1934",0,0,0,0,0,6,0,2,0,1,2,0,2,0,1,0,1,1,1,0
"COG1937",15,8,17,15,4,21,15,11,4,24,8,3,4,12,29,20,7,9,7,1
"COG1939",19,13,19,13,6,17,14,9,5,11,9,4,10,16,16,24,15,9,17,5
"COG1940",120,123,145,112,134,147,130,147,127,131,187,83,113,116,226,138,115,171,122,152
"COG1941",0,0,0,0,0,0,0,0,0,0,0,0,0,0,0,2,0,0,0,0
"COG1942",0,0,0,0,0,1,0,0,0,0,0,0,0,0,0,0,0,0,0,0
"COG1943",23,41,36,50,28,48,72,32,12,17,34,10,47,23,48,38,30,26,39,21
"COG1944",0,0,0,0,8,9,0,1,1,0,4,3,1,1,1,0,0,0,0,1
"COG1945",0,0,1,0,0,0,0,2,0,1,0,0,1,0,0,0,0,0,0,0
"COG1946",0,0,0,0,0,5,0,1,1,0,2,2,0,0,6,1,0,0,0,0
"COG1947",46,38,44,43,37,31,46,28,25,46,45,40,51,28,46,38,32,42,37,31
"COG1949",0,0,0,0,0,11,0,0,1,2,4,1,1,0,10,0,0,0,0,1
"COG1950",0,0,0,0,0,0,0,0,0,0,0,0,0,0,1,1,0,0,0,0
"COG1951",73,53,42,62,40,88,62,50,56,51,34,81,73,63,40,38,60,58,65,51
"COG1952",0,1,0,0,2,13,0,1,0,0,2,1,2,0,0,0,1,3,0,1
"COG1953",0,1,0,0,0,8,0,2,1,0,0,0,1,0,0,0,0,1,0,0
"COG1954",1,1,4,9,2,7,6,6,2,2,8,6,2,2,14,2,8,6,2,0
"COG1956",9,7,6,2,12,14,8,11,18,9,13,10,15,4,1,6,8,2,14,3
"COG1957",4,5,2,2,1,12,7,4,7,2,16,1,19,7,76,33,7,6,5,7
"COG1959",35,26,35,44,30,53,46,22,15,30,27,23,20,32,65,56,30,63,34,21
"COG1960",65,49,77,50,41,77,44,84,72,54,89,59,54,73,33,42,64,87,63,63
"COG1961",634,498,518,514,459,448,609,415,278,414,436,190,206,412,501,1124,526,725,379,315
"COG1963",6,2,3,8,2,2,7,4,1,13,5,4,3,2,6,8,11,15,5,2
"COG1964",0,1,0,1,0,4,1,0,1,0,0,0,3,1,2,1,1,9,0,1
"COG1965",0,1,0,1,2,3,0,0,0,2,2,1,2,3,0,0,0,0,0,0
"COG1966",26,19,24,29,19,26,13,27,27,21,83,88,73,89,91,55,65,138,100,38
"COG1968",16,16,11,19,16,20,13,16,11,19,39,51,36,52,54,56,32,35,49,19
"COG1969",0,0,0,3,5,3,2,2,4,1,3,0,7,4,1,0,0,0,8,7
"COG1970",23,15,14,19,14,11,14,22,18,15,4,11,3,3,7,12,7,2,2,3
"COG1971",27,18,22,27,21,30,45,22,22,32,23,12,18,26,28,33,22,39,19,20
"COG1972",2,0,0,6,1,24,2,2,6,3,4,0,6,2,3,1,2,2,2,7
"COG1974",31,35,32,44,22,42,29,32,27,26,27,22,11,23,47,43,30,33,18,9
"COG1975",13,15,15,19,14,43,13,14,11,9,16,11,28,22,35,34,9,38,16,5
"COG1977",0,0,0,0,0,0,0,1,0,0,0,0,0,0,0,0,0,0,0,0
"COG1979",35,37,35,36,41,45,38,54,50,53,62,13,37,57,50,64,52,55,26,60
"COG1982",51,43,42,39,50,129,75,30,33,64,31,35,33,59,83,57,33,84,40,22
"COG1983",3,4,4,2,3,2,4,4,0,0,9,2,5,4,9,1,9,3,9,21
"COG1984",6,11,3,2,3,10,2,2,2,2,2,3,3,5,5,12,1,0,5,3
"COG1985",32,39,47,44,41,33,23,55,44,32,35,68,38,34,27,20,39,43,60,25
"COG1986",0,1,0,1,0,6,2,1,1,2,1,0,0,0,2,0,0,0,0,0
"COG1987",7,0,3,4,7,5,0,0,2,5,1,1,2,0,1,0,2,0,5,2
"COG1988",2,0,3,1,4,18,4,1,1,4,2,0,1,1,6,0,1,0,1,0
"COG1989",16,2,10,14,12,30,17,1,2,16,10,3,7,13,14,8,6,6,10,3
"COG1990",0,1,1,1,3,3,0,0,0,2,5,0,0,0,3,0,2,5,1,0
"COG1992",2,0,0,1,0,0,0,0,1,0,1,0,1,2,0,0,0,0,0,0
"COG1993",0,0,0,0,0,0,0,0,0,0,0,0,0,0,0,0,0,2,0,1
"COG1994",14,9,9,16,8,7,22,8,9,7,7,8,6,7,4,24,7,26,14,1
"COG1995",30,24,22,29,22,16,31,20,45,23,34,37,37,24,15,14,23,23,33,22
"COG2000",5,5,5,4,0,4,9,3,5,0,0,0,7,5,4,22,2,14,5,3
"COG2001",19,23,23,20,30,16,18,12,11,13,20,8,16,44,25,23,19,22,14,14
"COG2002",25,22,15,26,21,30,31,16,12,33,18,5,4,20,19,29,18,31,23,4
"COG2003",44,32,31,47,46,43,46,41,53,55,35,91,24,53,40,52,30,38,59,45
"COG2005",1,0,3,2,5,9,2,2,5,0,6,2,3,5,3,5,2,2,2,0
"COG2006",12,6,3,16,9,10,7,6,16,1,12,0,9,6,21,20,8,10,8,14
"COG2008",30,42,32,37,41,31,33,49,23,41,39,48,29,38,39,31,45,45,23,32
"COG2009",1,0,0,0,1,4,2,2,0,1,3,0,7,2,0,0,0,1,1,0
"COG2010",0,0,0,0,0,2,0,0,0,0,0,0,0,0,0,0,0,0,6,0
"COG2011",7,2,3,2,6,9,5,4,4,3,7,5,19,18,27,35,17,21,8,4
"COG2013",15,5,9,7,8,7,16,6,4,21,3,10,7,9,21,14,1,6,1,7
"COG2014",0,0,0,0,1,0,0,0,0,0,0,0,0,0,0,0,0,0,0,0
"COG2015",18,10,7,4,4,16,12,7,3,5,8,5,4,8,10,10,9,46,10,4
"COG2017",115,119,119,130,129,105,110,132,118,117,96,131,112,138,109,101,122,110,137,163
"COG2020",1,0,3,0,6,1,1,0,3,1,0,0,2,0,2,2,1,1,3,0
"COG2021",5,1,0,4,2,0,0,2,5,0,2,1,0,3,0,4,0,1,4,0
"COG2022",21,12,24,17,17,17,11,17,23,22,30,12,13,17,14,8,10,18,20,15
"COG2025",52,31,51,35,39,43,58,66,76,34,61,53,38,56,31,58,46,67,60,34
"COG2026",4,1,1,0,2,9,2,4,1,1,1,0,0,1,5,2,0,6,2,1
"COG2027",10,30,11,10,22,39,17,26,32,36,23,8,24,19,16,2,28,11,13,31
"COG2030",5,16,14,10,14,8,16,26,35,14,37,26,12,13,69,13,11,13,20,26
"COG2031",1,0,0,4,1,3,0,3,1,0,5,1,1,0,2,4,5,7,0,2
"COG2032",0,1,0,1,0,10,3,1,0,2,0,0,0,2,1,6,0,2,1,0
"COG2033",3,1,2,9,2,6,7,2,7,7,4,12,12,3,3,4,5,8,8,2
"COG2035",15,9,12,16,8,6,31,14,11,18,16,4,8,9,7,26,10,5,12,1
"COG2038",20,32,36,23,24,36,25,43,20,31,35,9,45,36,24,38,34,38,34,42
"COG2039",0,0,4,0,4,2,3,2,1,2,4,2,0,4,17,14,3,1,3,2
"COG2040",0,1,0,0,2,2,0,0,3,2,9,2,4,2,0,4,2,3,0,4
"COG2041",0,0,0,0,0,14,0,1,1,0,0,0,0,0,0,0,0,0,0,2
"COG2043",1,0,1,1,1,0,0,0,1,0,2,0,0,3,0,1,0,0,0,1
"COG2045",0,0,0,3,0,0,0,0,1,1,0,0,0,2,0,4,1,0,0,0
"COG2046",0,0,0,0,0,0,0,0,0,0,0,0,0,0,0,0,0,0,0,0
"COG2048",2,2,2,0,3,3,9,5,8,5,4,0,3,0,7,20,4,3,3,1
"COG2049",6,11,0,2,6,9,2,2,1,1,2,2,1,4,8,9,1,2,5,1
"COG2050",6,15,16,11,5,12,8,16,7,5,29,23,37,26,1,11,18,41,25,32
"COG2052",7,2,7,4,3,2,6,1,2,4,4,2,0,5,6,13,5,9,4,0
"COG2055",3,11,11,7,4,37,4,10,2,2,3,2,10,4,14,18,4,7,6,10
"COG2056",0,0,0,1,3,1,0,0,2,1,1,0,0,5,0,3,1,0,0,1
"COG2057",1,1,2,1,1,3,3,4,5,3,13,0,1,3,2,2,2,0,1,4
"COG2059",62,50,57,75,57,38,38,66,56,37,58,105,54,51,48,46,65,97,63,70
"COG2060",11,39,32,21,41,39,27,41,41,44,41,3,34,31,2,11,36,33,62,57
"COG2062",0,0,0,0,0,3,0,0,2,0,2,2,0,0,3,1,0,0,0,0
"COG2063",0,0,0,0,0,4,0,0,0,0,0,0,0,0,0,0,0,0,0,0
"COG2064",0,9,2,0,0,0,1,1,1,1,3,1,0,2,0,2,0,0,0,0
"COG2065",2,2,1,3,1,0,7,1,7,2,0,0,1,6,11,12,0,3,4,1
"COG2066",23,35,39,17,29,22,8,41,25,8,20,1,35,45,9,13,22,15,21,35
"COG2067",14,4,17,10,4,15,15,10,17,14,31,44,25,14,2,7,4,5,23,9
"COG2068",0,1,1,0,2,4,1,0,2,3,6,3,6,5,20,9,1,5,3,2
"COG2069",4,0,0,0,1,6,4,2,1,2,0,2,0,0,12,8,2,1,1,0
"COG2070",54,43,58,59,69,43,62,77,52,58,40,16,49,65,57,36,65,81,42,61
"COG2071",16,47,27,37,34,29,36,37,37,38,34,90,37,34,18,27,30,21,60,38
"COG2072",0,0,0,0,0,1,0,1,0,0,0,0,0,0,0,0,0,0,0,0
"COG2073",16,34,20,27,32,25,11,16,11,15,10,4,28,16,30,23,32,42,17,20
"COG2076",8,2,2,11,6,29,2,9,7,3,2,4,12,3,1,8,4,7,11,12
"COG2077",12,17,13,6,16,10,21,24,10,24,11,0,3,4,0,2,5,0,2,11
"COG2078",0,0,0,6,0,0,0,0,0,1,1,50,2,1,12,7,1,0,0,0
"COG2079",5,5,3,2,1,14,2,6,6,3,4,2,7,2,1,4,1,3,1,5
"COG2080",14,9,18,22,12,47,9,19,12,14,24,6,28,13,42,42,9,31,11,12
"COG2081",40,39,47,61,39,47,59,32,30,40,12,11,16,16,14,20,20,16,20,6
"COG2082",19,16,22,26,27,9,6,17,15,15,11,5,22,15,7,14,26,17,10,6
"COG2084",6,8,10,11,9,48,11,8,10,7,12,1,16,15,15,12,8,26,8,7
"COG2085",0,0,0,0,2,0,1,0,0,0,2,1,0,2,0,2,0,0,0,0
"COG2086",43,37,54,31,37,22,40,42,40,34,43,35,45,39,18,32,40,39,36,24
"COG2087",14,21,20,9,17,19,17,12,6,31,14,4,19,13,19,24,22,25,14,15
"COG2088",18,8,12,22,17,13,12,11,8,16,11,5,5,15,13,17,13,14,12,3
"COG2089",33,15,32,18,24,10,4,25,13,15,3,49,2,11,0,4,7,3,10,8
"COG2091",10,3,7,11,14,27,8,14,2,14,7,8,4,5,15,27,5,3,2,5
"COG2094",0,0,1,1,0,1,1,2,3,1,3,1,0,2,9,6,0,0,1,0
"COG2095",14,34,21,17,23,30,29,30,32,34,48,5,19,26,3,14,18,22,13,53
"COG2096",18,15,15,22,21,7,16,24,18,12,22,8,28,20,2,3,24,19,20,33
"COG2099",13,41,34,21,29,28,14,49,20,20,22,11,32,23,15,26,39,44,33,25
"COG2102",2,0,0,2,0,1,1,2,2,0,6,0,1,0,2,5,2,1,3,0
"COG2103",12,19,18,10,11,10,2,26,26,6,13,10,20,12,2,11,14,8,22,15
"COG2104",1,0,0,0,0,3,1,0,0,1,1,0,0,0,1,0,1,1,0,0
"COG2105",0,0,1,0,0,6,0,0,0,0,2,0,0,0,2,0,0,0,0,0
"COG2107",1,2,0,1,1,0,0,2,3,0,1,0,1,2,1,1,2,1,0,0
"COG2108",3,0,0,1,0,0,0,5,0,1,0,0,1,0,0,1,1,1,0,1
"COG2109",10,9,9,17,10,21,12,10,8,8,11,8,13,6,28,16,14,23,7,8
"COG2110",21,18,16,34,27,30,31,19,22,26,17,6,20,19,35,56,16,39,21,10
"COG2111",0,0,2,3,1,0,4,1,5,1,2,0,4,1,0,3,1,1,1,0
"COG2113",5,24,4,6,6,10,1,3,11,4,5,3,6,8,2,1,9,8,4,9
"COG2114",0,0,0,0,0,0,0,10,0,5,0,0,0,8,1,15,0,1,1,0
"COG2115",6,16,22,14,9,21,23,30,18,34,29,3,16,22,15,29,12,19,12,18
"COG2116",26,13,11,9,16,46,10,6,9,17,10,7,3,6,30,26,15,6,8,2
"COG2119",6,4,0,5,2,2,5,2,0,5,2,1,4,0,5,0,2,3,4,0
"COG2120",2,4,5,2,5,12,8,14,3,2,1,2,3,0,0,13,8,6,11,6
"COG2121",2,1,0,0,0,0,1,1,0,0,0,0,3,0,0,0,0,1,6,1
"COG2122",2,0,0,1,0,0,0,0,0,0,1,0,0,0,0,0,3,1,1,0
"COG2127",0,2,2,0,3,1,1,5,2,8,1,20,5,1,0,1,1,1,13,3
"COG2128",0,2,0,0,0,8,0,1,0,0,1,0,3,0,5,0,0,0,0,0
"COG2129",2,1,2,5,4,2,4,1,1,2,7,1,0,12,9,4,5,8,6,0
"COG2130",0,0,0,0,0,7,0,0,0,0,2,0,0,0,0,0,0,0,1,1
"COG2131",23,26,29,40,21,14,31,27,18,41,24,33,37,34,29,34,28,40,35,12
"COG2132",0,1,0,0,2,28,0,1,0,0,4,1,0,4,14,2,0,1,7,2
"COG2133",1,0,0,1,0,13,1,0,1,0,0,0,0,1,0,0,1,0,0,1
"COG2134",0,0,0,0,0,15,0,0,1,0,0,0,0,0,0,1,0,0,0,0
"COG2135",3,3,1,8,2,4,5,6,2,3,1,0,0,1,10,4,7,4,0,7
"COG2137",4,15,4,12,6,9,11,6,9,6,6,3,2,13,6,16,8,6,11,2
"COG2140",3,9,17,4,2,0,4,16,9,3,3,0,3,8,1,0,13,0,8,8
"COG2141",0,3,0,0,0,24,1,0,1,1,2,0,1,1,5,3,2,1,0,0
"COG2142",0,0,0,0,1,6,0,0,0,0,0,0,0,0,1,0,0,0,0,0
"COG2143",0,0,0,0,0,0,0,0,0,0,1,0,0,1,0,0,0,0,0,0
"COG2145",17,13,12,14,13,23,19,7,8,9,12,48,11,11,34,17,15,23,13,5
"COG2146",0,0,0,0,0,9,0,0,0,0,0,0,0,0,1,0,0,1,0,0
"COG2148",157,140,177,128,116,114,102,119,112,111,112,174,139,115,119,105,143,140,105,168
"COG2149",0,1,0,0,0,6,0,0,0,0,0,0,0,0,2,0,1,0,0,0
"COG2151",5,10,10,5,6,5,13,9,21,10,19,33,10,8,19,5,9,8,12,18
"COG2152",51,73,50,78,75,18,47,67,57,45,75,36,88,76,20,42,91,31,62,98
"COG2153",0,0,1,2,1,6,0,2,2,4,2,2,1,4,7,4,4,1,2,2
"COG2155",3,3,1,1,2,3,7,2,2,5,2,1,3,11,2,4,2,9,1,1
"COG2156",5,5,16,7,10,8,13,10,25,13,15,0,15,7,5,7,10,8,16,10
"COG2158",2,2,1,4,0,0,1,0,1,4,0,0,0,5,3,4,3,1,0,0
"COG2159",24,11,17,23,7,12,18,7,9,6,10,4,15,20,15,33,12,13,20,13
"COG2160",28,30,48,40,21,40,41,44,64,31,27,53,38,31,44,31,44,33,55,51
"COG2161",0,2,1,2,0,17,2,4,1,1,1,1,1,0,0,2,1,0,1,0
"COG2162",0,0,0,2,1,10,1,1,4,0,4,0,0,0,2,5,0,1,0,3
"COG2163",1,0,0,1,0,0,2,0,1,1,1,0,0,1,0,3,0,0,0,0
"COG2165",0,0,1,0,2,16,0,4,6,0,2,0,0,0,1,1,1,2,0,1
"COG2166",13,17,11,12,15,14,14,21,15,15,19,20,12,16,2,4,18,8,14,27
"COG2168",0,0,0,0,0,6,0,0,0,0,0,0,0,0,1,0,0,1,1,0
"COG2169",3,5,5,7,5,7,1,8,7,2,2,0,0,11,3,1,9,6,2,15
"COG2170",1,0,0,1,0,11,0,0,0,0,0,0,0,0,0,0,0,1,0,1
"COG2171",3,3,3,1,3,5,2,6,11,1,14,0,3,3,18,9,1,1,4,1
"COG2172",7,17,20,12,7,8,21,10,11,15,7,11,11,12,18,27,17,15,11,5
"COG2173",10,13,21,12,13,9,5,31,13,8,12,1,18,21,4,14,11,9,13,20
"COG2175",0,0,0,0,0,11,0,0,0,0,2,0,0,0,0,1,0,1,1,0
"COG2176",95,79,88,82,95,77,133,75,50,95,61,43,65,93,140,228,71,126,63,75
"COG2177",56,48,39,56,38,27,43,47,48,53,33,35,49,56,33,53,45,40,39,36
"COG2179",9,3,18,16,11,13,21,12,9,14,6,5,3,13,25,19,12,15,6,2
"COG2180",1,1,0,0,2,15,0,0,1,2,0,0,3,0,1,0,0,1,0,1
"COG2181",1,0,0,0,1,10,1,3,0,0,1,0,2,1,4,3,2,0,0,1
"COG2182",58,19,41,31,30,35,27,18,17,40,25,7,8,25,61,15,43,11,26,6
"COG2183",75,58,76,92,79,78,88,64,53,84,52,119,76,75,44,91,56,74,96,35
"COG2184",39,6,14,17,12,11,17,5,14,18,13,19,18,7,35,51,8,25,19,12
"COG2185",67,48,56,49,43,31,72,91,77,57,27,3,22,20,3,17,16,15,25,24
"COG2186",32,18,39,34,45,65,24,21,22,15,17,20,25,11,36,39,25,55,13,18
"COG2188",28,19,35,38,23,57,44,37,20,20,27,10,45,33,98,48,32,50,22,41
"COG2189",49,21,11,33,26,11,45,18,32,20,27,65,24,26,16,39,24,27,91,19
"COG2190",27,22,29,22,30,72,63,28,18,23,24,10,18,22,148,15,25,70,15,23
"COG2191",0,1,1,0,1,0,1,1,0,0,2,0,0,1,0,4,1,1,0,2
"COG2192",2,2,0,2,1,1,0,0,0,1,0,2,4,1,0,5,3,5,1,0
"COG2193",2,8,4,4,8,10,1,10,4,1,6,0,0,9,3,0,12,3,5,7
"COG2194",42,27,22,69,27,89,17,48,71,24,37,67,57,36,9,39,37,20,32,74
"COG2195",140,115,160,142,116,87,95,151,151,111,123,188,159,133,105,105,121,93,150,112
"COG2197",108,190,184,141,188,143,134,229,191,121,235,61,211,160,107,81,266,104,102,500
"COG2198",2,6,3,0,6,84,1,3,4,2,2,1,0,5,5,3,4,3,1,3
"COG2199",222,80,172,208,165,400,156,60,54,237,92,61,120,146,188,174,134,104,64,45
"COG2200",93,32,73,75,105,239,80,24,25,93,48,20,46,50,84,86,50,34,31,25
"COG2201",19,10,13,12,11,12,12,0,4,12,2,3,6,11,6,1,4,4,3,2
"COG2202",19,27,10,13,33,104,5,22,26,16,9,2,25,31,10,9,27,14,4,52
"COG2203",2,1,0,1,2,20,9,1,1,6,2,0,1,3,6,2,6,1,0,1
"COG2204",124,252,204,179,210,163,114,291,289,151,197,154,238,216,14,66,204,151,310,310
"COG2205",64,71,82,54,73,54,48,74,71,69,68,75,64,63,66,92,81,87,83,45
"COG2206",107,43,91,60,52,57,50,20,20,125,18,41,28,74,53,13,69,35,39,8
"COG2207",750,919,1009,805,989,804,851,1007,906,1015,1048,502,954,826,644,489,1202,802,716,1556
"COG2208",35,38,25,28,22,32,44,27,25,35,15,20,21,51,51,74,27,16,30,14
"COG2209",7,8,4,10,10,3,10,8,26,3,5,13,8,4,5,4,4,7,4,4
"COG2210",21,26,30,20,37,16,36,41,32,29,40,17,52,43,5,4,38,29,24,55
"COG2211",138,261,155,169,115,196,108,100,107,115,133,66,116,136,195,177,91,230,136,78
"COG2212",1,0,0,0,0,0,1,0,0,0,0,0,0,0,0,0,0,0,1,0
"COG2213",1,1,5,10,1,35,11,3,9,1,2,3,8,4,6,1,4,5,10,8
"COG2214",21,25,19,32,32,19,26,25,22,43,23,24,16,18,32,35,15,24,20,13
"COG2215",0,0,0,0,0,8,0,1,0,0,0,1,0,0,1,0,0,0,0,0
"COG2216",23,33,41,23,37,24,35,57,44,28,39,1,39,40,5,13,34,25,74,64
"COG2217",226,219,186,197,218,171,194,207,203,199,167,113,191,224,275,264,189,263,184,145
"COG2220",45,61,52,43,50,45,86,75,88,51,91,55,68,57,26,45,71,43,94,97
"COG2221",13,4,4,14,11,15,13,4,5,5,9,5,13,13,10,6,7,7,4,8
"COG2222",10,7,6,2,6,11,2,5,1,1,6,5,24,5,36,16,16,36,5,4
"COG2223",1,0,0,0,0,14,0,1,1,0,1,0,2,2,3,0,4,0,0,2
"COG2224",0,2,0,0,0,15,0,0,0,0,0,0,0,0,2,1,2,0,0,0
"COG2225",0,1,0,0,1,34,0,1,1,0,1,0,0,0,1,0,0,0,1,1
"COG2226",19,24,24,15,24,23,17,18,34,23,11,12,7,5,1,6,8,6,10,9
"COG2227",0,4,3,5,0,4,1,10,6,0,4,0,1,3,3,0,2,3,1,2
"COG2230",2,1,2,5,1,4,1,1,0,3,10,4,11,8,16,8,0,5,0,4
"COG2231",0,0,0,0,0,0,0,0,1,0,1,0,0,0,6,0,0,0,1,0
"COG2233",79,61,56,103,74,142,72,80,82,83,81,77,92,73,143,72,63,95,65,60
"COG2234",35,111,54,28,42,44,28,56,39,41,44,12,39,63,52,29,69,45,39,71
"COG2235",1,1,3,4,1,3,1,6,9,2,4,0,1,1,4,8,4,0,2,0
"COG2236",0,0,0,0,1,0,0,0,1,1,2,0,0,0,0,1,0,0,0,0
"COG2239",88,71,69,43,58,45,60,78,56,59,60,20,38,58,57,87,61,88,36,24
"COG2240",6,13,5,12,9,16,7,13,7,17,39,24,29,37,30,37,35,33,30,33
"COG2241",21,30,27,22,35,20,10,33,14,19,21,14,20,33,24,27,22,45,18,13
"COG2242",26,24,26,25,31,24,14,29,15,27,15,13,16,22,23,34,30,43,16,18
"COG2243",13,31,25,16,20,10,11,28,11,11,9,7,14,7,17,8,16,19,14,14
"COG2244",208,167,245,161,178,145,255,192,178,201,230,353,189,198,209,200,221,160,222,298
"COG2246",14,6,9,22,9,9,18,4,5,10,7,6,4,9,15,14,8,9,8,2
"COG2247",0,0,0,0,0,0,0,0,0,0,0,0,0,0,9,0,0,0,0,0
"COG2249",1,15,14,1,14,25,3,11,6,4,11,3,7,7,6,7,10,8,5,11
"COG2250",1,0,0,0,0,0,0,0,0,0,0,0,0,0,0,0,0,0,0,0
"COG2252",42,23,38,38,24,79,51,41,39,45,48,59,58,41,123,66,36,53,38,20
"COG2253",0,0,0,3,0,0,0,0,0,0,0,18,0,0,0,0,0,0,1,0
"COG2255",49,48,45,30,36,36,43,47,63,52,49,43,42,53,59,69,36,36,51,29
"COG2256",48,44,55,61,38,47,65,47,58,55,15,14,19,26,21,15,15,15,25,15
"COG2257",0,3,4,7,3,0,1,1,1,6,1,0,1,1,1,0,0,1,2,1
"COG2258",12,3,8,6,7,22,7,4,3,3,4,5,7,10,12,5,10,27,8,3
"COG2259",7,14,9,4,5,20,1,4,8,1,3,2,7,9,2,2,11,3,7,15
"COG2261",0,0,0,0,0,1,0,0,1,0,1,0,0,0,3,0,0,0,0,0
"COG2262",60,62,56,51,58,28,52,54,60,52,38,53,58,63,58,73,47,66,55,35
"COG2264",41,37,45,34,40,27,38,49,29,52,48,31,32,33,38,44,28,44,29,33
"COG2265",100,67,86,98,85,90,85,69,78,75,64,73,62,95,103,100,80,68,71,41
"COG2267",37,17,21,26,12,43,21,22,16,20,15,16,9,22,35,39,18,32,25,11
"COG2268",24,11,23,33,34,25,13,13,13,17,11,11,33,18,6,10,19,7,14,37
"COG2269",0,1,0,0,0,22,0,0,0,0,1,1,0,0,1,0,0,0,0,0
"COG2270",15,10,11,11,12,12,6,10,8,5,13,11,7,14,22,15,8,23,9,1
"COG2271",13,16,49,12,21,55,17,20,49,4,47,4,13,28,8,16,30,23,49,56
"COG2272",25,34,22,21,27,10,12,38,29,24,31,100,12,7,57,28,21,16,56,9
"COG2273",28,26,31,40,27,19,41,30,40,20,61,8,53,38,4,23,46,22,25,81
"COG2274",64,127,39,96,76,64,42,66,54,24,35,177,110,64,29,24,90,58,66,43
"COG2301",7,5,3,8,5,12,6,10,0,5,3,4,18,3,12,8,3,10,3,4
"COG2302",22,14,17,19,14,11,36,11,11,22,10,9,4,15,32,39,15,28,11,7
"COG2303",0,0,0,0,1,18,0,1,0,0,1,0,0,0,1,0,0,0,0,1
"COG2304",56,41,57,66,80,29,65,55,71,55,76,79,72,76,11,51,48,41,66,96
"COG2306",0,0,0,0,0,0,2,1,0,2,0,0,0,1,0,0,1,0,0,0
"COG2307",0,0,0,0,0,1,0,0,1,0,5,0,0,0,10,0,0,0,0,0
"COG2308",0,1,0,0,1,0,2,2,1,1,2,0,0,1,11,0,0,0,0,0
"COG2309",28,14,31,32,23,33,37,28,13,29,13,10,18,28,62,33,24,39,24,7
"COG2310",4,2,6,4,4,10,4,4,0,5,0,32,1,9,7,4,4,6,4,0
"COG2311",10,42,20,32,27,28,35,39,40,39,52,30,27,30,8,8,35,17,40,91
"COG2312",1,4,0,1,0,2,3,0,0,2,0,0,6,4,1,3,0,7,0,0
"COG2313",2,3,3,2,0,6,0,6,4,1,7,0,1,4,0,17,2,2,0,0
"COG2314",1,2,0,0,0,2,1,0,1,0,5,1,1,2,6,1,2,0,0,0
"COG2315",16,27,25,23,27,35,32,26,20,22,13,16,23,21,20,11,29,19,42,45
"COG2316",3,1,1,2,0,2,0,1,2,2,5,2,8,6,7,20,1,7,6,0
"COG2317",5,5,5,15,9,7,1,10,3,7,18,3,4,9,11,19,7,25,2,0
"COG2318",0,0,0,0,0,2,0,0,0,0,0,0,0,0,0,0,0,0,0,0
"COG2319",2,1,0,4,1,0,7,1,17,2,1,1,6,1,0,0,8,1,0,8
"COG2320",1,3,1,1,2,5,1,2,0,0,2,0,0,2,5,3,5,9,2,0
"COG2321",3,0,0,0,0,8,0,0,3,0,2,1,2,0,0,2,0,0,0,0
"COG2323",9,15,10,14,7,14,16,9,13,12,12,7,3,10,7,46,17,22,9,7
"COG2326",17,10,21,22,13,13,27,13,16,28,16,5,12,19,25,21,18,23,20,30
"COG2327",10,13,3,18,10,7,2,12,11,10,16,4,20,15,8,25,23,14,15,2
"COG2329",0,0,0,1,0,1,0,0,2,4,0,0,0,0,0,1,1,0,0,0
"COG2331",0,0,0,1,1,0,0,0,1,2,1,1,1,0,5,0,0,1,0,0
"COG2332",0,0,0,0,0,6,0,1,0,2,0,2,1,0,0,0,1,1,0,0
"COG2333",54,34,48,50,23,50,62,36,27,40,24,19,27,37,66,72,26,59,20,12
"COG2334",0,2,2,1,2,20,2,0,1,3,0,1,1,2,10,2,1,4,1,3
"COG2335",0,0,0,0,1,0,1,0,5,1,0,0,0,0,0,0,0,0,0,0
"COG2336",0,0,0,0,0,6,0,0,0,0,1,0,0,0,0,0,1,0,0,0
"COG2337",46,119,43,32,56,40,43,26,14,29,27,8,22,28,43,58,35,106,22,189
"COG2339",4,2,6,3,0,7,11,1,3,5,3,0,2,2,4,7,5,2,10,0
"COG2340",15,13,15,17,4,3,12,2,4,14,3,4,5,11,10,14,4,3,6,0
"COG2342",0,0,0,0,0,0,0,0,0,0,4,0,0,0,0,0,0,0,0,0
"COG2344",26,31,39,31,31,32,34,33,18,31,34,13,21,42,32,41,28,33,21,33
"COG2346",0,0,0,0,1,0,0,1,0,0,0,0,1,0,0,0,0,0,0,0
"COG2348",3,19,6,2,1,0,23,1,9,5,6,2,1,3,24,37,2,2,5,0
"COG2350",1,0,0,0,2,1,1,0,0,1,0,0,1,1,0,0,0,1,0,0
"COG2351",0,1,1,1,0,5,4,1,0,5,8,0,1,2,1,0,0,0,2,5
"COG2352",0,2,0,0,0,15,0,1,4,0,8,1,3,0,51,5,1,0,0,0
"COG2353",0,0,0,0,0,8,0,0,1,0,1,0,1,0,0,0,0,1,0,0
"COG2354",0,0,0,0,0,2,0,0,2,0,0,0,0,1,2,0,0,0,0,1
"COG2355",29,49,26,31,30,21,45,34,54,67,42,79,41,41,15,42,46,44,51,34
"COG2356",22,0,1,5,3,9,8,1,10,3,2,10,54,1,1,2,3,0,3,0
"COG2357",43,33,36,40,23,29,34,20,14,41,20,17,14,39,78,31,29,34,10,8
"COG2358",17,13,21,22,25,19,16,18,11,14,12,9,11,19,16,28,14,8,5,5
"COG2359",2,0,0,3,1,0,5,1,0,0,1,0,2,0,0,3,1,0,0,0
"COG2360",0,11,9,5,6,8,9,10,5,5,1,21,11,1,1,2,7,2,18,5
"COG2361",10,8,3,4,3,3,8,4,8,8,10,7,2,3,1,5,10,3,10,8
"COG2362",2,1,2,0,1,3,3,3,2,0,1,0,3,1,4,6,0,3,2,1
"COG2363",0,1,0,0,1,6,0,0,0,0,0,1,1,0,1,0,0,0,0,1
"COG2364",29,28,18,26,22,16,52,9,11,36,39,20,29,28,36,23,18,22,24,18
"COG2365",10,10,27,12,22,12,14,16,20,16,10,9,14,15,48,13,22,57,15,40
"COG2366",0,0,0,0,0,6,0,0,0,0,1,0,0,3,0,0,0,0,0,0
"COG2367",26,27,31,27,31,29,30,29,19,19,25,73,31,18,20,10,44,29,62,28
"COG2368",1,0,1,3,3,10,0,4,6,2,13,1,2,1,1,2,0,0,2,1
"COG2369",9,9,6,0,4,5,1,0,8,1,0,4,16,4,0,4,1,0,1,1
"COG2371",4,0,0,0,0,1,4,1,2,0,0,0,0,3,1,6,0,1,0,0
"COG2372",0,0,0,0,0,6,0,0,0,0,0,0,0,0,1,1,0,0,0,0
"COG2373",103,79,80,97,102,54,72,114,144,64,130,153,160,74,6,47,102,75,103,170
"COG2374",8,13,12,0,4,2,1,3,6,0,0,0,0,5,0,2,11,3,0,0
"COG2375",0,0,0,0,0,8,0,0,1,0,0,1,0,0,1,1,0,0,0,0
"COG2376",8,3,5,23,9,15,13,17,10,4,13,1,17,6,10,3,6,11,4,10
"COG2377",2,4,4,4,0,10,1,8,0,3,7,4,5,2,2,5,4,2,7,3
"COG2378",24,29,16,14,9,24,12,16,14,7,26,7,13,21,9,21,12,12,14,16
"COG2379",9,6,4,8,8,18,5,13,8,9,8,1,0,15,2,17,12,23,10,0
"COG2382",40,40,50,17,27,30,24,52,38,40,28,42,44,27,7,18,64,20,43,30
"COG2384",17,12,12,22,10,12,21,5,5,17,12,9,11,12,19,22,13,10,3,7
"COG2385",59,54,62,58,34,40,66,54,34,66,38,23,45,66,42,60,59,72,39,36
"COG2386",0,0,0,0,3,4,0,0,0,1,1,0,3,0,2,1,0,1,0,0
"COG2388",4,8,4,4,7,8,4,6,8,7,8,0,8,4,1,3,3,5,4,16
"COG2390",5,5,7,10,2,11,14,2,6,3,10,0,10,4,23,3,2,13,9,9
"COG2391",1,0,0,1,0,14,1,0,2,1,3,1,3,2,3,2,1,1,1,1
"COG2404",0,0,1,0,1,2,0,2,0,1,0,0,1,0,0,0,0,0,1,0
"COG2405",1,0,0,1,0,0,1,0,0,0,0,0,0,0,0,1,0,2,0,0
"COG2406",1,0,2,1,4,1,1,3,2,3,4,0,6,1,0,0,3,1,1,18
"COG2407",79,125,90,74,77,66,78,113,77,75,74,54,92,105,62,73,107,62,78,84
"COG2409",0,0,0,0,0,0,0,0,0,0,0,0,0,0,16,0,0,0,0,0
"COG2414",6,3,0,6,11,20,2,6,6,6,7,3,1,8,15,15,7,22,5,2
"COG2421",1,1,1,0,1,0,0,4,3,1,4,0,3,0,0,2,0,3,3,0
"COG2423",8,5,9,15,14,2,8,6,2,9,5,1,8,11,6,15,7,6,7,2
"COG2425",8,27,9,15,21,26,14,12,22,7,7,14,5,4,1,2,5,3,4,11
"COG2426",1,4,2,3,0,2,3,3,2,0,2,2,1,3,1,10,0,1,1,1
"COG2431",12,32,30,22,25,13,35,36,27,36,51,24,17,28,5,12,33,20,27,44
"COG2440",0,1,0,0,0,10,0,0,0,0,1,0,1,0,0,0,0,0,0,1
"COG2452",7,2,10,3,5,7,7,5,2,5,6,38,4,8,37,4,5,5,0,1
"COG2453",0,0,0,0,0,11,0,0,0,0,0,0,0,0,0,0,0,0,0,1
"COG2454",0,0,0,0,0,1,0,0,0,0,0,0,0,0,3,0,0,0,0,0
"COG2461",3,4,2,13,13,7,8,5,4,12,6,13,24,4,50,3,8,2,2,0
"COG2501",6,7,10,14,6,13,11,11,5,8,4,1,2,8,7,12,4,16,5,2
"COG2502",27,28,38,32,26,45,22,21,37,24,21,58,25,23,28,27,26,40,53,15
"COG2503",1,0,0,0,0,0,0,0,1,1,0,1,1,0,0,0,0,0,0,0
"COG2508",26,6,16,14,19,19,24,16,10,23,41,33,21,46,107,73,46,72,25,18
"COG2509",92,100,82,82,87,61,81,75,78,98,72,71,64,99,59,109,70,129,82,44
"COG2510",5,10,9,16,10,14,18,7,3,7,3,2,4,4,6,25,8,14,3,5
"COG2513",8,21,14,5,2,10,1,5,10,7,2,78,8,15,0,4,4,3,2,22
"COG2514",0,0,0,0,0,0,0,0,0,0,0,0,0,0,0,0,0,0,0,0
"COG2515",0,1,0,3,1,5,1,0,1,0,3,1,1,2,1,8,3,3,4,2
"COG2516",0,0,0,0,0,0,0,0,0,1,0,0,0,0,0,0,1,0,0,0
"COG2518",0,0,0,0,1,4,0,1,0,0,0,0,0,0,0,0,1,0,0,0
"COG2519",0,0,0,0,0,0,0,0,3,1,5,0,2,0,9,0,0,0,0,0
"COG2602",10,2,7,14,5,7,9,1,0,1,3,2,2,2,6,2,0,2,0,4
"COG2603",0,1,0,0,0,6,0,0,0,0,0,0,0,0,4,0,0,0,0,0
"COG2604",3,7,3,3,12,4,0,1,1,10,0,4,10,9,0,1,0,0,1,0
"COG2605",34,46,32,31,23,15,35,37,32,37,39,14,43,46,20,6,40,34,32,86
"COG2606",23,31,19,28,31,24,26,28,23,39,40,12,26,36,22,28,26,29,20,22
"COG2607",40,25,23,34,36,30,28,17,11,35,9,11,17,22,28,24,24,35,18,4
"COG2608",16,12,27,23,14,21,18,6,7,8,1,10,0,13,42,51,17,23,12,4
"COG2609",0,0,0,0,0,20,0,3,0,0,0,2,1,1,5,0,2,2,0,0
"COG2610",19,21,37,32,24,84,22,28,25,24,23,16,25,26,44,16,12,52,17,40
"COG2703",13,1,17,7,11,4,7,4,1,11,1,7,3,3,2,2,8,0,3,0
"COG2704",15,34,30,24,22,42,26,46,42,24,36,2,43,31,2,12,23,31,26,23
"COG2706",20,35,29,16,22,20,19,26,17,37,27,8,34,19,35,20,28,21,17,49
"COG2707",0,0,0,3,0,4,0,0,0,0,1,0,1,0,3,0,0,0,1,0
"COG2710",5,8,11,7,14,16,16,16,14,7,10,5,14,8,30,12,6,24,2,11
"COG2715",24,37,27,20,15,14,38,34,41,32,25,67,36,21,13,35,24,24,46,35
"COG2716",0,0,0,0,1,6,0,0,1,0,0,1,0,0,2,1,1,0,0,0
"COG2717",2,4,1,2,8,9,1,2,1,8,3,0,11,6,3,2,0,2,1,0
"COG2718",0,2,0,0,1,7,0,0,0,0,1,0,0,0,1,0,0,0,0,1
"COG2719",0,0,1,1,0,5,0,0,0,0,0,0,0,0,6,0,0,0,0,0
"COG2720",6,3,5,7,5,3,8,4,3,3,8,7,18,26,22,49,13,11,7,5
"COG2721",42,28,38,47,41,52,31,48,37,56,21,31,45,39,39,22,47,124,50,19
"COG2723",81,37,86,54,58,139,58,39,15,54,37,26,28,38,148,42,51,129,65,28
"COG2730",97,44,74,96,76,24,104,59,31,61,19,66,15,34,12,33,25,8,28,5
"COG2731",16,17,37,22,29,33,24,27,17,20,32,18,23,20,14,8,30,25,27,30
"COG2732",1,0,0,0,0,4,0,0,0,0,0,0,0,0,3,0,0,0,1,0
"COG2733",0,1,2,8,1,15,7,1,1,3,3,2,11,1,1,5,1,0,5,2
"COG2738",22,31,20,25,20,13,18,41,23,28,26,16,23,34,13,31,36,7,19,19
"COG2739",12,6,12,13,10,10,16,11,9,11,13,9,6,13,14,17,7,19,7,7
"COG2740",13,6,11,8,7,7,8,11,7,12,4,2,4,6,12,17,6,8,9,3
"COG2746",3,2,3,1,6,12,3,1,1,9,3,0,0,2,4,0,2,1,4,0
"COG2747",0,0,0,0,0,0,0,0,0,0,0,0,0,0,0,0,0,0,0,0
"COG2755",131,155,153,156,161,93,142,138,160,156,152,122,125,132,83,103,144,164,155,166
"COG2759",61,47,68,72,59,47,78,77,85,71,62,81,76,60,67,98,66,58,56,58
"COG2761",1,0,0,0,0,0,1,0,0,0,0,0,0,0,0,0,0,0,0,0
"COG2764",0,0,0,1,0,10,0,1,0,0,0,0,1,0,2,0,1,0,0,0
"COG2766",0,3,0,0,0,13,0,0,1,0,0,0,0,0,5,0,0,0,0,0
"COG2768",27,20,27,22,24,15,21,32,30,18,29,4,30,26,35,25,25,42,17,10
"COG2770",0,0,0,0,0,0,0,2,0,0,0,0,0,0,3,0,0,0,0,0
"COG2771",2,9,1,0,1,67,2,4,7,1,6,2,1,0,6,4,2,3,1,4
"COG2801",164,76,121,192,252,220,259,152,155,122,181,242,177,99,244,265,128,125,119,184
"COG2804",42,8,21,20,36,54,34,14,16,32,20,2,18,19,37,31,12,7,21,3
"COG2805",38,6,20,32,25,36,30,11,10,40,10,3,14,20,35,35,13,6,21,7
"COG2807",1,1,0,0,2,14,1,0,3,0,5,1,7,1,1,0,0,0,2,4
"COG2812",98,122,103,85,109,80,113,110,92,131,89,98,92,103,109,110,109,74,139,92
"COG2813",3,3,2,1,0,24,2,0,2,0,4,0,1,2,10,4,0,2,1,0
"COG2814",14,13,13,38,28,47,26,21,35,26,11,12,15,4,10,3,6,5,11,15
"COG2815",28,18,16,23,26,19,17,18,15,25,12,6,12,19,52,19,14,22,7,3
"COG2816",29,24,28,29,15,23,24,16,25,30,22,27,25,23,20,17,31,29,18,30
"COG2818",9,15,14,9,13,19,8,33,15,8,14,0,22,16,15,5,18,14,18,19
"COG2819",12,7,7,8,7,7,9,4,5,3,9,12,13,19,27,13,20,41,15,10
"COG2820",28,28,27,22,21,28,22,34,25,23,28,27,29,37,9,23,33,34,22,26
"COG2821",0,0,0,0,1,3,0,2,1,1,2,3,4,1,2,0,2,2,0,0
"COG2822",1,0,0,0,0,5,0,0,1,0,0,0,0,0,0,1,0,0,0,0
"COG2823",0,0,0,1,4,13,1,0,3,1,1,0,1,1,1,1,1,4,1,0
"COG2824",0,0,0,0,0,7,0,1,0,0,0,0,0,0,2,0,0,0,0,0
"COG2825",0,2,0,0,3,10,0,6,8,1,5,1,3,2,4,4,1,1,0,11
"COG2826",63,20,64,99,45,66,47,54,31,111,45,686,42,26,193,180,37,197,59,25
"COG2827",3,1,5,2,3,3,8,4,3,2,2,2,1,3,19,6,2,3,4,5
"COG2828",4,2,4,0,1,10,0,0,2,0,0,0,1,3,2,1,6,3,0,1
"COG2829",7,0,0,3,2,3,1,2,1,1,5,2,2,1,2,1,1,1,0,3
"COG2830",22,21,13,3,14,0,7,21,15,14,20,1,8,15,2,3,13,11,8,24
"COG2831",1,3,4,8,4,5,0,4,7,3,2,1,5,4,2,2,3,8,1,3
"COG2832",3,1,0,7,0,8,6,0,2,4,2,7,3,4,8,2,3,3,2,3
"COG2834",1,0,1,0,0,10,2,2,0,1,2,0,3,3,1,0,0,1,0,0
"COG2835",0,1,0,0,0,3,0,0,0,0,1,0,0,0,1,0,0,0,0,0
"COG2836",1,2,0,1,6,2,1,1,0,4,0,0,0,2,4,1,1,3,1,0
"COG2837",0,7,1,4,7,10,1,3,10,1,6,1,12,1,1,2,6,4,1,21
"COG2839",0,4,3,1,3,0,0,6,6,0,1,0,2,5,2,1,3,3,1,4
"COG2840",0,1,0,1,0,12,0,0,2,1,0,0,1,0,0,0,0,0,1,0
"COG2841",0,0,0,0,0,2,0,0,0,0,0,0,0,0,0,0,0,0,0,0
"COG2842",4,0,2,4,8,1,10,7,12,4,2,1,1,10,0,6,3,1,21,0
"COG2843",71,49,60,39,48,26,60,43,35,43,38,19,26,66,44,66,54,43,34,42
"COG2844",0,2,0,1,7,22,1,1,3,5,9,6,6,4,14,4,2,1,2,0
"COG2845",0,0,0,0,0,0,0,3,0,0,0,0,0,0,0,1,0,1,0,0
"COG2846",1,9,9,3,5,7,12,13,6,8,16,1,6,2,5,2,8,0,6,10
"COG2848",36,31,30,37,34,15,31,23,45,35,31,42,13,29,33,44,20,37,35,12
"COG2849",8,5,1,14,5,0,12,11,16,15,22,1,9,13,0,0,3,22,8,14
"COG2850",0,1,0,0,0,6,1,0,0,0,0,2,0,1,2,0,0,0,0,1
"COG2851",1,7,5,2,3,3,5,8,3,4,4,0,3,4,14,0,4,3,0,0
"COG2852",5,3,4,2,2,1,5,1,6,4,5,2,4,2,4,6,6,21,6,1
"COG2853",1,0,1,0,2,9,3,3,1,1,4,1,3,3,1,1,1,2,0,2
"COG2854",0,1,0,2,3,7,0,0,1,1,0,0,2,1,2,2,0,2,1,1
"COG2855",10,12,9,13,6,5,5,21,14,6,31,71,41,32,34,25,47,28,40,40
"COG2856",29,7,23,29,12,16,35,21,28,27,15,62,33,16,28,56,14,19,17,43
"COG2859",10,11,18,16,10,5,19,9,16,6,13,44,16,11,0,2,10,8,23,12
"COG2860",12,16,15,16,7,24,11,15,13,14,29,5,15,23,15,17,12,8,11,21
"COG2861",1,3,0,1,2,12,0,5,5,3,3,1,2,0,2,2,3,7,1,1
"COG2862",0,0,0,0,2,10,0,1,1,1,1,1,1,0,1,0,0,0,0,0
"COG2863",0,0,0,0,0,0,0,0,0,0,0,0,0,0,0,0,0,0,0,0
"COG2864",0,0,0,0,1,10,3,2,2,1,0,0,0,2,2,0,1,2,0,0
"COG2865",100,111,134,170,127,85,95,71,126,116,128,123,110,78,114,98,122,77,74,88
"COG2866",7,4,12,7,9,15,10,11,15,8,16,0,11,9,3,25,11,10,13,0
"COG2867",0,0,0,0,0,2,0,1,0,0,1,0,0,0,1,0,0,0,0,0
"COG2868",12,8,10,14,6,8,8,5,6,9,8,3,5,4,10,15,5,5,4,2
"COG2869",12,9,11,12,8,8,7,17,21,7,13,19,21,8,2,3,18,6,11,9
"COG2870",1,5,6,8,0,15,7,9,16,5,13,3,13,10,3,4,7,11,17,6
"COG2871",31,17,21,20,23,5,24,22,30,18,38,43,36,20,4,3,25,16,29,27
"COG2872",7,12,13,8,17,11,10,11,7,10,6,1,8,11,40,19,7,34,10,1
"COG2873",98,124,80,100,92,69,105,89,86,114,87,151,96,115,78,84,96,110,99,95
"COG2875",22,23,21,23,18,15,10,28,15,19,15,5,29,29,21,21,34,30,16,27
"COG2876",33,35,48,38,33,30,43,49,39,36,42,54,45,42,25,36,34,69,60,42
"COG2877",14,22,16,15,15,18,19,17,36,16,20,42,20,22,0,6,23,16,32,28
"COG2878",26,28,33,23,45,24,25,24,30,33,34,37,23,31,25,31,32,30,39,14
"COG2879",0,0,0,0,1,7,0,0,0,0,0,0,0,0,1,0,0,0,0,0
"COG2882",0,0,0,0,0,1,0,0,0,0,1,0,1,0,1,0,0,0,0,0
"COG2884",37,48,36,35,39,36,36,29,41,38,33,42,31,41,30,47,34,41,44,25
"COG2885",54,64,31,54,59,52,38,76,63,47,48,183,92,52,13,20,40,35,75,91
"COG2887",1,0,2,0,1,1,0,0,8,0,17,0,0,0,32,1,1,0,0,0
"COG2890",37,37,43,48,38,47,44,39,43,46,39,57,33,40,39,38,34,39,52,26
"COG2891",0,0,0,0,0,10,0,0,0,3,4,1,4,1,2,0,1,0,0,0
"COG2893",6,8,11,7,10,29,12,6,9,9,9,3,14,8,26,8,10,41,5,5
"COG2894",24,13,16,26,17,24,21,12,8,18,11,10,8,22,28,24,15,5,14,5
"COG2895",24,12,32,27,26,33,39,40,26,35,36,11,14,16,8,10,16,23,13,18
"COG2896",13,7,15,16,13,24,15,8,5,11,10,6,19,9,21,11,13,24,8,6
"COG2897",1,1,2,0,1,20,0,0,1,2,1,1,2,1,3,1,0,1,1,1
"COG2898",2,1,1,0,2,3,1,2,2,1,10,0,1,1,18,4,1,2,0,0
"COG2900",0,1,0,0,0,2,0,0,1,0,0,0,0,0,1,0,0,1,0,0
"COG2901",0,0,0,0,3,2,0,0,0,0,0,2,0,1,0,0,0,0,0,0
"COG2904",0,0,0,0,2,8,0,0,2,1,2,2,4,1,1,1,0,0,1,2
"COG2906",0,0,0,0,0,5,0,0,0,0,0,0,0,0,1,0,0,0,0,0
"COG2907",0,0,0,0,0,0,0,0,0,0,0,0,0,0,0,0,0,0,0,0
"COG2908",13,32,29,21,30,28,23,36,32,38,28,37,29,33,6,11,26,12,38,36
"COG2909",14,7,8,22,15,27,2,17,12,17,11,2,0,21,7,14,12,5,9,3
"COG2910",6,1,2,2,2,0,2,0,2,2,7,5,2,3,4,2,4,2,3,11
"COG2911",1,5,1,14,9,26,12,7,10,2,9,5,17,12,3,10,3,7,6,11
"COG2912",0,1,0,0,0,9,0,0,2,0,1,2,0,0,0,0,0,0,0,0
"COG2913",0,0,0,0,1,7,0,0,1,2,0,0,0,0,0,0,0,0,0,0
"COG2914",0,1,0,0,0,4,0,0,0,0,0,1,0,0,0,0,0,0,0,0
"COG2915",0,1,0,0,0,6,0,0,0,0,0,1,0,0,1,0,0,1,0,0
"COG2916",0,0,0,0,1,8,1,1,0,0,0,1,3,0,2,0,2,1,0,1
"COG2917",0,0,0,0,4,8,0,0,0,0,1,0,2,1,1,1,1,0,0,1
"COG2918",0,2,0,0,0,17,0,2,2,1,26,0,17,3,6,0,5,2,2,42
"COG2919",0,0,0,0,1,3,2,0,0,0,3,0,0,1,4,2,0,0,0,1
"COG2920",0,0,1,0,0,4,1,0,0,1,0,0,0,1,1,0,0,1,0,0
"COG2921",0,0,0,0,0,3,0,1,0,3,0,0,2,1,0,0,1,0,0,1
"COG2922",0,0,0,0,0,7,0,0,0,0,0,0,0,0,0,0,0,2,0,2
"COG2923",0,0,0,0,0,2,0,0,0,0,0,0,0,0,0,0,0,0,0,0
"COG2924",0,1,0,0,0,6,0,0,0,0,3,0,3,0,1,0,0,0,0,0
"COG2925",0,0,1,0,3,10,0,3,2,1,1,0,1,2,0,0,2,0,0,0
"COG2926",0,1,0,0,0,3,0,0,0,0,1,0,0,0,2,1,0,1,0,0
"COG2927",0,0,0,0,1,6,0,0,2,0,1,0,1,0,0,0,0,0,0,0
"COG2928",0,0,0,2,0,0,1,0,0,1,1,0,1,0,0,0,0,0,0,0
"COG2929",2,2,2,5,0,11,1,0,0,1,2,2,0,1,5,1,0,0,2,0
"COG2931",7,1,5,2,2,1,6,0,4,1,8,0,13,2,2,10,4,5,3,40
"COG2932",20,7,10,8,11,27,12,12,9,12,10,8,8,14,20,7,15,5,7,4
"COG2933",0,1,0,0,0,9,0,0,0,0,0,0,1,0,3,0,1,0,0,0
"COG2935",0,0,0,0,0,0,0,0,0,0,4,1,0,0,0,2,0,0,0,0
"COG2936",14,26,19,14,26,10,7,14,18,8,7,1,14,29,5,6,22,14,10,27
"COG2937",0,3,1,0,0,25,0,0,3,0,2,1,0,0,0,0,2,1,0,1
"COG2938",0,0,0,0,0,5,0,0,0,0,0,0,0,0,0,0,0,0,0,0
"COG2939",0,0,2,1,0,0,0,0,1,0,2,0,0,0,0,1,0,0,0,0
"COG2942",33,65,58,37,32,26,38,59,50,17,49,54,30,51,17,29,48,32,79,92
"COG2943",0,1,0,0,0,20,0,0,1,0,0,0,1,1,2,2,0,1,0,2
"COG2944",6,0,0,0,0,4,1,0,3,1,0,0,0,1,3,1,2,4,0,1
"COG2945",0,0,0,0,0,0,1,1,3,0,0,0,1,0,0,0,0,0,0,0
"COG2946",17,32,15,15,5,3,16,22,10,10,4,9,11,15,63,7,11,32,4,19
"COG2947",0,0,0,0,1,0,0,1,0,0,1,0,1,0,0,0,1,1,0,0
"COG2948",2,0,0,1,2,9,0,1,0,1,0,0,0,0,0,0,1,1,0,0
"COG2949",2,1,3,3,8,5,4,1,2,6,5,2,5,6,1,11,5,2,3,16
"COG2951",2,0,1,1,0,13,0,1,0,0,3,2,7,0,5,0,0,0,0,1
"COG2954",17,12,21,35,23,16,13,17,26,28,21,54,17,16,27,29,23,15,32,13
"COG2956",0,0,0,1,3,9,1,1,1,2,2,2,2,3,2,1,3,0,0,0
"COG2957",31,26,32,25,24,30,38,23,39,23,49,17,38,38,10,9,22,17,21,58
"COG2958",0,0,0,0,0,0,2,2,0,0,0,0,1,1,0,5,0,8,0,0
"COG2959",0,0,0,0,1,3,0,2,0,0,0,0,0,0,4,0,0,1,0,1
"COG2960",0,0,0,0,0,5,0,0,0,0,0,0,0,0,0,0,1,0,0,0
"COG2961",1,8,2,4,3,10,1,2,1,2,7,1,0,0,1,2,14,3,0,27
"COG2962",1,2,1,2,2,10,1,3,3,3,2,1,6,1,1,3,6,3,3,2
"COG2963",22,7,23,27,35,99,33,15,16,16,31,11,18,11,31,21,21,15,18,26
"COG2964",9,8,9,11,6,17,11,6,7,3,11,2,6,8,17,18,5,8,6,3
"COG2965",0,0,0,0,0,6,0,0,0,0,2,1,2,2,0,0,2,0,0,0
"COG2966",32,62,41,34,66,60,44,47,36,48,51,77,57,62,54,35,46,63,65,36
"COG2967",0,0,0,0,0,5,0,1,1,1,0,0,0,0,1,0,0,1,0,1
"COG2968",1,2,2,6,2,10,5,3,6,5,3,2,4,1,7,12,4,3,3,3
"COG2969",0,1,0,0,1,5,0,1,1,0,0,1,4,1,0,2,0,0,0,0
"COG2971",1,3,5,2,2,1,1,1,1,1,0,1,2,0,10,10,3,9,10,2
"COG2972",395,207,226,293,316,368,338,148,112,371,170,170,174,255,462,185,275,254,172,161
"COG2973",0,0,0,0,0,0,0,0,0,0,0,0,0,0,1,0,0,0,0,0
"COG2974",0,1,0,0,0,15,0,0,0,0,0,0,0,0,2,0,1,1,0,1
"COG2975",0,0,0,0,0,3,0,0,0,0,1,0,0,0,0,1,0,1,0,1
"COG2976",0,1,2,0,1,13,0,2,0,3,0,0,4,2,0,1,0,0,0,0
"COG2977",0,0,0,0,0,5,0,0,1,0,0,0,0,4,0,0,2,1,0,0
"COG2978",11,21,23,4,10,21,20,18,24,8,4,0,6,7,4,2,7,4,3,15
"COG2979",0,0,0,0,0,3,0,0,1,2,0,0,0,0,0,0,0,0,0,1
"COG2980",0,1,0,0,0,4,0,1,2,1,1,0,3,0,1,0,2,1,0,1
"COG2981",1,0,0,0,1,0,0,1,1,0,2,0,0,1,0,0,0,0,0,0
"COG2982",3,1,1,0,0,37,0,1,1,0,3,0,0,0,3,1,0,0,1,1
"COG2983",0,0,0,0,0,5,0,0,0,0,0,0,0,0,1,0,0,1,0,2
"COG2984",47,35,44,27,30,32,29,25,26,25,26,16,27,31,40,49,33,53,24,8
"COG2985",108,173,131,104,130,62,80,179,184,118,155,208,173,151,14,55,148,92,175,194
"COG2986",25,66,31,24,62,16,9,56,45,20,32,8,56,25,8,24,51,23,20,62
"COG2987",33,29,35,22,26,10,10,64,37,17,26,5,36,35,6,17,30,34,27,49
"COG2988",0,0,0,0,0,7,0,0,1,0,0,0,0,0,0,0,0,0,0,0
"COG2989",3,4,2,13,4,4,10,5,6,3,4,48,4,5,2,0,3,6,16,10
"COG2990",0,1,1,2,0,18,0,0,1,3,3,1,2,0,3,0,0,1,1,2
"COG2991",0,0,0,0,0,0,0,0,0,0,0,0,0,0,0,0,0,0,0,0
"COG2992",1,1,0,0,0,11,0,0,0,0,0,0,0,1,2,0,0,1,0,0
"COG2994",1,0,0,1,0,0,0,2,1,0,0,0,0,0,0,0,0,1,0,0
"COG2995",0,2,0,0,0,20,0,0,0,1,1,0,1,0,1,2,0,0,0,3
"COG2996",34,27,28,43,30,33,25,28,17,41,27,28,41,27,40,16,32,15,29,42
"COG2998",0,0,0,0,0,1,0,0,0,0,0,0,1,1,0,2,1,1,0,0
"COG2999",0,0,0,0,0,9,0,0,0,0,1,0,0,0,0,0,0,0,0,0
"COG3001",0,0,0,0,0,1,0,1,1,0,7,0,0,0,13,0,0,0,0,0
"COG3004",17,20,22,11,24,17,9,23,37,11,25,2,18,24,27,14,20,16,12,31
"COG3005",5,4,4,7,4,14,5,11,7,18,11,1,6,5,0,1,7,4,3,9
"COG3006",0,1,0,0,0,8,0,0,0,0,0,0,2,0,0,0,1,0,0,0
"COG3007",2,2,0,9,3,2,4,0,0,3,1,0,0,5,1,2,0,2,0,1
"COG3008",0,0,0,0,1,23,0,3,1,3,3,3,0,0,4,1,4,1,1,2
"COG3009",0,0,0,0,0,9,0,0,0,0,0,0,0,0,1,0,0,0,0,1
"COG3010",5,8,2,9,9,18,3,6,4,4,11,0,9,2,7,8,5,4,5,6
"COG3012",0,2,1,0,0,5,0,0,1,0,0,0,0,0,1,0,0,0,1,3
"COG3013",0,0,0,0,0,4,0,0,0,0,1,0,0,0,1,0,0,0,0,0
"COG3014",2,0,0,0,0,0,0,1,0,0,2,0,0,0,0,1,0,0,0,0
"COG3015",3,4,3,10,3,10,2,7,10,4,10,39,23,5,2,1,17,2,14,33
"COG3016",6,0,2,2,3,1,1,11,13,4,3,10,14,9,1,1,4,3,3,6
"COG3017",0,0,0,0,2,8,2,1,3,0,1,0,1,1,0,2,0,0,0,0
"COG3019",0,0,0,0,0,1,0,0,0,0,0,0,0,0,0,0,1,0,0,0
"COG3021",13,32,25,17,14,24,16,33,40,22,18,39,34,27,5,6,26,9,33,22
"COG3022",8,21,26,31,13,23,19,17,20,20,20,44,23,19,31,7,26,7,23,32
"COG3023",32,54,34,32,57,33,23,33,50,14,63,35,36,39,6,38,55,43,70,84
"COG3024",0,0,0,0,0,0,0,0,1,0,1,1,0,1,0,0,0,0,0,0
"COG3025",0,0,0,3,5,17,3,4,2,0,0,0,1,0,0,7,1,4,3,4
"COG3026",0,0,0,0,0,10,0,1,1,1,0,0,1,0,0,0,0,0,0,0
"COG3027",0,1,3,1,1,10,1,2,2,2,2,0,0,0,1,2,2,3,0,1
"COG3028",0,0,0,0,1,6,0,2,1,1,1,0,1,0,0,0,0,2,1,0
"COG3029",0,0,0,0,0,7,0,0,0,0,1,0,0,0,0,0,0,0,0,2
"COG3030",0,0,0,0,0,5,0,1,0,0,0,0,0,0,0,0,0,0,0,0
"COG3031",0,1,0,0,0,10,0,0,0,0,1,0,0,0,0,0,0,0,1,2
"COG3033",5,8,12,8,11,18,8,19,23,4,14,0,3,12,1,15,11,7,12,0
"COG3034",1,1,0,0,1,4,0,0,0,0,2,0,1,0,0,0,0,1,3,0
"COG3036",0,0,0,0,0,0,0,0,0,0,0,0,0,0,1,0,0,1,0,0
"COG3037",4,1,4,9,0,16,8,6,3,2,3,0,2,1,3,0,2,2,1,2
"COG3038",0,1,0,0,0,16,1,2,0,0,1,0,0,0,1,0,0,0,0,0
"COG3039",10,3,39,2,2,13,49,291,29,47,23,21,1296,12,16,62,72,24,7,8
"COG3040",8,9,4,2,7,10,5,9,8,7,3,0,0,0,1,2,3,2,1,6
"COG3041",14,8,4,2,2,8,10,6,7,4,2,28,2,9,12,14,10,4,14,3
"COG3042",0,0,0,0,0,7,0,0,0,0,0,0,0,0,0,0,0,0,0,0
"COG3043",0,0,0,0,0,8,0,0,1,1,0,0,0,0,0,0,0,0,0,0
"COG3044",9,10,18,5,4,11,14,8,1,11,5,5,11,9,36,1,9,6,2,2
"COG3045",0,0,2,0,2,3,0,0,2,2,0,0,2,0,0,0,0,0,0,0
"COG3047",0,0,0,0,0,3,0,0,0,0,0,0,0,0,0,0,0,0,0,1
"COG3048",3,1,7,1,2,17,4,3,1,2,1,1,2,2,9,7,1,1,0,1
"COG3049",42,53,56,37,40,25,49,61,50,64,44,10,40,46,16,28,37,31,26,77
"COG3050",0,2,0,0,0,2,0,0,0,0,0,0,1,0,1,0,0,0,0,0
"COG3051",3,10,9,6,4,23,4,4,9,3,6,9,15,3,23,7,8,7,3,5
"COG3052",3,1,2,4,1,5,0,2,3,0,2,3,8,0,6,2,2,0,2,1
"COG3053",9,5,2,7,1,19,1,4,4,1,3,9,2,6,24,6,2,3,2,0
"COG3054",0,2,0,0,0,15,0,0,0,0,1,0,0,0,0,0,0,1,0,0
"COG3055",4,18,14,14,26,24,7,25,15,7,17,10,22,14,0,6,21,5,47,23
"COG3056",0,0,0,2,0,4,0,1,0,0,0,1,1,0,0,0,1,0,0,1
"COG3057",0,0,0,0,0,1,0,0,0,0,0,0,1,0,2,0,0,0,0,0
"COG3058",0,1,0,0,2,16,1,0,1,4,1,1,3,3,0,0,1,1,0,0
"COG3059",4,9,6,9,15,9,0,12,5,6,7,1,12,12,2,1,16,6,9,27
"COG3060",0,0,0,0,0,5,0,0,0,0,1,0,0,0,0,0,0,0,0,0
"COG3061",0,1,0,0,0,2,0,0,0,0,0,2,1,0,0,0,0,0,0,0
"COG3062",0,1,0,0,0,0,0,0,0,0,0,1,0,0,0,0,0,0,0,0
"COG3063",0,0,0,0,0,0,0,0,0,0,0,0,0,0,0,0,0,0,0,0
"COG3064",0,1,0,0,1,8,0,0,0,0,1,2,0,0,3,0,0,0,0,0
"COG3065",0,0,0,0,0,6,0,0,1,0,3,0,0,0,0,0,0,0,0,0
"COG3066",2,1,0,0,0,10,0,1,0,0,0,1,0,0,2,0,0,0,0,0
"COG3067",0,0,0,0,0,6,0,1,0,0,0,2,0,0,1,0,0,1,0,0
"COG3068",0,1,0,0,0,4,0,1,1,1,0,0,1,0,2,0,0,1,0,1
"COG3069",10,11,3,9,25,30,9,10,11,19,12,11,27,11,7,8,7,13,5,2
"COG3070",13,4,4,5,0,17,7,2,3,11,3,4,1,2,6,9,6,5,0,1
"COG3071",0,2,0,0,1,6,1,2,0,0,1,0,0,1,1,0,1,0,1,0
"COG3072",0,3,0,0,0,23,2,1,1,0,2,1,0,0,1,1,3,0,0,0
"COG3073",0,1,0,0,0,4,0,0,0,0,0,0,0,0,0,0,0,0,0,0
"COG3074",0,1,0,0,0,6,0,0,1,1,0,0,0,0,0,0,0,0,0,0
"COG3075",3,2,12,0,3,4,0,4,12,5,4,1,3,7,1,4,2,8,2,0
"COG3076",0,0,0,0,2,5,0,0,1,0,0,0,1,0,0,0,1,0,0,0
"COG3077",20,11,13,14,11,20,12,10,4,14,10,7,8,9,13,21,18,18,5,1
"COG3078",0,0,0,0,0,2,0,0,0,0,0,0,0,0,0,0,0,0,0,0
"COG3079",0,0,0,0,0,4,0,1,0,0,0,0,0,0,1,0,2,1,1,0
"COG3080",0,0,0,0,0,4,0,0,0,0,0,0,2,0,1,0,0,0,0,0
"COG3081",0,0,2,0,0,8,0,0,0,0,0,1,0,0,0,0,0,1,0,0
"COG3082",0,0,0,0,0,5,0,0,0,0,0,0,0,0,0,0,0,0,0,1
"COG3083",0,4,2,0,1,9,1,2,2,1,2,1,0,7,4,1,6,6,5,4
"COG3084",0,0,0,0,0,11,0,0,0,0,0,1,0,0,2,0,0,0,0,0
"COG3085",0,0,0,0,0,14,0,0,0,2,0,1,0,0,1,0,0,1,0,0
"COG3086",0,0,0,0,1,5,0,1,0,0,3,1,0,0,0,0,0,0,1,0
"COG3087",1,1,0,0,0,13,0,0,0,2,1,1,1,1,3,0,0,0,0,0
"COG3088",0,1,0,0,0,9,0,0,1,0,0,0,0,0,0,0,0,1,0,0
"COG3089",0,0,0,0,1,3,0,0,0,0,0,0,0,0,0,0,0,0,0,0
"COG3090",21,7,33,17,14,29,22,28,8,16,11,15,21,14,28,11,23,36,12,11
"COG3091",0,0,0,0,0,5,0,0,0,0,0,1,0,0,3,0,0,0,0,0
"COG3092",0,0,0,0,0,0,0,0,0,0,0,0,0,0,0,1,0,0,0,0
"COG3093",6,9,3,25,25,21,5,7,8,5,6,12,16,5,4,2,15,1,0,9
"COG3094",0,0,0,0,1,4,0,0,0,0,0,0,0,0,0,0,0,0,0,0
"COG3095",0,0,0,0,0,7,0,0,0,0,0,0,0,0,1,0,0,0,0,0
"COG3096",0,0,1,0,0,14,1,2,0,3,1,1,0,0,4,1,2,3,0,1
"COG3097",0,0,0,0,0,5,0,0,0,1,0,0,1,0,0,0,0,0,0,0
"COG3098",0,0,0,0,0,3,0,0,0,0,0,0,1,1,1,0,0,0,0,0
"COG3099",0,0,0,0,0,6,0,0,0,0,1,0,1,0,1,0,0,0,0,0
"COG3100",0,0,0,0,0,2,1,0,1,0,0,0,0,0,1,0,0,0,0,0
"COG3101",0,1,0,0,0,10,0,0,0,0,0,0,0,0,3,0,0,0,0,0
"COG3102",0,1,0,0,0,3,0,0,1,0,0,1,0,0,0,0,1,0,0,0
"COG3103",25,19,12,10,11,21,21,16,9,27,5,6,7,12,22,21,13,13,10,5
"COG3104",36,30,49,26,30,61,31,57,78,36,62,42,51,29,26,12,37,18,43,90
"COG3105",0,0,0,0,0,10,0,1,0,0,0,1,0,0,1,0,0,0,0,0
"COG3106",0,0,0,0,0,12,0,0,1,1,0,0,1,0,1,0,0,0,0,0
"COG3107",0,0,0,1,1,28,0,1,0,0,2,1,0,0,2,0,1,1,0,0
"COG3108",0,0,0,0,0,2,0,0,0,0,0,0,0,0,0,0,0,0,0,1
"COG3109",0,0,0,0,0,5,0,0,0,0,2,1,0,0,0,0,0,0,0,0
"COG3110",0,0,0,0,1,5,0,0,1,1,0,0,0,0,0,0,0,1,0,1
"COG3111",0,0,1,3,2,21,1,0,1,1,1,1,0,5,0,0,2,2,3,2
"COG3112",0,0,0,0,0,5,0,0,0,0,0,0,0,0,1,1,0,0,0,0
"COG3113",0,0,0,0,0,7,0,1,0,0,0,0,0,0,0,0,0,0,0,1
"COG3114",0,0,0,0,0,1,0,0,0,0,0,1,0,0,0,0,0,0,0,0
"COG3115",0,1,0,0,0,2,0,0,0,0,0,0,0,0,0,0,0,0,0,0
"COG3116",0,1,0,0,0,10,0,0,1,0,0,0,0,0,0,0,0,0,0,0
"COG3117",0,0,0,0,0,15,0,1,1,1,1,0,3,1,3,1,0,5,1,1
"COG3118",0,1,0,0,0,3,0,1,1,0,1,1,0,0,2,0,0,0,0,0
"COG3119",228,492,285,185,479,172,185,373,355,265,413,53,339,327,36,162,369,217,324,709
"COG3120",0,0,0,0,0,2,0,0,0,0,0,0,0,0,0,0,0,0,0,0
"COG3121",0,1,1,1,6,75,0,2,3,0,2,2,1,1,10,0,1,2,0,2
"COG3122",0,0,0,0,0,11,0,0,0,0,0,0,0,0,0,0,0,0,0,1
"COG3123",0,0,0,0,0,5,0,0,1,0,1,0,0,0,0,0,0,0,0,0
"COG3124",0,6,6,0,1,1,0,1,1,1,1,0,1,1,0,0,1,1,3,1
"COG3125",0,0,0,0,0,3,0,3,0,0,1,0,0,0,0,0,0,0,0,0
"COG3126",0,0,0,0,0,1,0,0,0,0,0,0,1,0,0,0,0,0,0,0
"COG3127",0,0,0,0,0,14,0,0,0,1,2,0,0,0,1,1,0,0,0,0
"COG3128",0,0,0,0,0,3,0,0,1,0,1,0,0,0,0,0,0,0,0,1
"COG3129",3,1,0,2,3,6,0,1,6,1,1,0,3,2,1,1,7,3,0,19
"COG3130",0,0,0,0,0,1,0,0,0,0,0,0,1,0,0,0,0,1,0,0
"COG3131",3,2,0,0,2,23,0,1,0,0,2,0,1,0,5,1,1,1,1,0
"COG3132",0,0,0,0,0,0,0,0,0,0,0,0,0,0,0,0,0,1,0,1
"COG3133",0,0,0,0,0,2,0,0,3,0,0,1,0,0,0,0,0,0,1,0
"COG3134",0,0,0,0,0,3,0,0,0,0,0,0,1,0,2,1,0,0,0,0
"COG3135",0,0,0,0,0,3,0,0,0,0,0,0,0,0,1,0,0,0,0,0
"COG3136",0,0,0,0,0,3,0,0,0,0,0,0,0,0,0,0,0,0,0,1
"COG3137",0,0,0,0,0,3,0,0,0,0,0,0,0,0,2,0,0,0,0,0
"COG3138",0,0,0,0,0,12,0,0,0,0,0,0,0,0,2,0,0,0,0,0
"COG3139",0,0,0,0,0,4,0,0,0,0,1,0,0,0,0,0,0,0,0,0
"COG3140",0,0,0,0,0,0,0,0,0,0,0,0,0,0,0,0,0,1,0,0
"COG3141",0,0,0,0,0,4,0,0,2,0,0,0,0,0,0,0,0,0,0,0
"COG3142",12,14,13,11,12,18,23,18,25,24,8,5,5,6,2,4,4,13,3,5
"COG3143",0,0,0,0,0,3,0,0,0,0,0,0,0,0,0,0,0,0,0,0
"COG3144",3,1,6,2,1,2,1,1,0,4,0,2,0,5,3,0,2,1,3,0
"COG3145",0,0,0,0,0,7,0,0,0,0,0,0,0,0,2,0,0,0,1,0
"COG3147",0,0,0,0,1,3,0,0,0,0,0,0,0,0,0,0,0,0,0,0
"COG3148",0,2,0,0,0,3,0,0,0,0,0,0,0,0,0,0,0,0,0,0
"COG3149",0,0,0,0,0,5,0,0,0,0,0,0,0,0,1,0,0,0,0,0
"COG3150",0,0,0,0,2,8,1,0,0,0,3,2,2,7,1,0,1,3,2,1
"COG3151",0,0,0,0,0,8,0,1,1,0,0,0,0,0,0,0,0,0,0,0
"COG3152",8,3,0,3,5,18,3,1,4,4,11,1,13,3,6,3,2,4,4,15
"COG3153",9,3,16,8,11,9,5,8,8,5,11,1,11,8,7,7,5,13,4,13
"COG3154",0,0,0,0,0,2,0,0,0,0,0,0,0,0,0,0,0,0,0,0
"COG3155",0,0,0,0,0,2,1,0,0,0,0,0,0,0,0,1,0,1,0,0
"COG3156",0,0,0,0,1,24,0,0,0,0,0,0,0,0,0,0,0,1,0,0
"COG3157",0,1,0,0,0,18,0,1,1,0,1,1,1,0,2,0,0,2,0,1
"COG3158",12,1,1,11,1,29,19,0,17,36,10,36,35,0,77,16,0,0,13,1
"COG3159",0,0,1,0,0,7,0,2,0,1,0,0,0,1,2,0,0,1,0,0
"COG3160",0,1,0,0,0,4,0,0,1,0,1,0,1,0,1,0,0,0,0,0
"COG3161",0,0,0,0,1,7,0,0,1,1,1,0,0,0,0,1,0,0,0,0
"COG3162",0,0,0,0,0,5,0,0,0,0,0,0,0,0,0,0,0,0,0,0
"COG3164",0,1,1,0,2,30,2,1,3,5,3,4,5,4,5,2,4,8,1,1
"COG3165",0,0,0,0,0,8,0,0,0,0,0,0,1,0,2,0,0,0,0,0
"COG3166",0,0,0,1,1,5,0,0,1,0,0,1,0,0,0,0,0,2,0,1
"COG3169",11,10,11,11,8,1,10,16,11,11,8,1,5,6,0,2,3,3,2,3
"COG3171",0,0,0,0,0,8,0,0,0,0,0,0,0,0,0,1,0,0,0,2
"COG3172",0,0,0,8,0,5,1,1,1,1,1,1,0,0,2,10,2,0,0,1
"COG3173",3,0,0,0,0,1,0,1,1,3,0,0,0,0,0,12,2,1,0,6
"COG3174",5,23,19,9,16,7,3,21,19,5,15,0,17,15,1,5,21,21,7,38
"COG3176",42,59,52,33,39,9,35,47,58,41,58,117,44,44,6,14,46,24,70,58
"COG3177",91,98,96,100,70,52,96,63,56,175,108,66,48,76,79,70,132,76,68,102
"COG3178",22,34,22,21,36,9,12,26,24,26,18,45,37,21,1,4,16,21,26,21
"COG3179",1,0,0,2,0,0,0,0,0,0,0,0,0,0,0,1,0,0,7,0
"COG3180",0,2,1,4,2,3,0,4,1,0,1,0,0,0,1,0,0,3,0,0
"COG3181",11,7,5,13,13,9,11,20,15,10,8,6,14,15,10,4,15,19,9,2
"COG3182",8,24,9,9,13,7,16,30,19,13,23,0,17,10,4,2,8,4,13,12
"COG3183",7,0,0,0,0,2,1,0,3,2,6,1,0,0,0,0,1,0,0,3
"COG3185",0,0,0,0,0,0,0,0,0,0,0,0,0,0,0,1,0,0,0,0
"COG3187",16,7,10,10,13,11,12,10,12,9,26,2,17,16,0,1,9,6,9,18
"COG3188",0,10,0,1,2,196,0,1,8,1,14,1,5,2,23,2,4,10,3,8
"COG3189",5,7,4,4,6,12,0,4,1,4,3,1,8,7,8,3,7,3,7,11
"COG3190",0,0,0,0,0,2,0,0,0,0,0,0,0,0,0,0,0,0,0,1
"COG3191",13,4,9,6,8,9,12,7,4,8,11,7,6,9,25,13,9,17,6,2
"COG3192",1,2,2,3,4,6,1,1,4,0,4,3,0,4,4,10,0,7,2,3
"COG3193",0,5,2,0,2,11,1,1,0,1,4,0,2,2,6,0,2,1,1,0
"COG3194",0,0,0,0,0,6,0,0,0,0,0,0,0,0,0,0,0,0,0,0
"COG3195",0,1,0,0,0,0,0,0,0,0,0,0,0,0,0,0,0,0,0,0
"COG3196",1,2,0,2,7,14,5,3,2,1,4,1,1,5,2,1,4,11,1,4
"COG3199",0,0,0,1,0,0,0,0,0,0,0,0,1,0,0,1,0,0,0,0
"COG3201",14,16,15,14,12,15,12,16,7,6,19,25,12,17,10,6,20,14,17,26
"COG3203",0,0,0,6,18,54,4,8,12,26,13,6,33,25,4,2,12,7,2,3
"COG3204",0,0,0,0,0,3,0,0,0,0,1,0,0,0,0,0,0,0,0,1
"COG3206",30,45,29,30,45,36,17,38,60,34,35,53,87,38,3,19,30,23,32,44
"COG3208",0,0,1,0,0,5,0,1,1,0,2,0,0,0,0,2,0,2,0,2
"COG3209",88,79,61,122,55,169,71,133,132,54,34,69,48,33,25,34,36,25,37,26
"COG3210",7,7,10,8,4,8,6,5,17,17,0,1,12,0,0,15,8,8,4,11
"COG3211",0,0,0,0,0,12,0,0,0,0,0,0,0,0,2,0,0,0,0,0
"COG3212",2,2,0,3,0,0,1,2,0,1,0,0,9,1,5,6,2,0,1,2
"COG3213",0,0,0,0,0,0,0,0,0,0,0,0,0,0,0,0,0,0,0,0
"COG3214",0,1,0,0,0,15,0,0,0,3,1,0,0,0,0,1,0,1,0,0
"COG3216",0,0,0,0,0,0,0,0,0,0,0,0,0,0,0,0,0,0,2,0
"COG3217",0,0,0,0,2,9,0,0,0,0,0,0,0,0,3,0,0,1,0,0
"COG3218",0,0,0,0,0,0,0,0,0,0,0,0,0,0,0,0,0,0,0,0
"COG3219",0,0,0,0,0,0,0,0,0,0,0,0,0,0,0,0,0,0,0,0
"COG3220",0,0,0,0,0,0,0,0,0,0,0,1,0,0,0,0,0,0,0,0
"COG3221",0,2,9,1,1,5,1,3,2,0,1,0,0,4,27,3,0,1,3,2
"COG3222",0,1,3,0,0,4,0,0,0,0,0,1,1,0,0,2,0,1,0,0
"COG3223",0,1,0,0,0,5,0,0,1,0,2,0,0,0,3,0,1,0,0,0
"COG3224",0,0,0,0,0,0,0,0,0,0,0,0,0,0,0,0,0,0,0,0
"COG3225",38,25,31,30,43,30,31,32,23,28,9,4,7,9,14,13,7,16,8,19
"COG3226",0,0,0,0,0,5,0,0,0,0,0,0,1,0,1,0,0,2,0,0
"COG3227",7,0,0,0,0,0,0,0,0,0,0,0,1,0,2,20,0,0,0,0
"COG3228",0,0,0,0,0,2,0,0,0,1,0,0,0,1,0,0,0,0,0,0
"COG3231",0,0,0,0,0,10,2,1,0,0,1,0,3,0,0,4,2,0,0,0
"COG3232",0,0,0,0,0,0,0,0,0,0,0,1,0,0,1,0,0,0,1,0
"COG3234",0,0,0,0,0,9,0,0,0,1,0,0,0,0,0,0,0,0,0,0
"COG3236",7,0,3,7,12,8,1,4,2,4,4,4,3,1,4,12,3,2,4,0
"COG3237",0,1,0,0,0,3,0,1,0,0,0,0,1,0,1,0,0,0,0,1
"COG3238",4,5,5,1,4,20,7,4,2,4,0,2,4,3,18,6,4,2,6,1
"COG3239",0,0,0,0,0,0,0,0,0,0,1,0,0,0,0,0,0,0,0,0
"COG3242",0,0,0,0,0,5,0,2,0,0,0,0,0,0,0,0,0,0,0,1
"COG3246",1,0,1,2,8,0,2,5,2,1,6,2,2,0,2,12,4,10,0,1
"COG3247",1,0,0,0,1,13,1,0,3,2,2,0,0,1,2,3,1,0,2,1
"COG3248",0,0,0,0,0,11,0,0,0,0,2,0,0,0,2,1,0,1,0,1
"COG3250",692,1295,892,708,1132,565,753,976,1056,1025,1042,492,898,981,359,528,1182,822,1005,1351
"COG3251",0,0,0,0,0,1,0,0,0,0,0,0,0,0,0,0,0,0,0,0
"COG3252",0,0,0,0,0,0,0,0,0,0,0,0,2,0,0,0,0,1,0,0
"COG3253",0,0,1,0,0,0,0,1,0,0,0,0,0,0,0,0,0,0,0,0
"COG3254",1,5,10,9,11,4,10,6,7,11,15,0,5,9,1,10,12,3,1,22
"COG3256",0,1,0,0,0,0,0,0,0,1,0,0,4,0,0,0,0,0,0,0
"COG3257",0,0,0,0,0,8,0,0,0,0,0,0,5,0,1,0,0,0,2,0
"COG3259",0,0,0,0,0,0,0,0,0,0,1,0,1,0,0,0,0,0,0,0
"COG3260",1,3,1,2,2,4,0,2,5,1,0,1,1,1,1,3,0,4,0,0
"COG3261",0,2,3,0,6,27,0,6,4,2,1,0,6,2,0,8,1,2,0,2
"COG3262",0,1,0,1,2,19,1,0,2,2,1,0,1,3,0,5,0,2,0,0
"COG3263",30,41,27,29,33,28,37,39,27,30,41,9,24,49,2,17,37,25,10,45
"COG3264",2,1,0,2,3,48,0,6,2,2,5,1,3,4,10,5,2,5,0,2
"COG3265",0,0,0,0,0,4,0,1,2,0,1,0,0,0,3,0,0,0,0,0
"COG3266",0,0,0,0,0,5,0,0,0,0,4,0,0,0,1,0,0,0,0,1
"COG3267",1,2,3,0,0,1,1,8,3,2,1,1,0,3,2,0,2,0,2,2
"COG3268",0,0,0,1,0,0,0,0,2,0,0,0,0,0,0,0,0,0,0,0
"COG3270",12,9,8,12,5,17,6,3,10,8,6,3,10,9,19,19,8,20,7,2
"COG3271",0,0,0,1,0,0,0,0,0,0,0,0,0,0,0,0,0,0,0,0
"COG3272",0,1,0,0,0,10,0,0,0,0,0,0,0,0,2,0,0,0,0,2
"COG3274",31,61,36,38,41,37,29,49,32,23,76,16,37,52,12,26,59,24,33,64
"COG3275",22,33,26,13,25,23,32,36,29,27,100,44,105,68,12,23,78,50,50,132
"COG3276",0,2,0,0,0,5,0,4,1,0,9,0,4,2,22,11,3,6,1,2
"COG3279",254,133,192,226,210,163,239,147,97,213,164,162,126,192,164,137,221,158,165,158
"COG3283",0,0,0,4,0,15,3,1,0,1,0,0,4,0,3,0,0,0,1,0
"COG3284",3,1,3,13,1,2,5,5,1,5,6,0,8,3,1,2,0,8,5,5
"COG3287",2,2,2,1,1,2,0,0,0,3,0,1,6,4,0,2,0,0,0,0
"COG3288",1,0,0,0,0,9,0,1,2,0,2,4,1,0,11,1,1,3,0,2
"COG3290",9,4,4,22,9,34,11,6,2,3,3,1,5,8,5,13,11,4,7,3
"COG3291",7,13,8,13,14,3,1,6,19,2,10,60,33,11,4,4,17,5,11,7
"COG3292",543,906,957,737,995,339,476,898,1075,872,827,711,913,821,104,337,1241,502,867,1799
"COG3293",8,3,39,3,5,3,59,30,6,130,105,28,25,3,7,39,13,21,11,18
"COG3294",4,0,0,4,8,6,3,0,0,2,0,1,0,2,1,1,3,3,1,1
"COG3296",0,0,0,0,0,0,0,0,0,1,1,0,0,0,0,0,0,0,1,1
"COG3297",0,0,0,0,0,8,0,0,1,0,0,0,0,0,1,0,0,1,0,0
"COG3299",20,10,13,7,11,17,13,8,18,5,4,4,17,7,3,16,9,20,7,2
"COG3301",0,0,0,0,5,8,1,3,3,4,1,1,3,4,1,0,2,4,0,0
"COG3302",0,0,0,0,0,13,0,0,1,0,0,1,1,0,2,1,0,1,0,2
"COG3303",9,7,12,19,17,20,9,27,12,12,15,0,21,13,1,4,18,8,7,28
"COG3304",8,7,8,6,10,9,2,12,11,5,6,4,7,10,4,6,15,17,3,16
"COG3306",1,1,0,0,1,3,0,0,0,3,1,1,3,0,0,1,1,2,3,0
"COG3307",3,13,6,6,2,33,6,3,5,3,6,1,5,1,2,11,1,6,5,6
"COG3309",0,0,0,4,0,0,0,0,1,0,0,0,0,1,0,0,0,0,0,0
"COG3311",0,0,0,0,0,5,0,0,3,0,1,0,0,0,0,0,0,0,0,1
"COG3312",0,2,0,0,0,9,0,1,0,0,1,0,0,0,3,0,0,0,0,0
"COG3313",0,0,0,0,0,4,0,0,0,0,0,0,0,1,0,0,0,0,1,0
"COG3314",15,18,26,23,25,17,33,14,8,25,14,5,10,25,35,32,15,35,14,3
"COG3315",20,6,9,23,13,9,15,10,7,19,18,4,10,10,8,17,13,8,16,8
"COG3316",0,5,1,5,1,36,3,1,1,0,1,0,2,0,2,14,1,1,0,2
"COG3317",0,0,0,1,0,5,0,0,2,2,2,0,2,2,1,1,0,1,1,1
"COG3318",0,0,0,1,0,4,0,1,1,0,1,0,0,1,4,0,0,0,1,1
"COG3319",0,3,0,1,0,39,1,0,6,0,2,0,3,0,4,1,0,3,1,1
"COG3320",4,5,1,6,6,9,10,6,1,3,2,10,0,0,5,8,2,3,9,0
"COG3321",0,0,0,0,7,32,0,2,8,1,2,0,7,0,0,3,0,8,0,0
"COG3323",8,21,12,14,20,5,12,11,13,12,16,0,17,11,7,1,8,8,11,24
"COG3324",5,2,0,2,2,1,0,0,3,0,0,0,2,2,1,0,3,2,1,6
"COG3325",18,50,34,2,17,7,6,42,4,11,6,3,10,29,7,16,31,11,23,16
"COG3326",3,1,6,11,7,5,10,1,3,8,2,2,3,7,6,10,4,1,5,4
"COG3327",0,0,0,0,0,1,0,0,0,0,0,0,0,0,0,0,0,0,0,0
"COG3328",81,64,129,196,72,45,81,121,44,51,109,106,47,92,93,86,83,67,171,58
"COG3330",0,0,0,0,0,0,1,0,0,2,0,0,0,2,0,0,0,0,1,0
"COG3331",10,3,9,12,6,4,12,6,11,8,6,3,2,6,10,23,10,7,5,1
"COG3333",22,15,11,22,24,17,15,35,10,10,14,13,26,24,15,16,22,38,9,10
"COG3335",20,14,4,6,10,19,21,15,6,19,10,3,12,9,34,18,31,26,3,14
"COG3338",0,0,0,0,0,0,0,0,0,0,0,1,0,0,0,0,0,0,0,0
"COG3339",0,0,0,3,0,0,2,0,2,1,1,1,3,0,0,4,0,5,1,0
"COG3340",17,20,19,19,16,20,44,11,16,18,22,23,17,30,52,23,20,13,13,17
"COG3341",31,20,23,23,21,19,21,17,20,24,14,13,29,16,26,1,25,15,20,20
"COG3343",0,0,0,0,0,0,0,0,0,0,0,0,1,0,10,0,0,1,0,0
"COG3344",277,179,183,224,185,107,314,197,265,193,272,385,579,219,161,214,247,418,502,368
"COG3345",99,138,101,137,89,103,111,80,93,109,103,96,103,101,187,116,80,77,98,139
"COG3347",0,3,3,0,0,3,0,1,1,3,0,1,1,1,3,4,0,2,2,0
"COG3350",0,0,0,0,0,0,0,0,0,0,0,0,0,0,0,0,0,0,0,0
"COG3359",14,5,6,18,7,16,7,5,2,18,3,5,4,7,6,2,14,3,5,3
"COG3366",0,0,0,0,0,0,0,0,0,0,1,0,0,0,0,1,1,0,0,0
"COG3369",1,0,0,0,2,0,0,2,3,0,2,0,1,2,0,0,3,1,1,1
"COG3376",0,1,0,0,0,0,0,0,0,0,0,0,0,0,0,0,0,0,0,0
"COG3378",59,27,46,51,37,46,69,57,36,32,47,80,13,32,48,58,48,118,41,25
"COG3379",0,0,0,2,0,0,0,1,1,1,0,0,0,4,0,0,0,0,0,2
"COG3381",0,0,0,1,0,16,1,0,1,0,1,1,1,2,3,1,0,0,0,0
"COG3382",10,15,11,5,7,3,13,13,17,18,18,25,11,13,2,8,12,3,11,11
"COG3383",12,3,4,7,2,11,5,4,5,3,2,2,14,4,6,3,9,13,9,8
"COG3384",0,0,0,0,0,12,0,2,2,0,2,0,0,0,2,0,0,1,0,1
"COG3385",201,34,146,63,28,95,164,21,266,57,229,317,44,35,32,37,100,78,428,26
"COG3386",11,17,7,8,25,11,0,9,4,1,2,0,4,2,4,3,4,1,3,2
"COG3387",5,26,21,10,8,2,9,29,9,9,4,0,1,3,0,2,5,0,3,5
"COG3391",16,20,4,30,17,28,12,6,36,9,25,16,27,15,5,6,20,8,12,71
"COG3392",4,1,0,3,0,0,0,2,4,4,10,1,6,2,1,2,9,5,19,1
"COG3393",4,6,7,0,0,1,0,1,2,0,0,5,1,0,1,0,2,2,0,1
"COG3394",15,1,6,3,5,10,6,14,3,9,5,3,8,7,14,2,9,56,5,2
"COG3395",5,4,9,8,9,28,14,3,10,3,5,5,19,2,5,6,7,14,12,7
"COG3396",0,0,0,0,0,2,0,1,0,0,0,0,1,0,2,0,0,0,0,0
"COG3397",1,0,0,0,0,0,0,0,0,1,0,0,0,0,4,0,0,1,0,0
"COG3401",21,21,4,33,4,1,26,0,2,2,0,1,1,3,0,7,0,3,1,0
"COG3402",0,1,2,1,1,0,4,3,5,0,1,0,3,0,1,0,1,1,0,1
"COG3404",22,24,18,14,23,9,7,25,27,12,21,6,30,20,14,18,29,33,14,19
"COG3405",16,5,15,16,24,13,15,7,21,25,13,60,10,8,35,7,7,12,29,2
"COG3407",0,0,0,0,0,0,0,0,0,0,0,0,1,0,4,0,0,0,0,0
"COG3408",59,71,56,54,58,23,49,66,36,44,59,84,56,53,43,16,55,30,68,51
"COG3409",22,29,25,9,14,18,40,16,11,16,17,10,10,22,19,61,20,58,13,8
"COG3410",3,8,14,6,8,1,13,9,2,2,7,1,2,10,1,0,12,3,2,1
"COG3411",1,0,2,3,2,0,1,4,4,1,5,1,1,1,1,7,0,3,3,3
"COG3412",0,0,0,0,0,10,0,0,2,0,2,0,2,0,0,0,0,0,0,1
"COG3414",0,0,0,5,0,10,5,2,1,0,1,0,2,0,3,5,0,2,0,1
"COG3415",0,0,0,0,0,0,0,1,0,0,0,0,0,0,0,0,0,0,0,0
"COG3416",0,1,0,0,0,0,0,0,0,0,0,0,0,0,0,0,0,0,0,0
"COG3417",0,0,0,0,0,7,0,0,3,0,0,0,0,0,0,0,1,1,0,0
"COG3418",0,0,0,0,0,0,0,0,0,0,0,0,0,0,0,0,1,1,0,0
"COG3420",0,0,0,0,1,0,0,1,0,2,1,0,1,1,0,0,3,0,0,0
"COG3421",9,0,0,1,3,1,1,1,1,0,0,0,0,1,0,3,0,1,2,0
"COG3422",0,0,0,0,0,6,0,0,0,1,1,0,0,0,0,2,0,0,0,0
"COG3423",0,0,0,0,0,7,0,0,0,0,0,0,0,1,1,0,0,0,0,1
"COG3425",0,0,0,0,0,0,0,0,0,0,0,0,1,0,9,0,0,0,0,0
"COG3426",30,33,28,18,24,11,25,41,35,27,35,9,26,32,9,26,21,22,16,24
"COG3428",3,0,0,3,0,0,3,2,0,2,13,0,2,3,0,13,2,3,0,0
"COG3429",0,1,0,0,0,0,0,1,2,0,3,0,0,0,7,0,0,0,0,0
"COG3433",0,1,0,0,0,15,0,0,0,0,0,0,1,0,1,0,0,1,0,0
"COG3434",3,2,2,4,2,0,0,1,0,9,2,1,1,2,0,8,2,1,0,1
"COG3436",36,29,37,76,57,34,51,38,33,21,156,999,580,175,161,55,218,164,385,418
"COG3437",91,130,55,76,105,67,67,76,82,57,103,38,89,92,70,45,89,98,33,69
"COG3439",4,0,1,1,7,1,0,4,2,1,0,0,1,1,0,0,1,0,0,2
"COG3440",1,16,5,0,2,4,7,0,2,6,4,7,1,0,14,10,2,1,0,1
"COG3442",4,15,3,12,10,4,11,6,2,4,1,1,1,1,6,1,1,3,1,0
"COG3443",2,2,1,1,0,8,3,3,0,0,2,0,4,1,15,0,3,0,1,0
"COG3444",7,6,5,16,5,36,16,9,6,8,7,4,18,6,25,19,7,46,5,7
"COG3445",0,0,0,0,0,10,0,0,0,0,1,1,0,0,0,0,0,0,0,0
"COG3447",0,0,0,0,0,16,0,0,0,0,1,0,0,0,0,0,0,0,0,0
"COG3448",0,0,0,0,0,0,1,0,0,0,1,0,3,0,0,0,0,0,0,1
"COG3449",5,18,23,11,18,19,5,21,7,20,19,0,14,5,4,5,26,12,11,58
"COG3450",0,0,0,0,0,2,0,0,0,0,0,0,1,0,0,0,0,0,0,0
"COG3451",297,315,202,277,310,188,318,306,307,226,225,140,243,298,158,520,276,371,261,253
"COG3452",21,4,25,21,12,14,15,6,1,21,3,7,2,11,29,8,4,10,11,0
"COG3454",1,1,0,4,5,10,1,0,3,0,2,0,0,0,0,1,1,3,0,0
"COG3455",0,0,0,0,0,5,0,0,1,0,0,0,0,0,4,0,0,0,0,0
"COG3456",0,0,0,0,0,6,0,0,0,0,0,0,0,0,0,0,0,1,0,0
"COG3457",0,1,1,2,0,12,2,3,3,3,6,1,2,2,0,7,2,3,1,0
"COG3458",18,36,18,23,23,6,18,21,26,9,17,24,16,24,2,15,37,24,42,60
"COG3459",108,52,78,88,80,45,105,23,27,123,30,85,22,71,60,123,49,67,63,9
"COG3460",0,0,0,0,0,4,0,0,0,0,0,0,0,0,0,0,0,0,0,0
"COG3463",7,2,1,2,2,5,5,1,1,3,2,1,1,0,1,4,1,4,0,1
"COG3464",138,28,105,68,74,69,80,101,100,104,149,511,205,134,49,60,107,66,87,140
"COG3467",20,18,18,32,19,13,19,31,14,28,28,22,21,30,13,31,19,11,25,25
"COG3468",7,33,13,49,34,151,3,76,73,20,17,4,47,25,6,6,21,73,13,23
"COG3469",0,2,0,1,0,0,0,0,1,0,1,0,0,0,0,6,0,0,0,0
"COG3470",0,0,0,0,0,0,0,0,1,0,2,0,0,0,9,0,0,0,0,0
"COG3471",0,1,0,0,0,0,0,0,0,0,0,0,0,0,0,0,1,0,0,0
"COG3472",8,7,4,4,4,3,5,2,3,3,3,3,4,9,0,30,20,2,2,1
"COG3473",0,1,4,1,0,0,0,0,0,0,0,0,0,0,0,0,0,0,0,0
"COG3475",35,34,81,51,61,34,54,50,24,62,47,70,43,17,42,20,50,35,69,58
"COG3476",3,9,5,1,10,4,3,4,3,3,2,0,4,11,1,5,6,5,3,6
"COG3477",0,0,0,0,0,4,0,1,0,0,0,0,2,0,1,0,0,0,0,0
"COG3478",0,0,0,0,0,1,0,0,0,0,1,0,0,0,0,0,0,1,0,0
"COG3479",0,0,0,0,0,0,0,0,2,0,0,0,0,0,5,0,0,0,0,0
"COG3480",0,0,0,0,0,0,1,0,2,0,7,0,0,0,12,1,0,0,0,0
"COG3481",46,18,27,33,32,31,48,17,8,36,14,15,10,19,27,43,18,38,15,7
"COG3484",0,0,0,0,0,1,0,1,0,0,0,0,0,0,0,0,0,0,0,0
"COG3485",0,0,0,0,0,1,0,1,0,0,1,0,0,0,0,0,0,0,0,0
"COG3486",0,0,0,0,1,4,0,0,0,0,0,0,0,0,1,0,0,0,1,0
"COG3487",5,5,19,13,11,2,5,14,12,14,21,5,6,4,1,6,10,10,9,24
"COG3488",19,17,30,16,19,12,8,24,44,12,25,53,26,22,0,5,14,9,30,13
"COG3491",0,1,0,0,0,0,0,0,0,0,1,0,0,0,0,0,0,0,0,0
"COG3493",6,1,0,6,1,6,1,3,4,2,0,0,1,0,6,0,6,0,0,0
"COG3494",2,2,0,3,1,0,2,0,3,0,2,0,5,0,0,4,1,3,11,0
"COG3496",0,0,0,0,0,0,0,0,0,0,0,0,0,0,1,0,0,0,0,0
"COG3497",9,2,21,5,15,8,3,3,7,4,3,54,10,3,0,40,17,25,4,10
"COG3498",0,2,2,0,5,3,0,1,3,2,1,0,4,0,0,0,1,9,2,0
"COG3499",0,0,0,0,0,3,0,0,0,0,1,0,0,0,0,0,0,0,0,0
"COG3500",4,3,12,4,8,10,3,6,8,7,2,12,6,2,1,20,12,16,3,9
"COG3501",1,27,15,11,19,26,8,22,7,7,12,37,2,28,8,1,25,4,3,12
"COG3503",6,12,2,3,4,4,1,2,5,3,5,0,1,7,2,15,3,11,6,5
"COG3504",0,0,3,0,1,10,0,2,0,3,0,0,1,0,0,0,1,0,1,0
"COG3505",215,358,190,201,259,121,244,274,277,174,204,127,147,307,123,376,264,315,184,368
"COG3506",8,3,4,4,8,6,19,3,12,8,12,29,9,6,1,0,5,0,2,14
"COG3507",160,316,206,194,332,109,204,198,259,277,209,249,209,214,143,104,328,172,224,324
"COG3509",0,1,2,7,1,3,3,3,13,1,1,31,12,4,6,1,3,3,30,0
"COG3512",5,7,5,3,0,3,4,3,3,8,7,7,5,6,5,5,2,4,3,2
"COG3513",25,29,45,42,30,36,64,45,30,62,38,132,23,50,35,29,23,23,87,2
"COG3514",0,0,0,0,0,1,0,0,0,0,0,0,0,0,0,0,0,0,0,0
"COG3515",0,0,0,0,2,14,0,1,1,0,2,0,2,0,9,0,0,0,0,1
"COG3516",0,0,0,1,0,3,0,2,0,0,0,0,0,0,0,0,0,0,0,0
"COG3517",1,0,1,0,0,7,0,0,0,0,1,0,1,0,2,0,1,0,0,0
"COG3518",0,1,0,0,0,1,0,0,0,0,0,0,0,0,1,0,0,1,0,0
"COG3519",0,1,0,0,0,5,0,0,1,0,2,0,0,0,2,1,0,1,0,0
"COG3520",0,0,0,0,0,5,0,1,0,0,0,0,0,0,3,0,0,0,1,0
"COG3521",0,0,0,0,0,2,0,0,0,0,1,0,0,0,1,0,0,0,0,0
"COG3522",0,1,0,0,0,8,0,0,2,0,3,1,0,0,0,0,0,1,0,0
"COG3523",0,2,0,0,0,13,0,1,2,0,3,0,0,0,4,2,1,2,0,1
"COG3524",0,0,0,0,1,3,0,0,0,0,0,0,0,0,0,0,0,0,0,0
"COG3525",148,393,272,155,284,163,200,299,329,174,351,109,278,296,64,87,307,167,296,484
"COG3526",0,0,0,0,0,0,0,0,0,0,0,0,0,0,0,0,0,0,0,0
"COG3527",0,0,0,0,0,2,0,0,0,0,0,0,2,0,2,2,0,0,0,0
"COG3528",0,0,0,0,0,0,0,0,0,0,0,0,0,1,0,0,0,0,5,0
"COG3529",0,0,0,0,0,0,0,0,0,0,0,0,0,0,0,0,0,0,0,0
"COG3530",0,0,0,0,0,5,0,0,0,0,1,0,0,0,0,0,0,0,0,1
"COG3533",120,199,146,132,186,62,141,182,190,224,156,176,156,186,92,93,257,119,183,274
"COG3534",80,95,104,103,103,30,92,81,142,92,108,224,116,94,91,49,100,68,135,109
"COG3535",0,6,2,2,0,0,2,1,1,0,4,0,1,1,8,4,0,1,1,1
"COG3536",0,0,0,1,2,0,0,0,0,0,0,0,3,3,0,0,1,0,0,0
"COG3537",191,407,277,266,355,116,291,520,488,301,447,78,406,423,39,108,442,262,302,652
"COG3538",14,51,21,22,20,5,16,78,56,23,49,7,35,29,19,14,60,19,60,90
"COG3539",0,2,1,1,0,33,0,1,2,0,6,0,1,0,14,3,0,7,2,5
"COG3541",4,0,2,3,0,9,4,1,0,3,2,14,5,2,6,3,3,1,1,1
"COG3542",3,0,0,0,0,1,0,1,0,1,0,0,2,2,6,0,1,1,1,0
"COG3543",6,7,4,2,4,4,5,3,3,3,1,3,0,2,5,3,2,1,4,0
"COG3544",1,0,0,1,1,1,2,0,0,0,0,0,1,2,0,0,0,0,0,1
"COG3545",0,0,0,0,0,1,0,0,0,0,0,0,0,0,0,0,0,0,0,0
"COG3546",13,9,13,11,11,14,11,13,13,12,9,2,5,22,24,8,4,12,5,4
"COG3547",112,132,154,103,131,79,107,114,150,84,140,222,105,110,218,163,120,155,85,100
"COG3548",0,0,0,4,0,0,0,0,0,0,0,0,1,0,7,0,0,0,0,0
"COG3549",0,0,0,1,0,1,0,0,1,0,1,1,1,0,0,0,0,0,1,0
"COG3550",95,42,64,67,101,41,60,72,63,26,44,139,86,70,22,44,102,29,41,144
"COG3552",0,0,0,0,0,1,0,0,0,1,0,0,0,0,0,1,0,0,0,0
"COG3555",0,0,0,0,0,0,0,0,0,0,0,0,0,0,0,0,0,0,0,0
"COG3557",1,0,0,0,1,0,3,0,0,0,0,0,3,0,0,0,1,0,0,0
"COG3558",0,0,0,0,0,1,0,0,0,0,0,0,0,0,1,0,0,0,0,0
"COG3560",8,21,11,7,9,3,7,19,11,3,14,0,15,14,1,6,16,11,2,19
"COG3561",6,7,7,7,6,16,30,14,2,14,1,0,5,3,1,5,6,1,2,0
"COG3562",0,0,0,0,3,3,0,0,0,0,0,0,0,0,0,0,0,1,0,0
"COG3563",0,0,0,0,1,6,0,0,0,0,1,0,7,0,0,0,0,1,0,0
"COG3566",4,2,1,5,2,2,0,0,0,3,0,0,22,2,0,3,1,2,3,1
"COG3567",1,3,1,8,6,1,0,2,0,1,0,0,6,0,0,4,0,1,1,0
"COG3568",14,20,21,16,18,9,13,33,14,16,70,21,60,62,9,32,71,65,70,122
"COG3570",0,0,0,0,0,10,2,1,0,0,0,0,3,0,0,0,2,0,0,0
"COG3572",2,3,1,1,2,1,2,0,2,2,8,1,1,0,14,1,1,2,5,0
"COG3575",0,0,0,1,0,0,0,0,0,0,0,0,2,0,0,0,0,0,0,0
"COG3576",0,0,0,0,1,0,2,0,3,0,2,0,0,0,9,0,0,1,0,0
"COG3579",18,54,41,32,31,17,31,50,66,24,62,39,49,42,92,18,43,46,44,45
"COG3580",85,64,71,100,74,58,95,66,50,104,13,23,21,21,30,33,20,20,27,4
"COG3581",66,44,62,108,63,58,101,58,35,78,46,81,52,70,88,68,48,51,86,22
"COG3583",11,20,13,14,4,9,10,5,13,7,12,13,10,14,8,33,10,21,14,3
"COG3584",18,10,15,11,8,22,7,8,10,11,17,8,12,14,21,30,12,32,15,18
"COG3585",0,0,1,0,0,2,0,0,0,0,0,0,2,0,0,0,0,0,0,0
"COG3586",1,1,0,9,6,0,3,2,3,1,7,1,3,0,2,3,10,1,1,25
"COG3587",28,9,15,45,16,15,26,23,24,38,19,97,30,59,20,20,19,14,52,31
"COG3588",0,0,0,1,0,0,0,0,0,0,0,0,1,0,0,0,0,0,0,0
"COG3589",0,0,1,3,0,7,4,0,1,1,1,0,3,5,16,2,7,0,1,2
"COG3590",34,46,31,46,38,21,30,75,94,48,55,124,66,58,84,18,34,28,77,33
"COG3591",6,1,3,1,3,5,5,5,1,1,0,10,0,5,11,3,6,7,2,0
"COG3592",0,0,0,0,0,7,0,1,0,0,0,0,0,0,0,0,0,0,0,0
"COG3593",18,4,3,25,4,33,18,5,4,17,19,100,7,7,13,21,23,9,10,8
"COG3594",35,48,52,31,39,27,42,35,26,33,29,36,39,24,29,16,35,24,30,48
"COG3595",1,2,0,0,0,2,2,1,3,5,0,0,0,1,0,0,1,0,1,0
"COG3596",6,6,0,0,8,6,1,0,2,1,0,0,5,5,0,0,2,0,0,1
"COG3597",1,0,1,0,2,0,0,1,1,0,0,2,2,1,0,2,4,0,0,0
"COG3598",3,1,3,1,11,7,1,0,2,2,2,0,1,5,11,4,5,8,10,1
"COG3599",10,4,6,9,6,0,10,7,6,5,5,11,3,9,21,17,6,9,4,0
"COG3600",3,3,1,1,1,0,4,3,0,4,3,2,1,3,6,3,1,2,17,0
"COG3601",19,24,21,19,14,24,23,12,10,14,11,7,8,16,38,25,21,24,17,2
"COG3602",1,0,0,0,1,0,0,0,0,2,0,0,3,0,1,0,0,0,0,2
"COG3603",2,0,0,5,0,1,0,0,1,2,0,0,1,1,4,0,0,1,0,1
"COG3604",22,29,21,21,24,44,12,38,23,23,15,10,46,25,5,10,26,24,33,7
"COG3605",1,0,0,0,1,18,0,0,0,1,0,0,0,0,4,0,1,1,0,0
"COG3608",27,7,12,18,10,21,18,14,5,29,5,4,4,16,12,7,8,10,7,5
"COG3609",0,0,0,0,0,2,0,0,0,0,0,0,0,0,0,1,1,0,0,0
"COG3610",10,10,13,17,16,22,6,12,8,8,13,8,5,4,21,15,14,17,7,20
"COG3611",1,0,0,0,0,0,3,0,1,0,0,0,2,2,13,2,1,0,0,1
"COG3613",1,1,0,2,0,1,0,0,1,0,0,0,0,0,9,0,0,0,0,1
"COG3615",0,0,0,0,0,1,0,0,0,0,2,0,1,0,0,0,0,0,0,1
"COG3616",4,4,2,3,3,1,0,5,6,2,3,1,5,4,0,1,6,0,1,5
"COG3617",21,9,20,27,32,4,37,34,45,4,16,51,25,26,14,23,12,33,43,12
"COG3618",0,0,0,0,0,2,3,0,0,0,0,0,2,0,2,0,0,0,0,2
"COG3619",18,20,19,26,13,19,16,10,5,19,10,9,21,17,42,11,11,18,12,2
"COG3621",0,0,1,10,0,0,4,0,0,1,0,0,0,0,0,1,0,0,0,0
"COG3622",5,0,1,0,1,16,1,3,1,2,1,0,2,1,1,2,0,1,2,5
"COG3623",1,1,4,0,0,7,1,1,2,2,0,0,1,0,2,2,0,1,1,1
"COG3624",0,0,0,0,0,6,0,1,1,0,0,0,1,0,0,0,1,0,0,1
"COG3625",0,1,0,3,1,5,0,2,3,0,0,1,0,0,0,2,0,2,0,0
"COG3626",0,0,0,1,0,6,0,2,3,0,3,1,0,0,1,1,1,2,0,1
"COG3627",1,1,0,2,3,3,0,4,3,0,2,0,2,0,1,0,0,1,0,0
"COG3628",0,0,6,1,1,1,0,0,0,1,0,0,1,0,0,0,0,0,0,1
"COG3629",0,1,0,1,2,0,0,6,1,0,1,0,7,1,0,0,2,1,2,1
"COG3630",0,0,0,0,0,0,0,0,0,0,0,0,0,0,0,0,0,0,0,0
"COG3633",14,10,8,20,14,23,15,8,9,15,3,5,6,6,6,4,2,9,6,3
"COG3634",22,24,25,11,24,30,13,42,36,14,34,4,19,23,4,8,26,20,22,41
"COG3635",25,40,38,18,18,7,14,44,41,26,30,33,26,21,3,28,26,18,32,19
"COG3636",0,0,0,0,0,0,1,0,0,1,3,1,0,0,2,0,2,0,0,0
"COG3637",0,0,0,0,0,19,0,0,0,0,1,0,6,0,1,0,1,1,0,0
"COG3638",8,1,14,3,5,7,1,5,7,2,0,0,1,3,5,9,4,3,2,4
"COG3639",4,7,10,8,9,3,3,6,4,6,2,0,0,6,17,16,8,5,5,5
"COG3640",9,3,13,4,10,10,2,3,5,2,10,5,4,2,26,19,0,5,3,1
"COG3641",7,10,11,19,18,24,16,14,2,10,10,4,4,14,30,20,6,15,13,3
"COG3643",4,15,15,10,18,2,2,20,8,6,11,1,13,13,0,7,15,10,11,21
"COG3645",29,19,15,28,10,11,21,31,35,11,15,95,31,31,8,39,12,6,51,17
"COG3646",13,1,1,4,11,2,8,16,2,2,5,40,8,6,6,2,1,9,20,1
"COG3647",0,0,0,0,0,1,0,0,0,0,0,0,0,0,1,0,1,0,0,0
"COG3649",6,12,8,27,7,7,13,6,8,6,11,3,14,10,26,19,8,27,9,2
"COG3650",0,2,1,0,0,0,0,0,1,2,0,0,0,1,0,0,0,0,0,0
"COG3653",3,5,14,1,2,5,7,7,14,0,1,1,5,9,15,37,7,8,7,2
"COG3654",6,9,13,7,4,8,14,7,8,5,11,3,25,11,4,6,4,3,2,10
"COG3655",12,6,13,17,12,13,17,12,3,11,17,2,3,14,12,28,6,10,8,12
"COG3657",0,0,0,0,0,0,0,0,0,0,3,0,0,0,2,0,0,0,0,0
"COG3659",0,1,1,0,1,0,0,0,0,0,0,0,0,0,0,0,0,0,0,0
"COG3660",2,0,0,0,0,0,0,0,1,1,0,0,0,1,0,1,0,0,4,0
"COG3661",22,20,29,21,25,6,12,10,45,14,10,44,15,18,1,23,18,14,24,63
"COG3662",0,0,0,0,1,1,0,0,0,0,1,0,0,0,0,0,0,0,0,0
"COG3663",20,20,13,31,20,10,18,17,13,26,19,22,26,34,17,18,24,28,16,23
"COG3664",13,4,9,8,19,21,7,5,8,5,2,4,16,7,11,14,24,10,13,0
"COG3665",4,4,0,0,1,0,0,1,0,1,0,0,1,1,1,1,1,0,0,0
"COG3666",110,160,97,298,212,46,207,137,145,221,199,433,232,123,81,175,102,92,148,300
"COG3667",0,1,0,0,0,3,0,0,0,0,1,0,0,0,2,0,0,0,0,0
"COG3668",2,1,2,1,0,13,1,1,1,0,1,0,0,0,0,1,0,5,0,0
"COG3669",107,317,179,82,228,103,186,176,190,145,69,17,76,62,26,14,55,39,58,87
"COG3671",0,0,0,0,0,0,0,0,0,1,1,0,1,2,0,0,0,0,0,0
"COG3672",1,0,0,0,0,0,0,0,0,0,0,0,1,1,0,0,0,0,0,0
"COG3675",0,0,0,5,0,0,9,0,0,0,0,0,1,0,0,0,0,0,2,0
"COG3676",10,12,15,2,12,2,4,38,12,5,20,0,8,13,0,0,7,21,11,6
"COG3677",8,21,7,4,2,48,1,3,1,0,8,5,28,1,9,5,7,3,9,274
"COG3678",0,0,0,0,0,13,0,1,0,0,0,0,0,0,1,0,0,1,0,0
"COG3679",0,0,0,0,0,0,0,0,0,0,0,0,0,0,2,0,0,0,0,0
"COG3680",2,0,0,0,1,7,3,0,0,10,0,6,0,3,0,0,0,0,0,0
"COG3681",38,37,28,32,31,40,32,51,41,26,45,48,47,68,46,34,47,55,53,74
"COG3682",19,20,16,13,15,13,15,11,10,20,20,6,14,21,23,38,22,24,7,12
"COG3683",0,0,0,0,1,0,0,0,0,1,0,0,0,0,0,0,0,0,0,1
"COG3684",0,0,0,0,0,9,1,0,0,0,0,0,0,0,4,0,0,0,0,0
"COG3685",0,1,0,0,0,4,0,0,1,0,1,0,0,0,1,0,0,1,0,0
"COG3688",47,22,35,36,46,35,30,15,16,57,19,15,18,35,57,71,30,59,16,3
"COG3689",11,5,3,3,5,4,10,6,3,15,5,5,5,9,17,6,4,4,3,2
"COG3691",0,1,0,0,1,4,0,0,0,0,0,0,0,0,1,0,0,0,0,1
"COG3692",0,0,0,0,0,8,0,0,0,0,0,0,0,0,0,0,0,0,0,0
"COG3693",37,20,21,7,22,4,33,7,24,26,22,21,10,33,14,35,12,12,18,18
"COG3694",3,0,2,2,2,0,4,0,3,3,0,0,1,0,2,2,1,0,0,0
"COG3695",7,7,10,3,6,7,3,14,8,4,6,2,12,7,5,12,9,8,5,11
"COG3696",78,109,77,47,103,31,61,126,154,77,137,16,128,72,7,27,71,56,77,177
"COG3697",1,2,1,4,2,7,3,4,2,1,3,0,11,4,19,4,3,4,0,0
"COG3698",0,0,0,0,0,8,0,0,0,0,0,1,0,0,0,0,0,0,0,0
"COG3700",0,2,0,0,0,6,0,0,2,2,3,0,0,0,2,0,0,1,0,0
"COG3701",0,0,0,2,0,0,0,1,0,0,0,0,2,0,0,1,0,0,4,0
"COG3703",0,0,0,0,0,5,0,0,0,0,1,0,0,0,0,0,0,0,0,0
"COG3704",0,1,0,0,1,0,0,0,0,1,0,0,0,0,0,0,0,1,0,0
"COG3705",21,19,18,15,16,15,24,14,13,25,8,17,12,20,20,24,15,15,8,6
"COG3706",234,390,268,200,397,155,201,311,300,338,303,339,329,289,43,145,374,170,303,595
"COG3707",5,6,7,5,9,9,8,8,11,4,5,7,7,4,7,10,5,18,6,2
"COG3708",8,0,5,7,6,2,2,3,3,5,0,1,2,4,9,13,13,7,0,6
"COG3709",0,0,0,0,0,5,0,3,0,0,0,0,0,0,0,0,0,0,0,0
"COG3710",0,0,0,0,0,33,0,0,0,0,2,0,1,1,3,0,1,1,0,1
"COG3711",32,24,60,50,20,96,74,42,23,19,23,20,27,22,148,24,29,74,26,35
"COG3712",133,309,194,243,291,112,165,310,252,195,379,82,248,288,21,75,376,202,222,799
"COG3713",0,0,0,0,0,15,0,1,1,0,1,0,0,0,2,0,0,1,0,0
"COG3714",0,0,0,0,0,8,1,0,0,0,0,0,1,0,2,2,0,2,0,0
"COG3715",13,8,9,18,8,42,21,16,17,11,10,2,22,11,46,20,16,51,5,6
"COG3716",8,12,12,18,9,47,17,8,10,11,13,7,30,14,46,20,10,45,8,13
"COG3717",6,23,10,9,17,15,6,9,10,11,29,40,22,35,14,12,47,35,36,35
"COG3718",6,10,4,5,3,5,6,3,2,2,0,0,2,2,7,7,0,1,4,1
"COG3719",0,0,0,0,0,8,0,0,0,1,0,0,0,0,1,0,1,1,0,0
"COG3720",0,0,0,0,0,1,0,1,1,0,0,0,0,0,0,0,0,1,0,0
"COG3721",0,0,0,1,0,1,0,0,1,1,1,0,3,0,0,0,0,2,0,0
"COG3722",0,1,0,1,0,13,0,0,0,0,1,0,0,0,2,0,0,0,0,0
"COG3723",11,9,4,9,2,3,34,14,7,2,1,0,8,2,2,3,12,2,5,2
"COG3724",0,0,0,0,0,4,0,0,0,0,0,0,1,0,2,0,0,0,0,1
"COG3725",0,0,0,0,0,9,0,0,0,0,1,0,0,0,0,0,0,0,0,0
"COG3726",0,0,0,0,0,2,0,0,0,0,0,0,0,0,0,0,0,0,0,0
"COG3727",17,12,7,13,11,10,21,15,7,7,18,8,6,13,15,21,15,4,14,10
"COG3728",3,5,4,1,1,4,8,1,1,2,0,3,3,3,0,1,2,9,9,2
"COG3729",0,0,0,0,0,2,0,0,0,0,0,0,1,0,0,0,0,0,0,1
"COG3730",0,1,0,2,1,5,1,1,0,1,0,0,1,0,0,0,1,0,5,3
"COG3731",0,0,0,2,0,3,0,0,0,0,1,0,3,0,1,0,0,1,3,2
"COG3732",0,0,0,2,0,8,2,2,2,0,1,0,6,0,3,0,1,2,3,1
"COG3733",0,0,1,0,0,4,0,0,0,0,1,0,0,0,2,0,0,0,0,1
"COG3734",0,3,2,0,0,11,1,3,2,0,1,1,3,0,3,1,0,1,0,1
"COG3735",0,7,6,11,8,14,6,12,4,2,1,0,6,7,1,1,5,3,4,7
"COG3736",0,0,0,0,0,7,0,0,0,0,0,1,0,0,1,0,1,1,0,0
"COG3738",5,1,3,1,1,13,6,0,0,3,3,2,0,2,9,4,5,2,3,1
"COG3740",9,2,7,1,3,7,4,6,6,1,1,0,11,6,7,13,7,9,2,10
"COG3741",0,0,0,0,0,1,0,0,0,0,0,0,0,0,0,0,0,0,0,0
"COG3744",0,0,0,0,0,0,0,0,3,0,0,0,0,0,0,0,0,0,0,1
"COG3745",0,7,3,3,0,0,0,0,2,1,0,1,0,0,0,1,0,0,0,1
"COG3746",19,11,16,8,21,8,9,9,18,10,21,6,17,7,5,2,19,6,9,43
"COG3747",4,0,1,3,2,4,8,0,1,1,0,0,2,2,0,1,0,2,0,0
"COG3753",0,0,0,0,0,7,0,0,0,0,0,0,0,0,0,0,0,2,0,0
"COG3754",8,26,22,24,27,22,14,8,29,18,9,13,31,57,6,43,27,10,25,24
"COG3755",0,0,0,0,0,7,0,0,0,0,0,0,0,0,0,0,0,0,0,1
"COG3756",0,0,0,0,0,0,0,0,0,0,0,0,0,0,0,0,0,0,0,0
"COG3757",91,79,66,81,76,48,128,55,41,79,46,109,41,46,70,76,47,40,59,18
"COG3758",0,1,0,1,0,3,1,2,1,0,0,0,1,0,0,4,1,0,0,0
"COG3759",0,0,0,0,1,0,0,0,0,0,0,0,2,0,3,0,0,0,0,0
"COG3760",20,6,11,15,14,6,23,12,6,11,9,12,24,8,16,14,11,7,8,5
"COG3762",0,0,1,0,1,0,0,1,0,0,0,0,0,0,0,0,0,1,0,0
"COG3763",0,0,0,0,0,0,1,0,0,0,0,0,0,0,2,0,0,0,0,0
"COG3764",19,3,9,18,27,24,48,17,18,13,35,7,2,20,72,57,12,14,10,15
"COG3765",0,0,0,0,0,24,0,1,0,0,4,1,0,0,4,0,0,2,0,0
"COG3766",0,0,1,0,0,3,0,0,1,0,0,0,0,0,0,0,0,0,0,1
"COG3767",0,0,0,0,0,0,0,0,0,0,0,0,0,0,0,0,0,0,0,0
"COG3768",0,0,1,0,0,6,0,0,0,1,0,0,0,0,0,1,0,1,0,1
"COG3769",0,0,0,0,0,2,0,0,0,0,0,0,0,0,1,0,0,0,0,0
"COG3770",0,0,0,0,0,11,0,0,0,0,2,0,0,0,0,0,1,0,0,1
"COG3771",0,0,0,0,0,1,1,1,0,1,1,0,0,0,1,0,1,0,0,0
"COG3772",6,2,0,0,4,10,4,2,2,2,0,0,4,5,2,21,2,1,1,1
"COG3773",24,23,26,16,19,7,47,15,6,50,5,8,5,29,30,11,26,11,18,7
"COG3774",22,32,32,19,29,20,33,31,30,24,28,11,13,35,32,9,30,28,27,58
"COG3775",9,19,28,29,12,12,21,25,15,31,39,36,30,15,13,13,11,18,54,29
"COG3776",0,0,0,0,0,2,0,0,0,0,0,0,0,0,0,0,0,0,0,2
"COG3778",0,0,0,0,0,4,0,0,0,0,0,0,3,0,0,0,0,0,1,0
"COG3779",0,0,0,0,0,0,0,0,0,0,0,0,0,0,0,0,0,0,0,0
"COG3781",0,0,0,0,0,6,0,1,0,0,0,0,0,0,1,0,0,0,0,1
"COG3783",0,0,0,0,0,3,0,1,0,0,0,0,0,0,1,0,0,0,0,1
"COG3784",0,0,0,0,0,3,0,0,0,0,0,0,0,0,0,0,1,1,0,0
"COG3785",0,0,0,0,0,7,0,0,0,0,0,0,0,0,2,1,0,0,0,0
"COG3786",2,0,0,0,8,3,2,0,3,3,2,1,1,0,4,0,1,0,3,1
"COG3787",0,0,1,0,1,2,0,0,1,0,0,0,0,2,1,0,0,0,0,1
"COG3788",0,0,0,0,0,5,0,0,0,0,1,0,0,0,0,0,0,0,0,1
"COG3789",0,0,0,0,0,2,0,0,0,0,0,0,0,0,0,0,0,0,0,1
"COG3790",0,0,0,0,1,6,0,0,0,0,0,1,0,0,1,0,0,0,0,0
"COG3791",0,0,0,0,0,1,0,0,0,0,0,0,0,0,0,0,0,0,0,0
"COG3793",0,0,0,0,0,0,0,0,0,0,0,0,0,0,0,0,0,0,0,0
"COG3794",0,2,0,0,0,0,0,0,0,0,0,0,0,0,0,0,0,0,0,0
"COG3797",0,0,0,0,0,0,0,1,2,1,0,0,0,0,0,0,0,0,0,0
"COG3799",0,2,0,1,0,0,0,1,1,0,0,0,1,0,0,0,0,1,0,0
"COG3804",0,4,1,5,0,0,11,3,2,6,0,0,3,5,5,10,0,4,1,1
"COG3808",45,52,55,35,44,22,33,77,57,32,60,18,75,63,29,31,42,48,35,46
"COG3811",0,0,0,0,0,1,0,0,0,0,0,0,0,0,0,0,0,0,0,0
"COG3815",0,0,0,0,0,0,3,0,0,0,0,0,0,2,0,0,0,0,0,0
"COG3817",1,3,0,1,0,5,1,1,1,2,0,0,0,0,0,0,2,0,0,0
"COG3819",3,0,2,0,1,1,1,0,0,1,0,0,0,0,7,0,1,1,0,1
"COG3822",5,1,4,3,4,0,4,6,6,0,3,0,5,7,1,17,6,1,6,1
"COG3823",0,0,0,6,3,1,1,4,4,0,4,0,1,1,0,0,0,0,4,0
"COG3824",0,0,0,0,0,0,0,0,0,0,1,0,0,0,0,0,0,0,0,0
"COG3825",2,2,3,2,0,1,0,1,0,0,0,0,2,2,0,1,3,1,1,0
"COG3828",1,0,1,0,0,0,1,0,0,0,0,0,0,0,0,2,0,0,0,0
"COG3829",16,15,27,26,24,49,30,39,20,17,27,4,60,21,48,30,12,60,11,24
"COG3830",33,31,28,27,22,18,32,34,34,29,38,16,27,27,11,13,34,31,34,31
"COG3831",0,1,0,2,2,12,0,1,3,5,2,0,10,0,1,0,4,2,0,17
"COG3832",0,0,0,0,0,0,0,0,0,0,0,0,0,0,1,0,0,0,0,0
"COG3833",27,15,27,26,12,29,12,6,6,21,7,5,4,14,44,20,31,5,18,4
"COG3835",2,2,7,6,6,13,2,3,0,8,8,2,12,3,13,9,5,6,1,4
"COG3836",2,8,4,6,3,12,0,7,6,2,7,1,4,1,12,4,5,1,0,3
"COG3837",0,1,1,0,0,1,0,0,1,0,0,1,0,0,1,0,0,0,1,0
"COG3839",63,48,46,62,36,68,36,40,34,53,49,21,22,44,105,108,47,49,28,21
"COG3840",0,0,0,0,0,6,0,0,1,0,0,0,0,0,1,0,0,0,0,0
"COG3842",65,62,56,66,59,63,42,64,72,50,17,8,16,18,34,23,14,24,25,22
"COG3843",109,100,83,106,86,63,71,63,42,86,56,33,29,72,87,200,76,114,59,18
"COG3845",51,42,38,33,23,27,31,26,31,41,29,13,29,43,48,128,35,57,45,15
"COG3846",0,0,1,0,0,0,0,0,0,0,0,0,5,0,0,0,0,0,0,0
"COG3848",13,18,16,12,7,14,12,9,14,10,14,11,7,18,26,6,12,33,11,4
"COG3850",0,1,0,2,2,19,2,3,3,0,4,2,3,4,1,1,1,2,0,1
"COG3851",0,1,0,1,0,12,0,0,1,1,0,0,0,1,0,0,1,2,1,1
"COG3852",0,3,0,1,5,9,0,2,7,2,2,1,4,1,2,0,5,1,0,5
"COG3853",15,15,15,9,9,17,22,13,13,13,12,2,7,13,36,20,17,28,14,4
"COG3854",19,13,21,24,21,13,18,11,13,29,10,6,9,23,24,29,22,19,10,6
"COG3855",71,50,66,67,56,36,51,59,74,67,48,86,82,57,54,34,53,69,61,64
"COG3856",0,0,1,1,1,0,5,0,1,2,3,0,4,0,3,1,0,0,1,0
"COG3857",35,12,22,25,22,27,21,7,9,31,31,22,33,67,124,136,47,86,42,8
"COG3858",18,25,33,24,17,26,25,17,10,22,15,7,22,22,27,19,18,15,9,8
"COG3859",14,8,17,9,7,9,21,12,10,13,12,4,1,12,7,26,12,12,14,4
"COG3860",0,0,0,0,0,0,0,1,0,0,1,0,1,0,1,0,0,0,0,1
"COG3862",6,5,9,2,10,7,5,3,5,7,4,4,4,10,7,12,3,9,8,2
"COG3863",0,0,0,0,0,0,0,0,0,0,0,0,0,0,1,0,0,1,0,0
"COG3864",0,3,1,0,1,0,1,4,5,0,4,0,6,1,7,3,0,0,1,1
"COG3866",20,5,34,19,5,6,48,4,11,15,4,0,2,9,5,3,9,8,2,0
"COG3867",69,23,39,43,8,19,17,23,17,19,9,59,22,20,9,6,22,14,28,32
"COG3868",3,0,0,2,0,0,0,0,0,3,1,0,1,2,0,1,0,2,0,0
"COG3869",7,14,11,4,6,3,14,1,6,5,1,4,5,3,7,10,3,4,9,0
"COG3870",8,7,4,2,0,4,3,3,1,2,0,0,3,5,4,14,0,4,0,2
"COG3871",11,4,11,8,20,1,2,7,11,6,9,3,11,9,0,4,9,14,5,32
"COG3872",16,20,30,26,29,21,33,16,23,23,8,9,15,24,34,32,13,32,23,7
"COG3874",6,4,7,4,3,2,6,2,3,7,5,2,2,11,4,16,4,5,6,1
"COG3875",2,12,3,13,1,6,8,10,17,7,16,7,25,10,4,35,10,23,5,10
"COG3876",20,24,40,9,22,9,23,32,27,14,25,3,24,22,1,15,24,14,18,37
"COG3877",2,3,1,2,1,1,2,1,0,0,0,0,0,2,0,1,3,3,1,0
"COG3878",3,0,1,2,2,0,6,1,0,6,1,0,0,0,0,5,0,0,1,0
"COG3879",1,2,0,7,1,0,19,1,2,9,5,0,0,0,10,0,0,0,1,0
"COG3880",5,6,8,8,6,3,4,2,4,2,1,1,2,4,4,4,2,1,5,0
"COG3881",0,0,0,1,0,0,0,0,0,0,0,0,4,0,1,0,0,0,0,0
"COG3882",21,3,43,10,8,1,16,8,4,5,11,0,7,14,0,10,27,5,3,10
"COG3883",2,25,6,4,0,1,31,3,8,8,0,3,3,8,8,15,4,3,1,2
"COG3884",29,28,35,35,37,15,34,47,23,34,26,20,45,41,36,26,28,38,31,34
"COG3885",0,0,0,1,0,2,0,0,0,3,3,1,4,1,3,3,0,0,0,0
"COG3886",16,3,37,18,4,13,18,14,11,36,37,101,16,22,47,16,22,9,13,8
"COG3887",67,25,43,57,42,30,79,36,25,61,29,16,34,49,89,71,45,78,42,15
"COG3892",0,2,0,0,2,1,0,2,0,1,1,0,0,0,0,1,1,0,0,0
"COG3893",17,0,0,4,3,3,2,7,9,1,4,6,2,6,0,4,1,1,3,1
"COG3894",11,4,15,15,8,20,9,4,9,12,18,4,3,11,13,34,8,16,5,1
"COG3895",0,0,0,0,1,3,0,1,0,0,1,0,0,0,0,0,0,0,0,0
"COG3896",0,0,0,0,0,0,0,0,0,0,0,0,0,1,0,0,0,0,1,0
"COG3899",0,1,0,2,1,0,1,2,0,0,6,0,5,1,0,0,0,0,1,2
"COG3901",5,0,1,1,0,1,0,0,0,0,4,0,0,0,1,8,0,0,0,0
"COG3903",0,0,0,0,0,0,0,0,0,0,2,0,0,0,1,0,1,0,0,0
"COG3906",0,0,0,0,0,0,2,0,0,0,0,1,1,0,5,0,0,0,0,0
"COG3907",0,0,0,0,0,0,0,0,0,1,0,0,0,0,0,0,0,0,0,0
"COG3910",14,12,13,22,7,7,10,4,7,13,14,15,15,9,23,16,15,14,6,3
"COG3911",2,0,0,1,0,0,0,0,0,0,0,0,0,1,0,1,0,0,2,0
"COG3915",0,0,0,0,0,0,0,0,0,0,0,0,0,0,0,0,0,0,0,0
"COG3919",3,0,16,14,6,3,3,9,9,3,13,0,12,5,16,7,6,3,17,5
"COG3920",0,3,2,8,1,0,1,2,9,1,9,1,7,6,12,8,2,1,2,5
"COG3921",0,0,0,0,0,1,0,0,0,0,0,0,0,0,2,0,0,0,0,0
"COG3923",0,0,0,0,0,4,0,0,0,0,0,0,0,0,1,0,0,0,0,0
"COG3924",0,0,0,0,0,0,0,0,1,0,0,0,0,0,0,0,0,0,0,0
"COG3925",0,0,1,0,0,7,0,0,0,1,1,0,0,0,2,0,0,1,0,1
"COG3926",1,5,4,1,3,0,0,0,5,9,5,0,4,0,0,1,1,3,22,3
"COG3933",2,7,7,46,1,20,44,7,5,10,3,1,16,0,31,5,4,5,6,9
"COG3934",7,1,0,0,7,0,12,0,0,0,1,0,1,4,0,4,0,2,0,0
"COG3935",26,7,27,26,24,20,43,17,10,23,12,6,7,16,34,25,16,26,10,8
"COG3936",1,0,9,20,0,3,3,1,1,0,4,0,0,0,0,0,3,0,2,4
"COG3937",1,1,1,0,1,1,2,2,0,1,2,0,0,1,5,0,0,1,0,1
"COG3938",0,1,2,0,1,0,1,1,0,1,1,0,0,2,1,2,0,2,0,4
"COG3940",17,30,48,17,18,9,22,14,23,14,25,13,21,29,38,14,29,14,13,68
"COG3941",0,0,4,0,0,6,1,4,4,3,7,0,5,0,0,0,1,0,0,1
"COG3942",0,6,0,1,2,0,1,0,5,0,8,0,7,0,28,1,0,1,0,0
"COG3943",69,69,77,65,97,40,70,69,99,60,64,160,103,67,37,67,76,57,86,76
"COG3944",27,16,19,28,17,22,23,20,16,28,22,12,8,12,63,43,14,23,24,4
"COG3945",0,0,0,0,0,0,0,0,0,0,1,0,1,0,0,0,0,0,0,0
"COG3947",2,0,4,2,4,10,4,2,3,1,1,1,2,2,2,2,5,2,4,0
"COG3948",4,4,1,7,8,3,3,1,1,9,2,0,2,4,1,1,3,11,1,0
"COG3949",3,2,3,4,1,2,8,2,8,2,0,2,13,7,18,14,3,8,0,1
"COG3950",20,39,32,34,18,19,37,32,29,27,22,64,33,40,37,4,35,39,51,33
"COG3951",0,0,0,1,2,7,0,0,1,0,0,0,0,3,0,0,0,0,0,0
"COG3952",1,2,0,1,1,1,0,3,2,0,0,0,2,1,0,0,0,0,1,5
"COG3953",0,0,0,0,0,0,0,0,0,0,0,0,0,0,0,0,0,0,0,0
"COG3954",0,2,0,0,0,10,0,1,0,0,1,0,1,0,0,0,0,1,0,0
"COG3955",2,8,6,2,0,1,3,2,6,0,4,4,2,8,1,1,0,0,0,2
"COG3956",8,21,16,15,12,4,20,15,31,20,16,21,15,8,16,24,11,27,23,13
"COG3957",14,14,7,8,12,15,23,9,9,15,18,10,7,32,31,29,10,6,10,1
"COG3958",34,55,36,28,36,25,28,47,20,23,20,8,25,44,45,63,44,41,39,10
"COG3959",39,44,38,34,27,38,19,46,17,28,27,10,17,43,53,54,38,29,22,22
"COG3960",0,0,0,0,0,2,1,0,0,0,2,0,0,0,0,0,0,0,0,0
"COG3961",0,0,0,0,0,0,0,0,0,0,0,0,0,0,1,0,0,0,0,0
"COG3962",4,16,2,6,1,2,8,2,2,2,0,0,7,1,5,0,1,2,7,3
"COG3963",0,0,0,0,0,0,0,1,0,0,0,0,0,0,0,0,0,0,0,0
"COG3964",2,9,0,8,2,3,4,4,6,6,3,0,12,7,1,1,4,2,1,2
"COG3965",0,0,2,6,1,3,1,3,0,2,0,0,2,5,2,1,0,2,0,0
"COG3966",0,0,0,0,1,0,1,4,0,0,1,0,0,0,18,0,0,1,0,0
"COG3967",0,0,0,0,0,0,0,0,0,2,0,0,0,0,1,0,1,0,0,0
"COG3968",120,119,126,110,151,67,98,145,143,133,113,128,131,121,58,122,119,104,152,128
"COG3969",14,41,30,15,35,13,17,52,38,21,38,3,38,28,5,9,40,29,45,59
"COG3971",0,0,0,0,0,11,0,0,0,0,2,0,0,1,0,1,0,2,0,0
"COG3972",2,2,2,2,11,15,12,15,2,6,21,0,2,2,1,4,3,3,2,38
"COG3973",20,19,26,30,20,31,19,30,14,27,14,5,28,23,80,7,29,27,19,46
"COG3975",0,0,0,2,4,0,0,0,1,0,3,1,1,1,0,0,0,0,0,0
"COG3976",7,0,3,6,6,9,11,5,7,8,4,2,16,7,13,4,3,13,1,0
"COG3977",0,1,0,0,0,16,0,0,1,0,0,0,0,1,0,0,0,1,5,0
"COG3978",0,0,0,0,0,1,0,0,0,0,0,0,0,0,0,0,0,0,0,0
"COG3979",1,2,0,0,2,2,2,1,0,0,0,0,1,0,0,19,1,2,0,0
"COG3980",7,4,8,2,11,1,2,12,4,8,2,0,4,5,0,4,9,3,7,17
"COG3981",4,5,1,1,3,2,4,4,1,12,3,1,5,4,10,8,6,11,3,1
"COG4001",46,70,44,106,70,48,76,53,52,43,45,133,53,46,28,56,65,54,78,0
"COG4012",0,0,0,1,0,0,0,0,0,0,0,0,0,0,0,0,0,0,0,1
"COG4021",0,0,2,16,1,2,1,0,0,0,1,0,0,3,0,1,1,0,1,0
"COG4032",1,15,4,0,1,0,1,3,3,7,1,1,8,3,2,2,5,2,0,13
"COG4034",0,0,0,0,0,0,0,0,0,0,0,0,0,0,0,0,0,0,0,0
"COG4043",3,0,0,1,2,0,1,0,0,3,3,0,0,1,1,0,0,0,0,0
"COG4085",0,0,0,0,0,0,0,0,1,0,0,2,9,0,0,0,0,5,0,0
"COG4086",3,1,11,6,6,5,4,1,3,8,1,4,4,3,28,8,2,7,1,1
"COG4087",0,0,0,0,0,0,1,0,0,1,0,0,0,0,0,1,1,0,0,1
"COG4091",0,0,1,0,0,0,1,2,1,0,3,0,3,0,0,0,0,0,4,4
"COG4095",1,0,0,0,0,0,0,0,1,0,0,0,0,0,0,0,0,0,0,0
"COG4096",46,40,53,51,54,39,83,53,57,81,45,54,91,73,133,25,90,90,44,121
"COG4097",0,0,0,0,0,0,0,0,1,0,0,0,4,1,1,0,0,0,0,0
"COG4098",0,0,1,0,1,0,0,0,0,0,1,1,1,0,10,0,0,0,0,0
"COG4099",4,11,17,4,19,2,8,16,10,2,6,38,17,8,14,8,9,8,20,21
"COG4100",29,27,33,22,27,17,38,23,16,27,16,12,25,26,45,39,21,35,19,4
"COG4104",1,2,2,0,0,0,0,1,0,0,0,8,0,0,0,0,2,2,1,19
"COG4105",0,0,0,0,4,12,1,0,1,3,3,0,2,2,1,0,0,0,0,1
"COG4106",1,0,0,0,0,4,0,2,0,1,0,0,0,0,4,0,0,0,0,1
"COG4107",0,2,0,3,1,7,0,1,3,0,1,0,0,0,0,1,1,1,1,0
"COG4108",46,61,55,62,80,55,53,58,50,66,64,63,75,76,50,55,54,67,72,47
"COG4109",0,0,0,0,1,0,0,1,0,0,1,0,1,2,1,0,0,0,0,0
"COG4110",0,0,0,0,0,2,0,0,0,0,0,0,0,0,0,0,0,0,0,0
"COG4112",0,0,0,0,0,0,0,7,0,0,0,0,0,0,0,1,0,0,3,0
"COG4114",0,1,0,0,0,7,0,1,0,0,0,0,0,0,1,0,0,0,0,1
"COG4115",13,17,16,7,5,9,37,20,3,11,23,8,27,10,6,4,10,12,14,38
"COG4116",1,0,0,0,1,1,0,0,0,0,1,0,0,0,6,0,0,1,0,0
"COG4117",0,0,0,0,0,7,0,0,1,0,0,0,0,0,0,0,0,0,0,0
"COG4120",12,12,6,11,7,12,5,3,5,10,20,13,19,43,47,56,41,75,16,3
"COG4121",5,16,7,5,5,26,10,14,16,16,10,0,15,17,1,6,11,4,8,9
"COG4122",22,27,27,27,27,19,22,27,31,33,42,14,27,23,14,14,24,14,20,21
"COG4123",10,17,10,16,6,6,12,13,3,10,26,29,28,34,49,32,28,30,26,29
"COG4124",15,5,2,10,7,0,19,7,11,4,30,73,13,32,0,24,15,14,15,28
"COG4125",0,2,0,0,0,0,0,0,0,0,0,1,0,0,1,0,0,0,0,0
"COG4126",0,3,2,1,0,1,2,1,1,0,0,0,4,1,0,0,1,0,1,1
"COG4127",0,0,1,0,0,0,1,0,1,0,0,0,0,3,0,8,0,0,1,0
"COG4128",0,0,0,0,0,0,0,0,0,0,0,0,0,1,0,0,0,0,0,0
"COG4129",4,1,4,2,3,1,7,2,2,10,2,1,5,0,11,15,5,0,4,2
"COG4130",0,0,0,0,2,1,0,0,0,0,0,0,0,0,0,0,0,0,0,0
"COG4132",0,0,0,0,1,0,0,2,3,0,5,0,0,1,10,1,0,0,0,1
"COG4133",0,0,0,0,1,4,0,0,1,0,1,0,0,1,0,0,1,0,0,0
"COG4134",0,2,1,0,1,14,1,0,0,0,1,0,0,2,7,0,0,1,1,2
"COG4135",0,1,0,0,0,12,0,0,0,0,0,0,0,0,0,1,1,0,0,0
"COG4136",0,0,0,0,0,4,0,0,0,0,0,0,0,0,0,0,0,0,0,2
"COG4137",0,1,0,1,0,14,0,1,3,2,0,0,1,1,3,2,0,1,0,0
"COG4138",0,0,0,0,0,3,0,0,1,0,1,0,0,0,0,0,0,0,0,0
"COG4139",0,1,0,0,0,10,0,0,0,0,0,0,0,0,2,0,0,0,0,0
"COG4143",0,1,0,0,0,10,1,0,1,0,0,0,0,0,1,0,0,0,0,0
"COG4145",3,2,4,16,6,13,2,3,4,4,2,4,12,8,6,2,1,4,2,4
"COG4146",20,42,39,36,38,29,30,23,48,37,50,42,37,46,8,9,50,24,37,69
"COG4147",0,0,0,0,1,13,0,0,0,0,2,0,0,0,0,0,0,0,0,0
"COG4148",0,0,0,1,1,13,0,1,0,4,5,1,3,1,1,0,0,4,0,1
"COG4149",8,7,11,2,12,17,8,8,5,10,6,4,12,7,20,7,5,14,2,0
"COG4150",0,1,0,1,0,9,0,0,1,0,0,0,0,0,1,0,0,0,0,0
"COG4152",22,10,5,16,14,7,29,10,13,23,9,3,5,14,4,16,11,2,9,4
"COG4154",2,6,8,6,2,5,4,1,2,2,2,2,1,2,7,7,2,2,2,3
"COG4158",3,3,10,4,2,9,3,3,0,8,2,1,2,3,6,3,5,7,2,1
"COG4160",0,2,0,0,1,13,0,0,2,0,1,0,1,0,2,0,0,0,0,0
"COG4161",0,0,0,0,0,10,0,1,0,0,0,0,0,0,0,0,0,0,0,0
"COG4166",71,52,37,33,37,114,45,37,28,39,43,15,35,42,178,108,45,161,58,16
"COG4167",0,0,0,0,0,7,1,0,0,0,0,0,0,1,0,0,0,0,0,1
"COG4168",0,2,0,0,0,4,0,0,1,1,0,0,0,0,0,0,0,1,0,0
"COG4170",0,0,0,0,1,6,0,0,0,0,0,0,0,0,1,0,0,0,0,0
"COG4171",0,0,0,0,0,7,0,0,0,0,0,0,0,0,0,0,0,0,0,1
"COG4172",7,2,1,2,0,15,0,2,6,3,4,5,6,5,14,5,7,3,0,0
"COG4174",0,0,0,0,1,6,0,0,1,0,0,0,0,0,0,0,0,0,5,0
"COG4175",4,22,17,11,19,15,2,10,8,10,2,0,7,6,2,0,5,7,0,3
"COG4176",3,6,0,2,9,1,1,5,3,4,3,3,13,11,1,4,20,15,6,29
"COG4177",21,11,19,18,18,28,31,16,20,19,18,19,14,25,29,59,14,45,27,9
"COG4178",0,4,1,6,5,8,0,3,4,1,2,2,3,0,0,0,0,3,3,3
"COG4181",0,0,2,0,0,9,0,3,0,0,6,0,0,0,7,0,1,1,0,0
"COG4185",13,12,20,18,5,5,8,11,5,7,13,47,17,7,1,13,11,6,18,11
"COG4186",6,1,1,20,7,6,6,12,5,4,17,1,5,10,7,7,7,0,4,15
"COG4187",1,1,2,0,0,2,0,3,1,4,2,2,3,1,0,9,1,3,0,1
"COG4188",0,0,0,0,0,0,0,0,0,0,0,0,0,0,0,2,0,0,0,0
"COG4189",1,1,8,6,3,9,11,4,0,3,0,3,2,5,11,1,6,3,1,5
"COG4191",3,13,0,0,3,1,12,11,3,5,4,0,8,1,0,3,1,9,6,7
"COG4192",0,1,0,1,0,2,0,0,0,0,0,0,0,0,0,1,0,0,0,0
"COG4193",18,3,11,17,17,6,26,10,6,12,0,3,3,12,8,2,12,3,6,0
"COG4194",0,0,0,0,0,0,0,0,0,0,1,0,0,0,0,0,0,0,0,0
"COG4197",0,0,0,0,0,0,0,0,0,0,0,0,0,0,0,0,0,0,0,0
"COG4198",31,37,48,29,42,17,32,39,45,36,34,42,48,36,12,29,33,24,47,43
"COG4199",0,0,0,0,0,0,0,0,0,1,0,0,1,0,1,0,0,0,0,1
"COG4200",0,2,1,4,6,2,3,0,1,5,4,3,2,3,1,4,4,7,2,0
"COG4206",112,183,149,182,146,77,125,280,276,143,237,244,200,165,17,54,196,122,227,292
"COG4208",9,3,5,8,6,13,3,2,1,9,1,5,1,5,7,3,4,1,5,0
"COG4209",97,49,34,60,32,38,50,34,22,69,47,22,16,34,147,49,62,46,34,43
"COG4211",38,11,16,23,14,12,19,15,7,21,8,6,7,11,24,38,22,28,13,6
"COG4213",10,2,2,5,6,21,4,5,3,7,3,0,9,1,17,2,4,10,3,4
"COG4214",5,3,0,3,2,22,0,0,4,2,4,0,2,0,16,4,1,4,3,2
"COG4215",0,0,0,0,0,20,0,0,2,0,0,0,0,1,1,0,0,0,0,0
"COG4219",41,45,39,48,31,39,38,33,16,46,18,24,25,34,42,107,35,29,17,6
"COG4220",0,0,0,0,0,5,0,0,0,0,0,0,0,0,0,1,0,1,1,0
"COG4221",8,17,13,8,7,5,7,18,25,3,14,21,21,26,1,13,19,10,8,18
"COG4222",0,1,0,3,1,6,7,1,1,0,0,17,10,0,4,0,0,1,10,0
"COG4224",11,5,7,6,3,4,8,7,4,8,3,2,4,2,11,7,8,9,2,2
"COG4225",92,135,129,92,163,60,91,119,97,134,144,21,110,115,17,41,181,90,90,190
"COG4226",1,0,0,0,2,2,1,0,1,0,5,7,4,2,1,4,3,6,3,1
"COG4227",23,46,12,90,30,13,18,46,40,20,13,1,22,21,2,27,27,39,27,102
"COG4228",0,0,0,0,3,0,0,0,1,0,1,0,0,1,0,0,0,0,0,0
"COG4229",0,0,0,0,0,0,0,0,0,0,0,0,0,0,2,0,0,0,0,0
"COG4230",0,1,0,0,0,12,0,1,0,1,0,4,1,0,2,0,0,1,0,0
"COG4231",50,44,39,36,61,16,38,61,41,48,20,0,10,20,3,22,13,10,15,11
"COG4232",29,32,24,32,36,25,29,28,47,17,51,49,65,41,5,16,29,16,29,39
"COG4233",1,1,0,1,3,1,2,0,4,6,1,0,3,1,1,1,3,2,0,0
"COG4235",0,0,0,0,4,18,2,2,2,1,3,5,7,7,2,0,1,1,0,3
"COG4237",0,2,2,0,0,3,0,2,4,0,0,1,1,2,0,1,0,2,0,1
"COG4238",0,0,0,0,0,2,0,0,0,0,0,0,0,0,1,1,0,0,0,0
"COG4239",2,0,0,0,0,6,0,0,1,0,0,0,0,0,2,0,0,1,4,1
"COG4241",2,2,0,4,0,0,1,1,1,1,5,2,0,3,0,2,0,0,0,2
"COG4242",0,0,0,0,0,0,0,0,0,0,0,0,1,0,1,2,0,0,0,0
"COG4243",0,0,0,0,0,0,0,0,3,0,5,0,0,0,13,1,0,0,0,0
"COG4245",2,0,0,3,2,4,0,0,0,1,0,15,4,0,0,0,0,0,0,1
"COG4248",3,1,1,2,0,16,2,0,4,0,2,0,5,5,1,1,1,1,0,2
"COG4249",2,2,4,3,3,0,6,17,17,1,6,6,34,3,2,13,3,4,22,2
"COG4251",1,0,0,0,3,0,0,0,0,0,0,0,0,0,0,0,0,0,0,0
"COG4252",0,0,0,0,0,0,0,1,0,6,0,0,3,0,0,14,0,0,0,0
"COG4253",0,0,0,0,0,0,0,1,1,0,2,0,0,0,2,0,0,1,0,0
"COG4256",0,0,0,0,1,0,0,0,0,0,0,0,0,0,0,1,1,0,0,0
"COG4258",1,1,0,0,0,0,2,1,13,0,1,0,5,7,4,2,0,1,2,0
"COG4260",28,25,27,25,15,14,35,6,20,29,17,12,4,13,37,78,18,28,18,2
"COG4261",3,6,2,2,13,5,0,2,5,6,4,3,15,11,1,2,9,6,6,17
"COG4262",0,0,0,0,0,0,0,0,0,0,0,0,5,0,0,0,0,0,0,0
"COG4263",0,0,0,0,1,0,0,0,0,4,0,0,0,0,1,0,0,0,0,0
"COG4264",0,0,0,0,0,26,0,0,1,0,0,0,1,0,0,0,0,0,0,1
"COG4267",5,3,6,3,3,5,5,0,1,7,8,2,1,9,19,4,7,30,3,1
"COG4268",13,17,4,8,16,18,17,4,8,4,21,17,9,6,7,20,6,5,10,3
"COG4269",0,0,0,0,1,16,0,0,0,0,0,0,1,0,0,0,0,0,0,1
"COG4271",6,0,2,1,10,1,4,6,2,0,2,37,14,1,13,2,8,2,2,0
"COG4277",41,24,52,41,44,21,35,44,29,45,40,9,29,39,25,18,28,44,24,31
"COG4279",0,0,0,0,5,1,0,1,2,0,1,0,9,5,0,2,1,0,6,0
"COG4282",0,0,0,0,0,0,0,0,0,0,0,0,0,0,0,1,2,0,0,0
"COG4283",6,3,5,11,5,8,11,5,0,7,1,5,3,3,9,8,3,12,1,2
"COG4284",17,1,11,38,13,9,27,7,3,24,9,7,0,12,12,5,10,2,12,0
"COG4286",11,5,7,4,3,6,9,3,5,4,6,6,1,10,14,1,9,15,5,0
"COG4288",0,2,0,0,0,0,0,0,0,0,0,0,0,0,1,1,0,2,1,0
"COG4289",58,64,17,31,84,27,17,26,28,75,47,8,22,40,8,15,65,57,46,55
"COG4290",0,0,0,0,0,0,0,0,0,1,0,0,0,0,0,0,0,0,0,0
"COG4292",0,0,0,4,2,0,1,1,6,0,2,1,1,1,1,0,0,0,0,13
"COG4294",1,0,0,0,0,0,5,0,0,0,0,0,0,0,4,0,1,0,2,0
"COG4295",8,1,2,12,6,3,4,1,0,2,0,4,1,1,2,0,0,2,7,1
"COG4296",4,3,0,2,6,1,6,4,0,9,4,4,1,3,3,0,5,17,0,1
"COG4299",21,47,44,36,43,15,22,56,38,32,60,5,32,35,2,9,37,21,34,80
"COG4300",0,0,0,0,0,0,1,0,0,0,0,0,0,0,0,0,0,0,0,0
"COG4302",2,0,1,0,0,9,1,2,0,2,1,1,1,0,0,11,0,2,1,1
"COG4303",2,0,2,4,0,11,0,7,1,6,5,0,4,3,0,18,1,2,1,2
"COG4310",0,6,0,0,2,0,0,1,0,0,0,0,0,0,0,0,0,0,0,0
"COG4314",0,0,0,0,1,0,0,0,0,0,1,0,0,1,1,0,1,0,0,0
"COG4316",0,0,0,0,0,0,0,0,0,0,0,0,0,0,0,0,0,0,0,0
"COG4319",0,0,0,0,0,1,0,0,0,0,0,0,0,0,0,0,0,0,0,0
"COG4320",0,0,0,0,0,0,0,0,1,0,2,0,0,0,8,0,0,0,0,0
"COG4325",0,0,2,0,0,9,0,0,0,0,0,0,0,0,2,0,0,0,0,0
"COG4330",0,0,0,0,0,0,0,0,0,0,0,0,0,0,0,0,0,0,0,0
"COG4332",0,3,1,4,3,0,0,1,1,1,5,1,7,0,0,0,2,1,0,12
"COG4333",2,4,3,1,1,4,4,3,2,4,1,2,0,4,5,6,5,13,2,8
"COG4335",0,3,1,1,4,0,0,1,1,0,4,0,3,2,0,0,6,2,0,5
"COG4336",0,1,2,2,0,2,3,3,2,0,4,0,0,2,0,4,2,3,1,0
"COG4354",16,30,61,10,9,5,8,45,8,14,32,0,13,28,0,3,34,14,56,28
"COG4357",0,0,0,0,0,1,0,1,0,0,1,0,0,0,0,0,0,2,0,0
"COG4359",1,0,0,0,0,0,0,0,0,0,0,0,0,0,0,2,0,0,0,0
"COG4372",0,0,0,9,0,0,2,1,1,1,2,1,5,1,0,1,1,1,3,0
"COG4373",0,0,0,0,0,0,0,0,0,0,1,0,0,0,0,2,0,1,0,0
"COG4377",6,5,2,3,2,3,2,0,1,1,5,2,2,3,3,4,6,2,0,1
"COG4379",0,0,0,0,5,5,0,0,0,0,1,0,0,0,0,0,0,0,0,0
"COG4380",0,0,0,0,0,0,7,0,0,0,0,0,0,0,0,0,0,0,0,0
"COG4381",0,0,0,0,0,1,1,0,1,0,0,0,0,0,0,0,0,0,0,0
"COG4382",0,0,0,0,0,0,0,0,0,0,0,0,0,0,0,0,0,0,0,0
"COG4383",4,7,10,1,8,0,6,9,16,6,5,3,3,1,0,3,5,0,57,2
"COG4384",0,0,0,1,2,3,0,0,0,0,0,0,0,0,0,0,0,0,0,0
"COG4385",2,3,4,5,13,1,2,2,4,7,0,0,2,1,0,33,3,11,2,2
"COG4386",0,0,0,0,5,2,0,0,4,0,2,0,1,2,0,0,0,0,0,0
"COG4387",1,0,0,0,0,0,0,0,0,0,0,0,0,0,0,0,0,0,0,0
"COG4388",6,2,1,0,2,0,0,1,1,0,0,1,2,3,0,1,4,1,0,0
"COG4389",0,1,0,0,0,0,0,0,0,0,0,0,0,0,0,0,0,0,0,0
"COG4390",0,0,0,0,0,0,0,0,0,0,0,1,0,0,0,0,0,0,0,0
"COG4392",0,0,0,0,0,0,0,0,1,1,0,0,2,0,0,0,0,0,0,0
"COG4393",0,2,0,1,0,0,0,0,1,1,6,1,0,0,15,1,0,1,0,0
"COG4394",0,0,0,0,2,0,0,0,2,1,0,0,0,2,0,0,1,0,1,0
"COG4395",0,0,0,0,0,0,0,3,1,1,0,0,2,0,1,1,2,0,0,0
"COG4396",0,1,1,1,0,0,0,0,0,0,0,0,0,2,0,1,1,2,0,0
"COG4397",1,1,2,0,1,1,0,0,2,1,0,1,1,1,0,1,0,1,0,1
"COG4399",0,0,0,0,0,1,2,0,2,0,0,0,0,0,0,0,0,0,0,0
"COG4401",0,0,0,2,0,0,0,0,0,0,1,0,4,0,1,0,1,2,0,2
"COG4403",5,2,1,1,5,6,3,2,0,1,5,1,4,3,7,2,2,9,0,0
"COG4405",1,0,1,0,3,5,0,0,2,1,1,0,0,1,4,0,0,0,0,0
"COG4408",0,0,0,0,0,0,0,0,0,0,0,0,0,0,0,0,0,0,0,0
"COG4409",15,60,35,38,32,21,35,52,30,18,52,56,58,38,4,8,42,16,58,40
"COG4412",32,2,4,20,1,0,21,3,8,2,2,65,83,3,1,8,11,0,21,0
"COG4413",7,20,5,8,14,4,2,15,6,6,4,0,2,4,0,3,19,4,5,12
"COG4420",1,1,1,1,0,1,1,0,1,1,1,0,0,0,2,13,2,1,0,0
"COG4421",0,0,0,0,0,0,0,0,0,0,0,0,0,1,0,5,0,0,0,10
"COG4422",19,20,20,17,10,10,15,25,4,11,60,16,32,36,25,38,67,40,41,67
"COG4430",2,8,5,4,5,0,5,13,2,6,7,0,4,7,0,3,6,2,10,24
"COG4443",4,4,3,5,10,6,3,2,1,6,3,0,1,2,5,1,1,6,2,1
"COG4445",0,0,0,0,0,1,0,1,0,0,0,0,0,0,2,0,0,0,0,0
"COG4448",4,0,0,12,0,0,4,1,0,0,1,0,3,0,0,3,0,0,0,0
"COG4452",1,3,2,5,7,16,2,7,3,2,5,0,6,6,1,1,9,2,3,18
"COG4453",0,0,0,0,0,3,0,2,0,0,0,0,0,0,0,0,0,0,0,1
"COG4456",0,0,0,1,0,1,0,0,0,0,0,0,0,0,0,0,1,0,0,0
"COG4457",2,14,0,1,1,0,7,0,0,1,0,0,1,0,1,3,0,0,0,0
"COG4458",1,0,0,0,1,0,0,1,0,0,1,0,0,0,1,0,0,0,0,1
"COG4460",0,0,0,0,0,0,0,0,0,0,0,0,0,0,0,0,0,0,0,0
"COG4463",4,5,3,8,3,1,6,1,8,2,0,2,2,3,4,3,6,3,5,1
"COG4464",28,26,13,32,30,21,30,22,16,27,20,42,15,28,32,38,19,32,22,5
"COG4465",16,5,15,17,6,10,6,6,5,9,4,10,3,9,29,2,11,9,7,3
"COG4466",0,0,0,2,0,0,3,0,1,3,0,0,0,0,2,0,0,0,0,0
"COG4467",0,0,0,0,0,0,0,0,0,0,0,0,1,0,5,0,0,0,0,0
"COG4468",34,46,26,26,36,30,45,14,24,35,11,17,13,34,61,47,21,42,18,12
"COG4469",0,0,0,1,1,0,0,0,0,0,0,0,0,0,5,0,0,0,0,0
"COG4470",0,0,0,0,0,0,1,0,0,0,0,0,1,0,6,1,0,0,2,0
"COG4471",0,0,0,0,0,0,0,0,0,0,0,0,1,0,0,0,0,0,0,0
"COG4472",18,9,7,18,9,10,19,7,5,13,1,1,2,2,6,4,2,7,2,1
"COG4473",0,0,0,0,0,0,0,0,1,0,0,0,2,0,13,0,0,0,0,0
"COG4474",9,17,4,9,5,0,9,12,9,7,6,0,7,14,2,17,9,5,8,45
"COG4475",7,7,5,11,5,6,7,7,8,4,4,2,4,6,10,11,13,12,2,1
"COG4476",0,0,0,0,0,1,1,0,0,0,0,0,0,0,1,0,1,0,0,0
"COG4477",1,0,0,0,0,0,1,0,0,0,0,0,0,0,6,0,0,0,0,1
"COG4478",0,0,0,0,1,0,2,3,0,0,3,0,1,0,9,0,0,1,0,0
"COG4479",0,0,0,0,0,0,0,0,0,0,0,0,0,0,3,0,0,0,0,0
"COG4481",4,0,4,2,5,5,8,4,4,7,6,4,5,5,9,8,7,0,1,0
"COG4483",0,0,0,0,1,0,0,0,0,0,1,0,0,0,1,0,0,0,0,0
"COG4485",90,87,81,96,63,56,80,29,23,69,17,25,19,43,73,104,47,25,27,9
"COG4487",3,0,0,0,4,0,6,0,3,1,0,0,2,2,0,2,1,0,1,0
"COG4492",9,9,12,9,8,12,8,6,4,15,12,6,6,8,13,18,5,17,5,3
"COG4495",5,0,1,3,2,1,3,0,0,0,1,2,0,3,0,2,0,0,2,0
"COG4496",14,7,5,18,11,15,13,11,5,10,7,4,6,9,14,18,19,20,5,6
"COG4499",0,0,1,0,0,0,1,0,0,0,0,0,1,0,0,0,0,1,1,1
"COG4502",0,0,0,1,0,4,0,1,1,2,0,0,0,1,0,0,5,0,0,0
"COG4506",25,19,18,21,15,6,8,13,10,11,4,9,7,18,14,19,15,22,10,3
"COG4508",0,0,0,0,1,0,0,0,0,0,0,0,0,0,1,0,0,0,0,0
"COG4509",47,37,53,56,30,31,39,40,15,42,14,6,5,7,27,33,9,5,11,5
"COG4512",2,2,0,5,1,0,11,1,0,3,0,0,0,0,0,0,1,2,2,0
"COG4521",0,5,0,1,0,17,0,0,1,1,0,1,0,4,0,0,3,1,0,1
"COG4525",0,1,0,0,0,0,0,0,0,0,0,0,0,0,0,0,0,0,0,0
"COG4529",0,0,0,0,0,5,0,0,0,0,1,0,0,0,1,0,1,1,1,2
"COG4531",0,0,0,0,0,7,0,0,0,0,0,1,0,0,3,0,0,0,0,0
"COG4533",0,1,0,0,1,23,0,0,0,0,0,0,0,1,7,0,0,0,0,2
"COG4535",0,1,0,1,0,4,0,1,0,0,1,0,3,1,2,0,2,1,1,2
"COG4536",4,10,8,12,4,10,23,4,8,18,13,48,30,7,3,3,11,8,22,12
"COG4537",0,0,0,0,0,1,0,0,0,0,0,0,0,0,0,0,0,0,0,0
"COG4540",0,0,1,3,3,2,0,0,0,0,1,0,0,0,0,1,2,0,2,0
"COG4541",0,0,0,0,2,0,0,1,2,0,0,0,0,0,0,0,0,0,0,0
"COG4542",0,0,0,2,0,1,2,1,1,0,1,0,2,1,3,5,0,0,0,0
"COG4545",0,1,0,0,0,0,1,0,0,0,0,0,0,0,0,0,0,0,0,0
"COG4547",0,0,0,0,0,3,0,0,0,0,0,0,0,0,0,0,0,0,0,0
"COG4548",4,11,8,8,4,11,10,10,6,3,15,0,4,2,23,29,10,9,2,5
"COG4550",0,0,0,0,0,0,0,0,0,0,0,0,0,1,0,0,0,0,0,0
"COG4552",17,9,31,13,22,17,15,18,24,16,17,3,19,15,16,20,20,24,15,25
"COG4555",1,0,0,0,1,0,4,0,0,3,0,0,0,0,8,0,0,0,0,0
"COG4558",0,0,0,0,0,0,0,0,0,0,0,0,0,0,1,0,0,1,0,0
"COG4559",0,0,0,0,0,0,0,0,0,0,0,0,1,0,0,0,0,0,0,0
"COG4564",4,0,10,1,4,0,21,7,16,24,18,0,0,3,0,5,18,0,6,0
"COG4565",0,0,0,0,1,15,1,2,1,2,0,0,1,1,2,8,5,2,0,0
"COG4566",0,2,0,5,6,0,4,6,7,25,6,10,12,12,4,4,4,3,1,1
"COG4568",0,0,0,0,0,0,0,0,0,0,0,0,0,0,0,0,0,0,0,0
"COG4569",0,1,1,1,0,11,0,0,0,0,0,0,0,0,1,0,0,2,0,0
"COG4570",5,7,4,2,1,7,7,0,1,1,3,2,5,1,0,0,3,1,2,4
"COG4571",0,1,0,0,0,13,0,0,0,0,0,0,0,0,0,0,0,0,0,0
"COG4572",0,0,0,0,0,4,0,1,1,0,1,0,0,0,0,0,0,0,0,1
"COG4573",0,0,4,1,0,18,4,5,1,2,0,1,2,1,5,1,5,13,2,3
"COG4574",0,0,0,0,0,5,0,0,0,0,0,0,0,0,1,0,0,0,0,0
"COG4575",0,1,0,0,0,16,0,0,0,0,0,0,0,0,1,1,2,0,0,0
"COG4576",1,1,1,2,1,3,3,1,1,0,0,1,2,2,3,1,0,5,2,1
"COG4577",2,0,5,3,5,19,2,14,3,3,2,2,5,2,12,6,5,10,7,5
"COG4578",0,0,0,4,0,10,0,0,0,0,0,0,1,0,0,0,0,0,1,1
"COG4579",0,0,0,0,1,24,0,0,1,0,2,0,0,0,4,0,0,0,0,0
"COG4580",0,2,0,0,1,38,0,4,1,0,4,0,0,0,5,1,1,0,0,2
"COG4581",0,0,0,0,0,0,0,0,10,0,10,0,3,0,42,6,0,0,0,0
"COG4582",0,0,0,0,0,15,0,1,0,1,1,1,2,0,0,0,1,1,1,1
"COG4584",68,207,151,116,100,52,53,55,81,83,93,5,86,70,59,57,83,56,135,85
"COG4585",42,13,33,27,20,17,47,21,38,50,39,4,21,17,50,11,20,20,10,17
"COG4586",1,0,0,1,0,0,5,1,3,2,1,0,1,0,0,3,0,2,0,0
"COG4587",0,0,0,2,0,0,1,1,0,2,0,0,0,0,0,1,0,1,1,0
"COG4589",1,2,0,1,7,5,2,1,7,6,3,1,1,3,1,0,2,2,0,3
"COG4590",0,0,0,0,0,0,0,0,0,1,0,0,0,0,0,2,0,0,1,0
"COG4591",49,43,36,28,32,36,49,43,76,45,46,52,84,52,15,13,36,31,27,51
"COG4592",0,0,0,0,0,8,0,0,0,0,0,0,1,0,1,0,0,0,0,0
"COG4594",0,0,2,0,0,5,0,0,0,0,0,0,0,0,1,0,0,0,0,0
"COG4597",0,0,0,1,4,7,4,0,1,4,2,0,0,0,1,0,1,2,0,0
"COG4598",0,0,0,0,0,8,0,0,0,0,0,1,0,1,1,0,0,1,0,0
"COG4603",22,30,22,29,15,18,20,29,27,26,27,9,14,20,24,107,29,47,16,11
"COG4604",0,1,2,1,2,1,1,2,0,0,0,1,2,0,1,2,1,2,3,1
"COG4605",0,0,6,0,4,0,0,2,0,0,2,1,5,0,2,0,1,1,2,1
"COG4606",0,0,1,0,1,0,0,0,0,0,0,1,2,0,3,3,1,1,3,2
"COG4607",0,1,4,1,3,1,1,1,0,3,0,1,1,0,11,0,0,1,4,0
"COG4608",44,34,40,31,29,69,40,36,29,36,41,23,34,25,93,106,24,58,29,16
"COG4615",0,1,0,0,0,14,0,0,0,0,1,0,0,0,2,0,0,0,0,2
"COG4618",0,0,0,0,0,0,0,0,0,0,0,0,0,0,0,0,0,0,0,0
"COG4619",0,0,0,0,0,10,0,1,0,0,1,0,2,0,18,0,0,0,0,1
"COG4623",21,31,26,10,16,28,11,24,27,13,22,2,22,23,4,6,23,13,18,41
"COG4624",87,61,107,85,98,74,89,81,82,102,90,18,103,116,87,136,96,118,90,98
"COG4625",4,2,1,0,3,21,1,0,1,1,2,2,1,3,3,2,0,4,8,1
"COG4626",35,8,24,5,23,18,35,33,23,11,25,3,32,9,6,49,19,18,10,53
"COG4627",0,0,0,0,1,0,0,0,0,0,0,0,0,0,0,2,0,0,0,1
"COG4628",0,0,0,0,0,0,0,0,0,0,0,0,0,0,0,0,0,0,0,0
"COG4631",0,0,0,0,0,0,0,0,0,0,1,0,0,0,0,0,0,0,0,0
"COG4632",20,16,18,29,40,9,37,23,21,21,18,15,25,33,10,79,29,31,26,64
"COG4633",1,1,1,0,2,0,0,0,0,1,1,0,0,0,13,1,0,1,0,0
"COG4635",0,0,1,0,1,9,0,0,2,1,1,1,2,1,1,0,0,3,1,7
"COG4636",7,8,7,11,2,11,6,6,1,15,3,1,1,4,15,2,5,10,0,7
"COG4637",4,6,14,12,0,8,20,24,4,20,19,11,2,22,8,3,40,8,21,0
"COG4638",0,0,0,0,0,16,0,2,0,0,0,0,0,0,1,0,0,1,0,0
"COG4639",0,0,2,10,1,7,1,0,0,0,0,0,0,1,13,0,2,0,1,0
"COG4640",0,0,0,0,0,0,0,0,0,0,0,0,2,0,17,0,0,1,0,0
"COG4641",19,10,58,34,27,26,6,11,2,29,4,16,5,18,14,3,10,0,10,0
"COG4642",12,18,21,19,16,5,13,20,20,18,18,58,43,23,5,4,25,13,22,23
"COG4643",0,0,0,0,1,18,0,0,2,1,1,0,5,4,0,2,3,2,0,1
"COG4644",1,1,0,0,1,26,0,1,7,0,4,0,4,1,11,0,0,0,0,0
"COG4646",258,407,187,221,227,152,203,167,193,254,220,244,113,231,146,297,193,431,198,138
"COG4648",0,1,0,0,1,0,0,0,0,0,1,0,2,0,1,0,0,2,0,0
"COG4650",0,0,0,0,1,14,0,1,0,4,1,0,1,1,0,0,0,1,1,1
"COG4651",0,0,1,0,2,14,2,2,4,1,3,0,7,3,1,2,0,6,4,0
"COG4652",0,1,0,1,0,0,0,0,0,1,3,0,0,0,0,4,0,2,0,1
"COG4653",3,1,16,2,3,5,12,5,14,2,4,2,2,14,5,15,3,5,6,17
"COG4656",66,45,58,57,52,53,49,46,59,50,55,31,41,70,50,71,34,74,44,38
"COG4657",22,19,26,28,32,26,38,28,16,32,28,21,18,25,22,40,31,29,32,24
"COG4658",42,46,33,50,50,41,49,38,56,54,42,24,22,57,20,40,44,66,41,25
"COG4659",24,30,32,25,21,26,25,29,38,27,24,25,19,30,21,20,30,50,36,28
"COG4660",33,31,35,39,47,24,38,36,39,34,32,30,11,50,30,40,29,48,39,20
"COG4662",0,0,0,0,1,0,0,0,0,0,0,0,0,1,0,1,0,0,0,0
"COG4663",0,1,0,1,0,1,1,1,1,0,1,0,0,1,0,3,0,0,1,0
"COG4664",0,1,1,2,0,0,0,1,0,0,1,0,0,0,0,4,0,2,0,0
"COG4665",0,0,1,0,0,0,1,1,1,0,0,0,0,1,0,1,0,0,1,0
"COG4666",6,12,25,21,7,7,5,16,15,12,11,6,13,12,10,20,15,12,4,9
"COG4667",23,37,43,27,43,30,45,55,28,25,29,57,28,29,48,40,30,25,43,24
"COG4668",0,1,2,9,0,35,12,4,10,1,3,2,6,3,24,0,1,5,2,1
"COG4669",0,0,0,0,0,7,0,1,0,0,1,0,2,0,0,2,0,1,0,0
"COG4670",7,2,3,5,7,25,14,10,2,5,4,1,7,11,19,9,5,7,6,6
"COG4672",0,4,0,0,0,7,0,0,0,0,2,0,1,0,1,2,0,1,0,0
"COG4674",1,0,0,0,1,0,0,0,0,0,0,0,0,1,1,0,0,1,2,2
"COG4675",0,0,0,0,0,0,0,0,0,0,1,0,0,0,0,0,0,0,2,0
"COG4676",0,0,0,0,0,6,0,0,0,0,0,0,0,0,0,0,0,1,0,0
"COG4677",38,63,117,51,69,54,51,43,67,52,12,55,19,9,8,9,26,20,15,41
"COG4678",0,0,0,0,0,2,0,0,0,0,1,0,0,0,0,0,0,0,0,2
"COG4679",4,2,2,0,2,5,0,1,0,1,2,0,1,2,0,2,1,1,0,0
"COG4680",0,3,0,5,4,2,1,6,1,9,1,1,1,0,0,1,0,1,3,1
"COG4681",0,0,0,0,0,6,0,0,0,1,2,0,2,2,0,0,0,0,0,1
"COG4682",0,1,0,0,0,9,0,1,0,0,1,0,0,0,0,0,0,0,0,3
"COG4683",0,0,0,0,0,0,0,0,0,0,2,0,0,0,0,0,0,0,0,0
"COG4684",3,3,3,6,1,10,4,3,0,2,3,2,4,1,6,12,1,5,0,4
"COG4685",0,0,0,0,0,6,0,0,1,0,0,0,0,0,0,1,0,0,0,1
"COG4687",0,0,0,1,0,0,1,1,1,0,1,1,3,0,8,0,0,0,0,0
"COG4688",0,0,0,0,0,4,0,0,1,0,0,0,0,0,0,0,0,0,0,0
"COG4690",33,36,40,45,35,21,32,55,65,61,62,98,40,49,105,22,51,38,54,23
"COG4692",5,9,12,15,11,1,5,6,14,9,26,6,34,26,4,25,35,23,44,78
"COG4693",2,0,0,0,0,4,1,0,2,1,7,0,1,0,0,1,0,1,1,1
"COG4694",14,0,1,3,1,6,5,3,2,0,12,0,1,1,0,0,4,1,3,0
"COG4695",11,2,22,4,4,7,18,5,8,4,12,4,14,14,4,12,9,8,9,34
"COG4696",0,0,0,0,0,1,0,2,0,0,6,0,1,0,0,1,1,0,0,0
"COG4698",0,0,0,0,0,0,0,0,0,0,0,0,1,0,0,0,0,0,0,0
"COG4699",0,0,0,0,0,0,1,0,0,0,0,0,0,0,0,0,0,0,0,0
"COG4700",0,0,0,0,0,0,0,0,0,0,0,0,0,0,0,0,0,0,0,0
"COG4702",0,0,1,2,0,2,1,1,0,1,1,1,0,0,5,2,2,1,2,0
"COG4703",0,0,0,0,0,0,0,0,0,0,0,0,1,0,0,0,0,0,0,0
"COG4704",2,0,0,0,1,0,0,0,2,0,0,0,0,0,0,1,0,1,0,3
"COG4706",0,0,0,0,1,0,0,1,1,0,0,0,1,0,0,0,0,0,0,0
"COG4708",10,9,11,9,11,12,15,10,4,11,6,4,8,11,11,18,15,20,2,1
"COG4709",3,3,3,0,0,5,5,3,1,2,5,1,3,0,10,5,0,5,3,3
"COG4710",0,0,0,0,0,0,0,0,1,1,0,0,0,0,0,0,0,0,0,0
"COG4712",5,0,1,3,1,3,4,1,2,3,2,0,10,0,0,4,1,0,1,0
"COG4713",6,1,1,8,17,9,18,2,0,9,0,4,8,6,5,4,7,3,7,2
"COG4715",0,0,0,1,0,0,0,0,0,0,2,0,9,0,0,0,0,0,0,5
"COG4716",39,17,36,30,30,34,28,17,15,62,21,10,9,32,76,52,26,60,19,7
"COG4717",11,3,11,6,12,15,26,6,8,14,7,2,12,13,24,21,9,15,7,4
"COG4718",0,1,0,0,0,9,0,0,1,0,0,0,0,0,2,0,0,1,0,0
"COG4720",13,20,12,9,10,13,11,9,8,5,10,2,5,4,38,16,8,19,4,6
"COG4721",0,0,0,0,0,0,0,1,4,0,10,0,0,0,12,0,0,0,0,0
"COG4722",1,0,1,0,0,14,0,1,1,1,1,0,2,1,0,5,1,2,0,0
"COG4723",0,0,0,0,0,4,1,2,2,1,0,0,0,0,1,5,2,0,0,0
"COG4724",3,8,7,39,3,2,0,1,21,3,13,62,162,5,0,0,5,0,7,2
"COG4725",14,5,3,6,5,2,13,5,6,4,6,1,2,8,2,48,13,5,10,9
"COG4728",9,3,4,8,2,5,8,6,5,14,9,10,3,7,4,8,14,5,9,6
"COG4729",1,0,2,1,0,0,1,3,0,0,1,0,0,0,0,0,0,0,0,0
"COG4731",0,0,0,0,0,0,0,0,0,0,0,0,0,0,0,0,0,0,0,0
"COG4732",5,4,3,8,5,8,4,4,5,2,7,3,10,9,8,3,4,20,4,2
"COG4733",0,7,1,0,0,27,0,0,3,0,2,0,6,0,5,5,2,3,0,0
"COG4734",3,16,7,5,2,11,13,5,10,2,5,5,4,11,4,0,19,12,10,6
"COG4735",2,1,2,2,0,4,0,2,1,0,12,0,0,0,2,0,3,0,1,0
"COG4737",0,0,0,0,0,0,0,0,0,0,0,0,0,0,0,0,0,0,0,0
"COG4739",10,8,8,3,13,3,7,14,14,8,15,1,12,9,1,3,17,12,8,13
"COG4744",0,6,6,3,1,3,2,6,8,4,7,13,8,5,2,1,8,3,9,3
"COG4747",15,12,13,13,9,11,20,22,12,15,31,3,11,10,9,19,16,14,10,20
"COG4748",3,0,13,3,0,0,1,4,4,7,1,0,5,0,0,1,1,3,7,0
"COG4750",28,4,38,21,35,19,6,14,14,24,25,50,8,16,56,25,13,38,17,10
"COG4752",0,0,0,0,1,0,0,1,1,1,1,0,2,0,0,1,0,2,1,0
"COG4753",339,338,388,260,356,241,218,299,319,356,254,91,320,291,335,231,343,333,140,628
"COG4757",0,0,0,0,0,0,0,0,0,0,0,0,0,0,0,0,0,0,0,0
"COG4758",0,0,0,0,0,0,0,0,0,0,0,0,0,0,0,0,0,0,0,0
"COG4760",0,0,0,0,0,0,1,0,0,0,0,0,2,0,0,0,0,0,0,2
"COG4763",1,1,0,1,0,7,2,0,2,0,0,5,0,0,0,0,0,0,3,0
"COG4766",0,0,0,0,1,7,0,1,2,0,3,0,0,0,0,5,0,0,0,0
"COG4767",21,11,13,31,16,12,30,7,7,20,15,12,10,15,34,12,13,3,10,4
"COG4768",0,0,0,0,0,0,0,0,0,0,1,0,1,0,4,0,0,0,0,0
"COG4769",15,12,7,10,5,13,21,5,4,11,7,2,5,14,18,22,10,17,5,3
"COG4770",0,0,0,0,0,0,0,0,0,0,5,1,0,1,20,2,0,0,1,0
"COG4771",71,134,119,90,142,55,51,186,132,84,119,83,178,105,22,36,149,82,93,239
"COG4772",0,0,1,0,0,6,0,1,0,1,2,0,0,0,0,0,0,2,0,2
"COG4773",0,0,0,1,0,15,0,1,0,1,0,0,0,0,1,0,0,0,0,0
"COG4774",0,0,0,0,0,25,0,0,1,0,3,0,1,0,0,0,1,0,0,0
"COG4775",48,52,44,46,42,53,50,67,65,43,70,126,70,48,10,22,42,36,73,59
"COG4776",0,0,0,0,0,5,0,2,0,0,0,3,0,0,1,0,0,0,0,0
"COG4778",2,0,0,0,0,8,0,1,1,0,0,0,1,2,0,0,1,4,0,0
"COG4779",0,0,0,0,1,11,0,0,0,0,0,0,0,0,0,0,0,0,0,0
"COG4781",0,0,0,0,0,0,0,0,0,0,0,0,1,0,12,0,0,0,0,0
"COG4783",1,1,0,3,5,11,2,3,5,3,5,0,9,2,2,5,4,6,2,5
"COG4784",6,6,8,2,9,1,3,1,7,1,5,2,4,10,2,1,6,1,10,7
"COG4785",0,1,0,0,1,0,0,0,0,0,0,1,0,0,0,0,0,0,0,0
"COG4786",30,13,10,29,25,22,9,8,3,35,3,7,19,13,17,4,13,5,4,0
"COG4787",0,0,0,0,0,11,0,0,0,0,0,0,0,0,0,0,0,0,0,1
"COG4789",0,1,0,0,0,2,0,3,0,0,1,0,13,2,0,1,1,1,0,1
"COG4790",0,1,0,0,1,3,0,0,0,0,0,0,3,0,0,1,0,0,0,0
"COG4791",0,0,1,0,0,5,1,0,0,1,0,0,1,0,0,0,0,0,0,2
"COG4792",0,0,0,0,1,0,0,0,0,0,0,0,3,0,0,0,0,0,0,0
"COG4794",0,0,0,0,0,2,0,0,0,0,0,0,1,0,0,0,0,0,0,0
"COG4795",0,0,1,0,1,8,0,1,0,0,0,0,0,0,3,1,0,0,0,2
"COG4796",2,1,0,9,1,21,3,12,2,2,3,3,8,3,3,4,2,3,1,2
"COG4797",0,0,0,0,0,0,0,0,0,0,0,0,0,0,2,0,0,0,0,0
"COG4799",73,91,78,90,94,42,80,117,103,85,82,60,101,91,44,51,89,74,101,116
"COG4803",0,0,0,0,0,0,0,1,0,0,0,0,0,0,0,0,0,0,0,1
"COG4804",83,80,75,95,70,27,86,93,77,80,60,166,71,84,19,40,76,77,83,96
"COG4805",13,17,22,27,22,19,14,10,3,34,7,7,12,12,42,16,18,8,13,9
"COG4806",16,23,40,21,33,21,30,43,33,27,31,9,21,25,16,28,36,34,35,37
"COG4807",0,0,0,0,0,2,0,0,0,0,0,0,0,0,0,0,0,0,0,0
"COG4808",0,1,0,0,0,5,0,0,0,0,0,0,0,0,0,0,0,0,0,0
"COG4809",1,0,0,0,0,0,0,0,0,0,0,0,0,0,0,0,0,0,0,0
"COG4810",2,1,0,2,1,3,1,2,4,0,1,1,4,1,4,2,0,3,0,1
"COG4811",0,0,0,0,0,14,0,0,0,0,1,0,0,0,2,0,0,1,0,1
"COG4812",1,0,0,1,0,4,0,1,1,0,0,0,1,1,0,9,0,1,0,0
"COG4813",2,1,1,0,0,0,4,2,0,0,0,0,0,0,0,1,1,0,1,0
"COG4814",0,0,0,0,0,0,1,0,0,0,0,0,4,1,30,0,0,1,0,0
"COG4816",1,1,1,0,2,8,0,4,0,1,0,0,11,2,7,4,3,5,0,1
"COG4819",2,1,1,0,1,8,2,3,0,1,2,0,2,0,1,5,0,1,1,1
"COG4820",1,1,0,1,2,16,1,0,0,2,3,0,3,1,2,1,2,2,1,3
"COG4821",2,2,7,1,3,0,0,3,0,0,4,0,2,1,0,3,1,1,3,1
"COG4822",21,37,47,21,28,15,21,46,26,27,20,5,29,32,33,24,37,45,28,23
"COG4823",14,13,28,33,23,12,39,18,29,17,17,124,39,21,32,12,34,37,26,20
"COG4824",11,2,7,3,7,2,17,7,2,1,3,2,3,6,2,8,1,0,1,2
"COG4825",0,0,0,0,0,0,0,0,0,0,1,0,0,0,1,0,0,0,0,0
"COG4826",22,7,12,20,5,2,13,5,17,3,7,42,16,9,8,35,10,6,17,0
"COG4828",1,5,6,5,8,0,0,5,0,0,4,0,4,2,0,3,14,1,0,13
"COG4829",0,0,0,0,0,0,0,0,0,0,0,0,0,0,0,0,0,0,0,0
"COG4832",18,2,9,5,6,5,6,2,7,14,7,0,4,5,12,6,2,10,3,0
"COG4833",15,40,37,42,44,10,39,57,59,20,14,3,8,21,3,4,16,11,1,42
"COG4834",4,4,1,1,5,2,0,4,0,3,2,0,10,1,0,5,0,0,1,3
"COG4835",0,0,0,0,0,0,0,0,0,0,1,0,0,0,3,0,0,0,0,0
"COG4839",0,0,0,0,0,0,0,0,0,0,0,0,0,0,0,0,0,0,0,0
"COG4842",3,0,0,0,3,3,7,0,0,0,1,0,0,0,0,0,0,0,1,0
"COG4843",0,0,0,0,0,0,2,0,0,0,0,0,0,0,0,5,0,0,1,0
"COG4845",15,16,26,18,9,20,25,36,18,23,25,2,27,13,16,14,29,25,32,45
"COG4849",2,0,1,0,0,0,0,0,9,0,0,5,0,0,0,1,0,0,2,0
"COG4850",0,0,0,0,0,0,1,0,0,0,1,0,0,0,15,3,0,0,0,0
"COG4851",0,0,0,0,0,0,0,0,0,0,0,0,1,0,9,1,0,0,0,0
"COG4853",0,0,0,0,0,0,0,0,0,0,0,0,1,0,0,0,0,0,0,0
"COG4856",21,15,17,28,21,25,32,17,19,20,24,15,10,25,43,31,20,42,19,9
"COG4857",0,0,2,0,1,3,1,3,2,0,0,0,1,0,1,0,0,1,1,0
"COG4858",0,0,0,0,0,0,0,0,0,0,0,0,0,0,12,0,0,0,0,0
"COG4859",0,1,4,0,2,3,6,2,0,5,1,0,2,0,0,2,5,7,1,0
"COG4861",0,0,3,0,2,0,0,4,4,0,0,10,0,0,0,2,0,0,0,5
"COG4862",9,9,9,20,13,11,13,5,1,11,3,3,4,10,27,3,8,11,7,0
"COG4864",16,26,22,18,25,13,18,25,25,11,19,3,17,17,8,18,26,21,31,27
"COG4865",0,0,0,2,0,0,0,0,3,0,0,0,0,0,0,1,0,0,0,3
"COG4866",27,41,32,27,33,15,29,35,31,34,48,14,30,42,19,31,37,30,31,33
"COG4868",45,21,29,29,21,24,19,21,14,31,25,69,23,32,33,34,19,38,48,4
"COG4869",0,3,1,1,2,2,0,1,3,3,2,4,6,2,10,16,4,15,4,5
"COG4870",27,7,21,32,38,22,54,10,10,22,6,30,6,33,15,17,18,6,8,1
"COG4871",0,0,0,0,0,0,0,0,0,0,0,0,0,0,1,0,0,0,0,0
"COG4874",2,1,3,1,6,0,0,5,2,0,0,1,2,7,0,0,4,7,4,3
"COG4877",0,1,0,3,3,2,3,1,0,3,0,2,1,2,2,7,3,0,0,1
"COG4878",1,2,3,6,2,4,7,2,0,4,11,0,2,2,11,9,9,40,2,0
"COG4880",5,20,6,6,6,9,9,6,5,5,2,0,1,6,16,28,5,18,5,0
"COG4884",0,0,0,0,3,8,0,0,0,0,1,0,0,0,0,0,0,0,0,0
"COG4886",52,60,62,50,51,22,89,46,103,55,49,25,43,66,34,67,43,21,57,64
"COG4887",5,16,4,8,3,5,10,10,5,7,9,1,13,7,1,0,8,9,4,9
"COG4889",23,1,9,6,43,8,16,3,22,15,9,1,21,6,1,12,4,3,26,0
"COG4890",0,0,0,0,0,1,0,0,0,0,0,0,0,0,0,0,0,0,0,0
"COG4892",0,1,0,0,0,0,0,0,0,0,0,0,0,0,2,0,0,0,0,0
"COG4894",10,11,9,6,11,8,5,3,3,8,1,4,0,3,0,4,1,1,2,1
"COG4895",0,0,0,0,0,0,0,0,0,0,0,0,0,0,0,0,0,0,0,0
"COG4898",0,0,0,0,0,0,0,0,0,1,1,0,0,1,1,0,0,1,0,0
"COG4903",0,0,0,0,0,0,4,0,0,0,0,0,0,0,0,0,0,0,0,0
"COG4905",48,30,51,53,55,42,65,33,24,49,35,27,16,37,113,58,29,59,35,12
"COG4907",0,0,0,1,0,0,9,0,0,0,8,0,1,0,14,1,1,1,0,1
"COG4908",0,0,0,0,0,0,0,0,0,0,0,0,0,0,0,1,0,1,0,1
"COG4909",0,0,0,0,0,6,0,0,0,0,2,0,2,1,2,0,0,1,2,0
"COG4910",0,0,0,0,0,0,0,3,0,0,1,0,0,0,1,0,0,1,0,1
"COG4912",27,26,20,24,31,8,26,25,19,20,19,23,25,29,17,20,29,28,38,39
"COG4913",16,16,8,15,46,18,16,23,11,16,4,5,18,3,15,2,4,33,6,0
"COG4916",4,3,0,0,0,0,1,0,0,0,0,0,0,0,0,0,0,0,0,0
"COG4917",0,2,2,2,1,11,2,1,3,1,3,0,2,1,5,1,0,4,0,2
"COG4922",1,0,0,2,0,0,2,0,2,0,2,0,0,2,0,0,0,1,3,1
"COG4924",1,0,0,0,7,0,1,4,2,1,2,1,15,0,7,1,0,1,2,0
"COG4925",1,6,1,6,8,5,1,3,6,2,6,0,10,2,1,1,5,2,3,5
"COG4926",1,1,2,0,0,30,20,2,2,1,3,1,8,5,0,1,4,7,1,0
"COG4927",1,1,0,5,0,0,2,0,1,2,0,4,2,2,7,0,1,1,0,1
"COG4928",9,5,18,29,0,23,13,4,10,21,2,20,5,3,8,4,6,7,1,6
"COG4929",0,1,1,2,2,1,0,2,3,1,2,0,2,0,0,1,1,1,0,7
"COG4930",15,26,10,11,0,4,3,8,17,7,10,13,0,10,16,17,20,10,5,15
"COG4932",94,78,64,74,142,68,152,57,60,44,97,8,45,75,92,187,44,57,39,30
"COG4933",0,2,1,6,2,1,2,0,2,3,3,3,0,0,0,4,3,0,0,1
"COG4936",9,6,5,6,7,12,3,3,1,9,3,0,5,7,6,4,5,10,2,2
"COG4937",5,4,7,5,4,4,6,4,16,13,19,34,5,7,1,2,6,2,23,9
"COG4938",15,0,4,16,8,3,6,27,18,7,1,92,19,11,0,0,20,3,2,1
"COG4939",0,0,0,0,0,0,0,0,0,0,0,0,0,0,0,1,0,0,0,1
"COG4940",1,2,3,5,0,0,0,2,1,2,0,0,0,0,0,1,0,3,1,0
"COG4942",11,6,7,10,20,16,3,13,27,5,13,11,23,10,1,3,12,25,5,25
"COG4943",0,1,0,1,0,33,0,2,0,0,0,0,1,1,10,0,0,1,0,0
"COG4946",69,107,89,44,89,49,60,98,116,51,95,52,84,115,11,27,87,49,96,148
"COG4947",9,7,8,4,9,8,9,6,6,9,11,9,5,8,23,4,16,29,8,2
"COG4948",44,57,31,33,43,78,30,46,27,57,38,36,53,38,13,23,29,155,46,36
"COG4950",0,0,0,0,1,5,0,0,1,0,0,0,0,0,1,0,0,0,0,0
"COG4951",4,14,8,6,1,2,13,13,6,21,45,41,14,29,18,5,11,2,9,22
"COG4952",1,0,2,0,0,0,0,2,0,2,0,0,0,0,0,0,0,0,0,0
"COG4953",0,3,0,7,4,4,0,3,4,3,9,2,12,12,0,5,16,9,6,18
"COG4955",0,0,0,0,0,0,0,0,0,0,0,0,0,0,1,0,0,0,0,0
"COG4956",3,2,2,4,0,1,5,0,5,0,4,2,8,2,5,7,1,4,1,2
"COG4957",0,0,0,0,0,0,0,0,0,0,0,0,0,0,0,0,0,0,0,0
"COG4959",0,0,0,0,0,0,0,0,0,0,0,0,1,0,0,0,0,0,0,0
"COG4962",59,22,50,54,25,19,48,22,10,62,36,9,18,36,32,42,33,11,25,5
"COG4963",3,11,1,1,0,0,0,0,5,0,0,2,0,0,0,1,0,0,0,1
"COG4964",0,0,0,0,0,0,0,0,1,0,0,2,0,3,0,1,0,0,5,0
"COG4965",7,12,19,9,8,8,6,3,2,7,2,5,1,8,27,13,11,3,3,3
"COG4967",0,0,0,1,0,5,0,0,0,0,0,0,0,0,1,0,0,0,0,0
"COG4969",0,0,0,0,1,12,0,1,0,2,0,1,0,0,0,0,0,0,0,1
"COG4972",22,4,6,15,18,6,8,5,0,21,4,1,1,9,14,15,7,2,5,2
"COG4973",23,35,32,16,37,18,38,28,19,42,36,22,15,17,4,4,28,13,33,26
"COG4974",202,217,180,190,182,115,180,227,303,166,142,271,255,162,111,94,256,150,294,228
"COG4975",0,0,0,0,0,0,0,0,0,0,1,0,0,0,13,0,0,0,0,0
"COG4977",47,64,68,68,101,28,33,76,71,24,71,6,89,77,14,28,81,36,16,116
"COG4978",7,6,16,10,5,8,12,14,5,2,9,3,15,6,13,9,12,16,5,15
"COG4981",0,1,0,0,0,0,0,0,11,1,11,0,0,0,59,9,0,0,0,0
"COG4982",0,1,0,0,3,0,0,0,9,1,19,0,0,0,51,7,0,0,0,0
"COG4983",2,0,2,3,2,5,17,2,4,1,2,4,0,2,4,3,4,1,2,3
"COG4984",0,1,1,2,2,0,1,4,2,2,4,0,2,0,0,0,4,3,1,13
"COG4985",5,1,12,6,8,3,3,2,1,4,2,2,2,4,1,2,6,1,1,0
"COG4986",0,0,0,0,0,0,0,0,0,0,0,0,0,0,4,2,0,0,0,0
"COG4987",0,1,0,8,3,15,8,0,0,0,0,0,8,0,14,1,0,1,3,3
"COG4988",18,8,21,12,8,25,18,8,10,18,6,8,8,21,73,17,12,36,12,8
"COG4989",2,0,6,2,6,11,3,1,2,2,6,0,5,1,19,7,3,3,0,3
"COG4990",7,3,12,4,10,7,6,1,6,12,5,0,1,3,17,11,2,10,2,2
"COG4992",77,68,64,75,83,92,61,72,68,69,58,32,44,80,51,50,63,89,65,44
"COG4993",0,1,0,0,1,16,0,2,1,0,1,0,0,0,8,2,0,0,0,0
"COG4995",14,5,46,8,3,3,26,2,18,21,4,58,24,6,1,4,5,3,2,15
"COG4997",0,0,0,0,3,0,3,0,0,5,0,0,0,0,0,0,1,0,0,0
"COG4999",270,169,240,257,330,164,168,277,227,230,225,135,196,310,79,195,352,197,162,0
"COG5000",41,57,67,38,68,36,36,79,81,36,55,24,54,63,6,10,67,40,35,136
"COG5001",137,68,109,156,132,98,124,58,48,168,46,47,63,94,74,84,104,119,61,60
"COG5002",231,504,529,244,482,170,349,441,423,338,427,265,366,398,99,166,633,244,298,773
"COG5004",0,0,0,0,0,0,0,0,0,0,0,0,0,0,0,0,0,0,0,0
"COG5005",0,0,1,0,0,0,1,0,0,0,0,0,0,1,0,2,0,0,0,0
"COG5006",0,0,0,0,0,5,0,1,4,1,0,0,2,0,4,1,0,0,0,0
"COG5007",0,0,0,0,0,2,0,0,0,0,0,0,0,0,1,0,0,0,0,0
"COG5009",46,49,56,66,50,48,62,62,93,83,80,132,118,76,32,24,50,38,108,53
"COG5011",5,7,1,2,5,6,1,3,1,6,9,7,15,13,19,21,16,14,7,3
"COG5012",7,27,7,8,20,7,10,7,10,7,31,0,13,19,5,22,17,11,6,36
"COG5013",1,0,0,1,2,42,0,4,5,8,2,1,9,2,4,1,3,3,0,2
"COG5015",16,7,9,12,3,13,13,4,6,10,5,3,10,9,18,13,6,6,3,13
"COG5016",79,99,80,81,76,54,63,74,96,79,77,90,77,94,32,77,70,92,75,111
"COG5017",2,3,4,8,2,4,9,3,0,4,1,1,5,4,3,0,5,1,4,0
"COG5018",18,7,13,14,25,24,19,16,5,13,5,7,4,8,16,11,13,34,11,1
"COG5026",2,1,4,5,4,1,3,2,8,0,7,0,10,2,1,4,2,5,6,24
"COG5029",0,0,0,0,0,0,0,0,0,0,1,0,0,0,0,0,0,0,0,2
"COG5039",1,0,3,3,5,0,11,3,3,15,4,0,0,3,1,1,4,1,2,4
"COG5048",4,0,0,0,1,1,0,0,0,0,0,0,0,0,0,4,0,2,1,0
"COG5108",1,0,0,5,0,22,0,0,0,0,0,0,1,0,35,0,0,0,0,0
"COG5146",11,23,15,9,11,3,0,26,11,5,9,14,16,17,0,3,10,7,17,7
"COG5184",165,3,19,12,20,9,87,1,9,48,0,2,1,4,0,11,3,25,19,0
"COG5206",2,0,2,3,0,0,1,7,1,4,8,0,2,3,0,0,6,0,4,0
"COG5263",24,22,31,15,16,32,27,14,4,18,7,7,55,21,76,15,16,17,10,25
"COG5265",0,0,0,0,0,0,0,0,0,2,0,0,0,1,0,0,0,0,0,1
"COG5266",0,2,0,0,0,1,0,0,0,1,1,2,0,1,0,2,2,0,0,0
"COG5268",0,0,0,0,0,0,0,0,0,0,0,0,0,0,0,0,0,0,0,0
"COG5271",0,0,0,0,0,0,0,0,0,0,0,0,0,0,0,0,2,0,0,0
"COG5272",0,0,0,0,0,0,0,0,0,1,0,0,0,0,0,0,0,0,0,0
"COG5276",0,0,2,0,2,2,0,0,1,0,0,0,0,0,0,0,0,0,0,2
"COG5279",53,27,23,48,45,25,56,22,5,42,12,22,12,52,45,61,22,22,17,6
"COG5280",12,0,11,4,3,1,22,2,3,2,0,0,9,7,1,5,1,47,1,2
"COG5281",10,2,1,2,6,15,7,4,0,2,1,1,8,1,0,8,2,7,5,2
"COG5282",0,0,0,0,0,0,1,0,2,1,4,0,1,0,6,3,0,0,0,0
"COG5283",28,5,14,11,36,48,42,43,25,12,20,2,64,47,17,19,17,94,11,30
"COG5285",0,0,0,0,0,0,0,0,0,0,0,0,0,0,0,0,0,0,0,0
"COG5293",4,0,0,2,2,0,0,3,0,1,1,0,1,0,0,0,0,0,0,23
"COG5294",0,0,0,0,0,0,0,0,0,0,0,0,0,0,0,0,0,0,0,0
"COG5295",2,9,5,5,4,32,0,8,44,1,2,4,24,1,1,0,8,9,4,2
"COG5298",0,2,0,0,1,0,0,0,0,0,0,0,0,0,0,0,0,0,0,1
"COG5301",0,0,0,0,0,11,0,0,2,0,1,0,2,1,0,1,0,2,1,0
"COG5302",0,1,0,0,0,1,0,0,0,0,0,0,0,0,0,0,0,0,0,0
"COG5305",10,1,2,7,1,3,2,4,0,13,6,10,0,1,2,7,5,1,5,0
"COG5309",2,0,0,1,3,0,1,3,0,0,0,1,1,0,0,1,1,0,0,0
"COG5314",0,0,0,0,0,0,0,0,0,0,0,0,0,0,1,0,0,0,0,0
"COG5319",0,0,0,0,2,0,0,0,0,0,0,0,0,1,0,0,0,0,0,0
"COG5322",0,1,0,2,1,0,0,1,1,1,0,0,0,0,0,0,0,1,0,0
"COG5324",0,0,5,11,0,0,0,0,3,1,3,0,0,2,0,0,0,0,0,0
"COG5337",6,2,4,3,3,2,6,3,1,7,4,1,0,2,12,9,6,40,9,0
"COG5339",0,1,0,2,0,22,0,0,0,2,0,0,0,0,2,1,3,0,1,1
"COG5340",0,0,0,2,0,1,0,0,0,0,0,0,0,2,0,1,3,0,0,0
"COG5341",6,0,2,5,1,1,3,2,3,7,1,0,1,3,5,4,7,3,3,0
"COG5345",1,0,0,0,0,0,0,1,0,0,1,0,1,1,0,1,0,0,0,0
"COG5353",0,0,0,0,0,0,0,0,0,0,0,0,0,0,0,0,0,0,0,0
"COG5360",2,0,0,0,0,0,0,1,2,0,1,0,0,0,0,0,1,0,0,0
"COG5361",6,2,1,5,2,2,8,0,0,1,0,0,3,4,0,5,0,17,2,0
"COG5362",2,0,1,3,0,0,3,6,0,3,0,0,2,3,0,2,2,19,1,0
"COG5368",11,30,50,16,40,7,15,69,26,25,20,3,23,27,1,19,33,12,38,41
"COG5373",4,6,1,6,3,1,0,1,1,1,15,1,3,0,1,0,2,2,1,22
"COG5377",11,10,12,15,7,16,5,7,6,14,13,6,3,8,25,12,5,37,24,3
"COG5383",0,0,0,0,0,9,0,0,0,0,1,0,1,0,0,0,1,0,0,0
"COG5393",0,0,0,0,0,4,0,0,0,0,0,0,0,0,0,0,0,0,0,0
"COG5398",0,0,0,0,0,0,0,0,0,0,0,0,0,0,1,0,0,0,0,0
"COG5401",3,0,0,0,0,0,3,0,3,0,0,0,0,0,0,4,0,0,1,0
"COG5404",0,0,0,0,0,6,0,1,0,0,0,0,0,0,0,0,0,0,0,0
"COG5405",0,1,0,2,1,4,7,0,2,1,2,1,3,0,2,5,0,0,4,1
"COG5410",13,8,8,16,9,9,60,17,25,8,19,0,8,24,0,12,17,14,3,1
"COG5412",21,2,15,8,3,6,12,6,9,21,6,4,4,14,29,21,9,10,6,1
"COG5413",0,0,0,0,0,0,0,0,0,0,0,0,0,0,0,0,0,0,0,0
"COG5418",1,0,0,0,0,1,0,0,0,0,0,0,0,0,0,1,0,0,0,0
"COG5421",0,3,13,26,10,4,16,5,4,41,27,24,52,14,27,20,40,27,2,4
"COG5423",1,0,0,1,1,0,2,0,0,0,1,0,0,2,0,2,1,1,1,1
"COG5424",0,0,0,0,0,0,0,0,0,0,1,0,0,0,0,0,0,0,0,0
"COG5426",0,0,0,0,1,6,0,0,2,0,0,1,2,1,0,2,0,1,0,0
"COG5427",3,3,1,4,6,10,3,2,0,0,1,0,1,1,15,1,2,7,0,1
"COG5433",12,12,14,21,10,55,14,20,19,22,29,71,22,30,12,8,49,23,5,166
"COG5434",168,251,183,181,247,85,131,183,185,215,46,49,53,51,21,33,68,49,66,101
"COG5437",0,0,1,0,0,0,0,0,1,0,0,0,1,0,0,0,0,0,0,0
"COG5438",5,10,8,16,13,8,13,9,5,5,0,1,3,3,14,13,4,6,5,0
"COG5441",1,0,0,0,1,4,0,0,1,0,1,0,3,1,3,0,0,0,0,0
"COG5444",2,1,3,4,3,3,10,0,1,9,1,1,0,3,9,6,4,0,0,1
"COG5445",0,0,0,0,1,13,0,0,1,0,0,0,1,0,0,0,0,1,0,0
"COG5449",0,0,0,0,1,0,1,0,0,0,1,0,0,1,0,0,1,0,0,0
"COG5455",0,0,0,0,0,3,0,0,0,0,0,0,0,0,1,0,0,0,0,0
"COG5457",0,0,0,0,0,0,0,0,0,0,0,0,0,0,1,0,1,0,0,0
"COG5459",0,0,0,0,0,0,0,0,0,1,0,0,0,0,0,0,0,0,0,0
"COG5463",0,0,0,0,0,7,0,0,0,0,0,0,0,0,0,0,1,0,0,0
"COG5464",0,8,0,7,4,29,0,13,8,10,5,8,2,0,2,1,5,4,30,0
"COG5471",0,0,0,0,0,2,0,0,0,0,0,0,0,0,0,0,0,0,0,0
"COG5474",1,0,1,0,0,1,0,0,0,0,0,0,0,0,0,0,0,0,1,0
"COG5475",0,0,0,0,0,1,0,0,0,0,1,0,0,0,0,0,0,0,0,0
"COG5476",0,0,0,1,24,0,0,5,8,3,1,0,2,1,5,5,1,3,4,3
"COG5482",1,0,1,0,0,0,0,0,0,0,0,0,0,0,0,0,0,2,0,0
"COG5483",0,0,0,0,0,0,0,0,0,0,0,3,3,1,3,1,3,0,0,0
"COG5484",2,0,1,0,3,1,0,1,0,0,0,0,1,2,0,1,2,0,0,5
"COG5485",0,0,0,0,0,0,0,0,0,1,0,0,0,0,0,0,0,0,0,0
"COG5492",102,74,53,62,127,50,85,48,41,117,61,15,26,32,45,24,18,32,20,25
"COG5493",0,0,0,0,0,0,1,0,0,0,0,0,0,0,0,0,0,0,0,0
"COG5495",1,1,1,8,0,4,1,2,0,3,1,1,6,8,3,1,2,4,5,4
"COG5496",9,26,8,12,10,8,11,10,9,10,12,6,8,15,4,13,7,24,13,4
"COG5498",30,6,29,24,13,1,27,27,50,9,5,22,9,10,1,9,7,1,16,8
"COG5499",0,0,0,0,0,7,0,0,1,1,0,0,0,0,0,0,0,0,0,0
"COG5503",0,0,0,0,0,0,0,0,0,0,0,0,0,0,1,0,0,0,0,0
"COG5504",0,2,0,0,0,0,3,0,0,0,0,0,0,0,0,1,0,0,0,1
"COG5505",5,1,10,10,11,1,8,6,4,6,1,3,4,5,7,0,5,0,8,0
"COG5506",0,0,0,1,0,0,0,0,0,0,0,0,0,0,0,0,0,0,0,0
"COG5507",0,0,0,0,0,1,0,0,1,0,0,0,0,0,0,0,0,0,0,0
"COG5510",0,0,0,0,0,2,0,0,0,0,1,0,0,0,0,0,0,0,0,0
"COG5511",6,6,8,5,18,9,6,2,2,11,3,0,11,3,0,60,12,20,3,0
"COG5512",0,0,0,7,0,0,4,2,1,0,4,0,3,1,7,3,0,1,0,1
"COG5514",0,0,0,0,0,0,0,0,0,0,0,0,0,0,0,1,0,0,0,0
"COG5517",0,0,0,0,0,3,0,0,0,0,0,0,0,0,0,0,0,0,0,0
"COG5518",2,0,0,2,0,2,0,2,0,0,0,0,7,0,0,2,0,25,0,0
"COG5519",1,2,1,7,15,6,6,6,0,3,1,0,2,11,1,2,6,40,7,2
"COG5520",48,37,38,48,65,14,27,39,55,41,33,10,42,69,27,17,55,26,71,129
"COG5521",0,0,0,0,0,1,0,0,0,0,0,0,0,0,0,0,0,0,0,0
"COG5522",2,2,4,1,0,0,1,1,1,3,2,0,2,3,1,5,3,13,2,0
"COG5523",23,17,15,20,15,19,18,10,15,25,18,12,10,15,29,16,27,26,16,11
"COG5525",5,13,11,6,9,20,7,3,7,5,4,0,17,8,0,55,13,40,1,0
"COG5527",4,6,6,14,9,6,28,5,13,23,20,4,2,3,17,11,21,11,1,0
"COG5529",0,1,0,0,0,5,0,0,0,0,0,0,1,0,0,0,0,0,0,0
"COG5532",0,0,0,0,1,5,0,0,0,0,0,0,0,0,0,0,0,0,0,0
"COG5542",16,4,7,4,5,1,4,3,3,7,7,1,1,4,0,14,8,10,4,0
"COG5544",0,1,0,0,0,2,0,0,0,0,0,0,0,0,0,0,0,0,0,0
"COG5545",107,135,120,132,154,86,58,171,140,83,98,290,132,116,91,131,131,159,298,193
"COG5546",0,0,0,0,0,0,0,0,0,0,0,0,0,0,2,0,0,0,0,0
"COG5549",0,0,0,0,0,0,0,0,0,0,1,0,1,0,5,0,0,0,0,0
"COG5551",2,2,0,1,3,4,2,0,3,6,3,2,2,4,0,2,1,0,0,1
"COG5553",0,0,0,0,0,0,0,0,0,0,0,0,0,0,0,0,0,0,0,0
"COG5557",0,0,1,1,0,14,0,2,1,0,0,1,0,0,1,2,0,0,1,0
"COG5561",3,3,1,1,2,1,5,2,4,1,1,0,1,0,1,0,0,2,3,2
"COG5562",0,0,0,0,0,8,0,0,0,0,0,0,0,0,0,0,0,1,0,0
"COG5564",0,0,1,0,0,1,0,0,2,1,0,0,0,0,0,0,0,1,0,4
"COG5565",0,0,0,0,0,3,0,0,0,0,0,0,0,0,0,0,0,0,0,0
"COG5566",0,0,0,0,0,0,0,0,0,0,0,0,0,0,0,0,0,0,0,0
"COG5567",0,0,0,0,0,8,0,0,0,0,0,0,0,0,1,2,0,0,0,0
"COG5569",0,0,0,2,0,4,0,1,0,0,0,0,0,0,0,0,1,0,0,0
"COG5571",0,0,0,0,0,6,0,0,0,0,0,0,0,0,1,0,0,0,0,0
"COG5577",6,1,8,8,5,2,6,0,0,0,5,5,0,7,4,5,4,0,0,2
"COG5578",0,0,0,0,0,0,0,0,0,0,0,0,0,0,0,0,0,0,0,0
"COG5579",0,1,3,3,0,2,3,0,3,5,5,4,4,1,0,2,0,1,1,13
"COG5581",0,0,0,0,1,11,0,0,0,1,0,0,0,0,0,0,0,0,0,0
"COG5585",8,31,13,6,0,1,13,5,6,5,1,3,3,0,0,3,9,5,3,6
"COG5586",0,0,0,0,0,0,0,0,0,0,0,0,1,0,0,0,0,0,0,1
"COG5587",15,20,21,9,20,3,14,16,18,16,19,2,9,16,3,28,20,14,15,43
"COG5595",0,1,0,0,0,0,0,0,0,0,0,0,0,0,0,0,0,0,0,0
"COG5598",0,0,0,0,0,0,0,1,0,0,2,0,0,0,0,0,0,0,0,1
"COG5606",0,1,0,0,0,0,0,0,0,0,0,0,0,0,0,0,0,0,0,0
"COG5610",18,4,16,17,19,17,5,4,7,9,7,4,5,24,0,9,16,1,11,2
"COG5614",0,0,0,0,0,0,1,0,0,0,0,0,0,0,0,0,0,0,0,0
"COG5617",16,0,4,9,10,9,6,1,0,9,2,0,2,13,6,1,5,0,5,0
"COG5618",0,0,0,1,1,1,0,0,0,0,0,0,0,0,0,0,0,0,0,0
"COG5619",0,0,0,1,1,0,5,0,0,0,0,0,0,0,0,0,0,1,0,0
"COG5620",4,0,7,1,1,0,13,11,2,13,17,3,0,0,0,1,1,11,1,1
"COG5632",15,9,11,10,10,11,23,8,13,17,1,4,5,15,27,24,6,11,17,3
"COG5633",0,0,0,0,0,6,0,0,0,0,1,1,0,0,2,0,0,0,0,0
"COG5635",8,0,12,2,5,1,3,0,1,11,0,5,0,6,0,3,2,2,3,5
"COG5640",0,0,0,0,2,0,0,1,0,0,0,2,0,0,0,0,0,0,0,0
"COG5642",0,0,0,0,0,0,0,0,0,0,0,0,0,0,0,0,0,0,0,0
"COG5645",0,0,0,0,0,12,0,0,0,1,0,0,0,0,1,1,0,0,0,1
"COG5646",0,0,0,0,0,0,0,0,0,0,0,0,0,0,0,1,0,0,0,0
"COG5651",0,0,0,0,0,0,0,0,0,1,0,0,0,0,0,0,0,0,0,0
"COG5652",13,10,8,11,16,12,21,7,2,13,7,3,2,5,13,9,6,14,8,2
"COG5654",0,0,0,0,0,0,0,0,0,0,0,0,0,0,0,0,0,0,0,0
"COG5655",9,1,0,11,0,24,18,0,0,0,1,0,0,0,9,2,0,2,0,4
"COG5658",2,0,0,5,1,4,6,0,0,2,6,2,6,6,15,6,3,2,2,3
"COG5659",0,0,0,0,0,0,0,0,2,0,0,0,0,0,0,0,0,0,0,0
"COG5663",0,0,1,0,0,0,4,1,0,1,3,1,0,2,2,2,5,1,2,0
