"","X109_DCM_0d2.3","X67_SUR_0d45.0d8","X68_SUR_0d2.3","X85_SUR_0d2.3","X76_DCM_0.0d2","X123_SUR_0d45.0d8","X42_DCM_0d2.1d6","X122_MES_0d2.0d45","X68_DCM_0d45.0d8","X150_DCM_0d2.3"
"COG0001",370,321,350,403,129,411,289,712,397,332
"COG0002",214,209,294,343,140,191,193,354,255,219
"COG0003",18,8,10,0,38,39,17,5,13,20
"COG0004",878,626,758,542,369,567,767,824,730,842
"COG0005",229,139,222,210,111,201,283,337,253,215
"COG0006",1189,1044,981,1303,435,972,1226,1496,1032,1129
"COG0007",94,120,114,72,166,84,84,191,138,90
"COG0008",744,755,695,796,495,776,686,864,730,669
"COG0009",289,331,272,420,145,262,264,324,276,253
"COG0010",421,376,464,353,102,348,456,463,489,441
"COG0011",16,1,19,1,3,6,6,0,11,6
"COG0012",145,128,145,142,68,369,437,742,442,449
"COG0013",968,798,883,799,435,306,326,364,352,318
"COG0014",367,248,379,315,189,259,352,253,365,416
"COG0015",523,452,471,442,225,515,514,441,543,502
"COG0016",369,403,402,437,149,407,349,470,376,430
"COG0017",129,237,129,125,24,256,224,517,212,163
"COG0018",655,657,683,593,252,559,654,625,663,644
"COG0019",537,454,565,613,471,445,576,405,516,556
"COG0020",271,261,242,261,102,274,279,281,258,260
"COG0021",711,438,627,484,258,477,680,543,654,587
"COG0022",529,683,413,446,319,253,167,90,183,165
"COG0023",31,35,52,37,9,28,46,74,57,36
"COG0024",265,247,345,290,157,305,297,343,304,320
"COG0025",94,125,208,128,350,179,101,93,150,108
"COG0026",100,100,100,102,50,267,228,244,263,273
"COG0027",80,65,149,47,126,83,35,11,161,78
"COG0028",1413,971,1386,983,953,1114,1323,1447,1279,1346
"COG0029",156,130,210,196,161,165,127,77,277,209
"COG0030",263,281,282,250,122,305,242,331,320,267
"COG0031",495,417,549,393,424,462,532,549,554,532
"COG0033",92,9,180,0,46,54,63,19,165,102
"COG0034",575,541,536,549,229,532,498,605,638,576
"COG0035",72,85,104,62,49,68,67,57,98,83
"COG0036",300,227,278,257,99,311,288,343,330,295
"COG0037",149,187,195,208,93,508,574,707,531,523
"COG0038",136,129,211,183,152,142,183,126,247,137
"COG0039",338,294,281,325,139,355,348,397,305,334
"COG0040",171,166,214,163,104,130,154,213,192,176
"COG0041",186,163,177,149,52,153,166,223,192,171
"COG0042",443,387,503,404,256,451,377,282,483,420
"COG0043",73,84,209,84,67,232,179,575,286,123
"COG0044",639,640,656,670,253,687,659,731,619,688
"COG0045",575,463,420,385,202,459,489,637,421,494
"COG0046",892,839,824,746,405,849,743,1013,959,932
"COG0047",486,535,382,428,194,425,308,448,448,420
"COG0048",153,131,187,180,43,154,142,194,157,136
"COG0049",174,167,198,184,62,190,191,254,192,182
"COG0050",503,426,539,603,280,465,404,327,450,476
"COG0051",33,40,44,58,10,113,92,112,126,125
"COG0052",289,290,336,298,110,299,298,372,281,286
"COG0053",39,58,61,68,151,55,77,126,42,45
"COG0054",127,147,131,160,64,138,136,154,161,151
"COG0055",648,505,635,595,184,599,547,417,534,592
"COG0056",744,523,699,728,228,638,608,377,617,665
"COG0057",542,644,506,553,279,470,502,465,562,535
"COG0058",162,24,264,0,152,165,645,72,273,185
"COG0059",402,346,364,354,125,292,293,440,356,371
"COG0060",1153,1033,1073,924,375,382,374,404,391,358
"COG0061",332,304,390,327,107,339,293,502,375,346
"COG0062",124,58,187,60,165,127,181,264,221,137
"COG0063",167,106,220,87,188,171,231,325,262,206
"COG0064",537,376,447,381,217,338,490,482,478,471
"COG0065",589,444,593,617,187,466,597,647,591,575
"COG0066",212,243,251,301,87,253,320,251,239,259
"COG0067",1232,911,1171,924,623,812,979,830,1068,1270
"COG0068",4,3,6,0,71,16,1,23,2,20
"COG0069",1749,1210,1589,1770,997,381,425,382,449,532
"COG0070",1108,839,1106,989,628,749,974,656,1040,1191
"COG0071",334,240,203,31,749,221,688,372,162,311
"COG0072",840,724,830,781,373,847,754,719,835,736
"COG0073",679,723,671,806,411,761,562,510,691,655
"COG0074",441,308,280,308,147,338,353,558,291,362
"COG0075",329,251,384,190,93,291,238,482,437,265
"COG0076",128,173,200,173,153,218,161,186,235,142
"COG0077",336,269,363,372,135,247,307,340,337,387
"COG0078",243,212,272,312,173,220,271,404,276,271
"COG0079",554,454,552,537,432,354,468,655,543,487
"COG0080",142,138,170,136,55,151,124,195,158,143
"COG0081",242,206,284,209,114,218,246,336,270,263
"COG0082",491,280,422,355,136,356,427,405,376,402
"COG0083",65,64,119,78,24,82,51,228,95,69
"COG0084",258,299,267,362,131,265,240,293,263,278
"COG0085",1544,1748,1756,1397,604,1416,1448,1471,1400,1529
"COG0086",1612,1741,2130,1516,589,1698,1610,1199,1710,1722
"COG0087",244,228,292,205,128,261,255,335,269,247
"COG0088",225,225,260,215,82,211,254,269,247,186
"COG0089",102,106,138,85,31,104,91,83,115,125
"COG0090",311,237,361,274,114,324,319,359,314,304
"COG0091",132,117,176,131,48,116,151,178,134,138
"COG0092",271,234,292,293,89,282,283,244,291,266
"COG0093",124,104,173,142,42,154,115,165,131,142
"COG0094",205,205,271,233,78,204,188,254,209,213
"COG0095",34,16,88,38,10,30,13,81,76,38
"COG0096",139,130,165,161,42,140,133,129,160,151
"COG0097",199,188,243,168,65,212,205,192,198,208
"COG0098",201,164,226,198,85,179,185,206,197,204
"COG0099",139,146,198,133,70,167,143,189,149,157
"COG0100",49,42,57,59,10,135,124,198,153,158
"COG0101",307,296,283,313,120,265,298,182,359,303
"COG0102",189,184,192,161,63,174,170,216,168,170
"COG0103",151,154,166,146,61,160,145,171,156,149
"COG0104",522,417,449,346,283,446,535,508,515,524
"COG0105",151,150,164,118,62,145,151,135,188,155
"COG0106",174,154,205,203,104,154,126,190,183,191
"COG0107",239,167,258,319,114,193,224,299,222,267
"COG0108",359,321,420,287,193,95,111,91,134,138
"COG0109",376,294,412,423,126,353,360,542,396,411
"COG0110",139,171,134,201,114,125,127,296,129,134
"COG0111",882,847,884,826,565,776,866,756,849,836
"COG0112",565,502,485,338,224,459,504,569,474,501
"COG0113",382,278,391,304,151,320,248,313,324,312
"COG0114",495,372,484,333,241,477,479,275,522,522
"COG0115",803,804,712,662,374,714,778,820,770,695
"COG0116",114,152,128,244,96,129,96,50,165,113
"COG0117",338,309,266,239,97,327,301,170,295,281
"COG0118",164,143,208,238,97,152,167,214,192,209
"COG0119",981,839,916,819,474,783,925,1138,868,918
"COG0120",50,42,46,52,19,94,101,185,143,107
"COG0121",4,9,12,11,50,9,16,21,10,9
"COG0122",202,167,170,129,115,195,177,341,197,194
"COG0123",366,250,291,259,206,411,322,228,256,307
"COG0124",473,451,501,527,178,507,556,445,488,470
"COG0125",169,124,174,167,80,181,204,223,245,178
"COG0126",467,426,432,365,192,432,434,498,494,475
"COG0127",236,192,335,228,77,235,259,220,287,245
"COG0128",163,139,171,172,57,450,442,478,446,468
"COG0129",792,736,645,726,610,621,638,770,718,703
"COG0130",241,279,231,178,126,267,229,276,269,236
"COG0131",163,181,174,148,100,123,172,248,170,191
"COG0132",50,38,86,56,40,53,41,147,71,46
"COG0133",369,278,352,405,194,285,314,412,354,388
"COG0134",285,204,292,243,105,184,227,287,234,234
"COG0135",189,168,207,255,73,130,155,124,156,176
"COG0136",426,350,391,420,193,309,425,456,416,424
"COG0137",359,276,398,359,178,275,377,482,368,353
"COG0138",605,564,600,681,233,579,745,388,618,553
"COG0139",122,112,154,128,58,106,123,166,128,126
"COG0140",79,80,108,94,36,58,58,39,90,64
"COG0141",553,466,478,648,222,401,520,516,484,495
"COG0142",707,761,723,673,306,720,688,796,746,707
"COG0143",570,579,562,592,260,531,563,667,606,564
"COG0144",213,282,332,273,277,287,254,130,329,219
"COG0145",249,482,341,270,335,396,287,318,346,205
"COG0146",174,289,306,179,277,361,245,279,295,158
"COG0147",763,620,787,583,410,630,682,640,782,797
"COG0148",493,411,434,360,193,467,523,572,441,508
"COG0149",267,258,286,240,97,235,264,243,286,261
"COG0150",438,338,385,313,208,393,905,378,439,419
"COG0151",517,456,464,477,162,483,448,524,473,433
"COG0152",297,292,268,250,157,287,419,345,317,283
"COG0153",104,104,72,25,12,132,88,67,79,90
"COG0154",1187,818,1086,926,730,991,1021,1214,1008,989
"COG0155",119,142,360,141,233,142,97,341,251,140
"COG0156",327,515,314,239,327,171,92,113,113,109
"COG0157",206,154,232,240,141,191,194,268,248,251
"COG0158",43,74,67,139,44,94,33,19,40,57
"COG0159",251,202,291,228,103,212,219,235,255,242
"COG0160",282,345,174,181,246,387,306,309,253,208
"COG0161",672,550,582,805,295,543,541,755,558,561
"COG0162",488,455,435,487,183,438,438,469,446,429
"COG0163",11,20,50,41,25,35,39,123,62,34
"COG0164",232,238,205,189,101,225,235,268,243,242
"COG0165",373,327,506,406,222,93,119,179,167,155
"COG0166",459,465,504,481,219,460,393,431,519,412
"COG0167",431,395,409,509,190,413,456,445,406,398
"COG0168",676,539,559,627,314,571,637,429,589,628
"COG0169",303,337,340,334,128,294,327,352,308,302
"COG0170",30,14,83,1,0,40,71,26,90,34
"COG0171",396,330,428,215,390,410,560,360,466,495
"COG0172",481,432,467,488,177,427,464,569,486,480
"COG0173",652,601,605,593,248,569,578,382,672,605
"COG0174",1060,901,955,1409,451,820,953,1251,920,985
"COG0175",124,145,170,114,335,118,105,280,177,165
"COG0176",369,167,276,212,386,250,941,244,240,395
"COG0177",275,198,266,229,117,265,238,311,272,282
"COG0178",1181,1232,1066,1143,471,1216,1187,784,1234,1220
"COG0179",358,422,309,372,249,402,316,478,334,361
"COG0180",416,380,460,416,161,415,414,462,424,385
"COG0181",367,278,375,338,138,390,319,344,367,397
"COG0182",126,62,173,68,48,159,171,314,125,161
"COG0183",874,1049,734,1031,1139,901,1031,1289,885,880
"COG0184",115,115,134,102,40,108,102,156,116,94
"COG0185",84,86,122,95,28,136,99,130,121,118
"COG0186",28,29,22,26,11,82,72,108,92,83
"COG0187",1299,1608,1049,1177,663,1196,1136,825,1075,1112
"COG0188",1487,1655,1348,1228,755,1339,1369,898,1472,1387
"COG0189",398,315,366,255,635,313,403,467,338,394
"COG0190",324,314,329,297,124,301,365,417,337,364
"COG0191",133,216,147,224,68,150,99,45,162,142
"COG0192",432,436,435,379,218,431,429,515,449,491
"COG0193",227,201,196,249,96,191,201,142,173,225
"COG0194",232,248,195,186,94,219,194,118,177,201
"COG0195",533,512,498,609,222,469,467,463,491,557
"COG0196",340,348,338,346,136,326,317,220,287,322
"COG0197",172,144,172,183,41,177,154,198,176,167
"COG0198",96,106,102,80,39,99,81,112,116,58
"COG0199",76,94,115,146,42,100,71,47,93,83
"COG0200",161,160,165,117,74,134,182,182,162,156
"COG0201",535,404,573,426,218,531,491,512,521,501
"COG0202",420,410,440,375,181,427,373,351,458,417
"COG0203",152,164,148,143,66,123,146,88,126,123
"COG0204",627,637,549,515,392,650,646,428,662,596
"COG0205",243,300,177,261,44,223,188,151,191,207
"COG0206",491,435,446,410,195,501,511,505,535,464
"COG0207",216,398,134,170,396,196,137,90,141,150
"COG0208",672,771,356,335,1184,404,1304,250,223,651
"COG0209",1802,1772,1039,1151,3857,1201,3241,1398,893,1727
"COG0210",1060,958,854,909,6007,934,1006,947,864,922
"COG0211",89,89,114,95,42,85,98,68,87,111
"COG0212",171,170,177,183,101,102,128,192,182,158
"COG0213",69,53,43,88,96,103,103,99,76,70
"COG0214",40,24,51,0,4,59,107,107,90,57
"COG0215",559,505,527,430,208,529,536,569,541,502
"COG0216",389,350,343,342,161,376,408,269,398,352
"COG0217",242,265,179,219,119,211,216,155,189,253
"COG0218",128,191,80,167,80,129,55,64,75,91
"COG0219",166,87,154,164,54,119,129,100,154,145
"COG0220",177,213,164,178,88,180,102,64,162,144
"COG0221",67,29,113,59,155,49,59,20,106,61
"COG0222",52,54,33,46,16,113,98,85,117,123
"COG0223",406,446,407,516,245,396,394,323,398,372
"COG0224",395,324,351,362,131,336,315,264,289,332
"COG0225",393,353,414,362,177,334,294,311,348,363
"COG0226",115,122,171,13,300,131,335,37,125,660
"COG0227",84,111,81,130,61,101,86,54,105,108
"COG0228",174,138,160,186,51,144,113,77,134,128
"COG0229",256,250,202,212,132,214,188,219,204,207
"COG0230",16,18,15,27,7,12,13,9,8,16
"COG0231",234,195,219,206,92,221,206,250,223,214
"COG0232",236,189,218,272,162,228,243,163,188,256
"COG0233",193,200,185,151,58,171,188,128,168,166
"COG0234",154,131,138,117,693,118,144,94,134,147
"COG0235",246,196,223,191,175,246,223,171,203,232
"COG0236",25,32,24,22,17,124,55,59,94,74
"COG0237",193,215,213,215,81,220,200,218,250,210
"COG0238",82,85,86,81,22,88,82,58,81,82
"COG0239",24,59,19,43,35,31,21,18,29,23
"COG0240",295,278,278,290,137,266,247,264,297,329
"COG0241",75,107,83,121,41,88,84,98,100,82
"COG0242",285,259,225,253,388,210,396,152,243,327
"COG0243",316,405,425,273,412,506,476,504,499,369
"COG0244",66,61,98,51,33,226,197,240,270,218
"COG0245",253,170,246,176,120,192,225,119,242,234
"COG0246",87,175,48,55,49,67,67,39,49,85
"COG0247",486,615,422,681,233,564,623,596,487,551
"COG0248",69,85,82,50,121,203,155,96,226,338
"COG0249",501,747,507,546,349,636,440,210,623,430
"COG0250",222,238,216,178,114,234,214,201,236,222
"COG0251",239,312,288,255,155,273,224,233,265,257
"COG0252",53,123,73,167,66,106,66,214,94,66
"COG0253",324,270,314,295,95,284,258,189,316,290
"COG0254",94,96,106,93,32,82,82,66,102,83
"COG0255",15,26,23,21,13,17,13,16,13,12
"COG0256",43,38,39,38,17,119,113,179,127,123
"COG0257",2,7,12,4,6,5,2,0,13,7
"COG0258",956,1078,900,763,1058,949,1160,763,812,950
"COG0259",202,199,142,200,112,166,167,117,127,157
"COG0260",482,410,495,449,387,457,461,343,465,484
"COG0261",182,153,179,180,67,149,132,102,139,165
"COG0262",108,199,69,117,65,109,79,73,97,77
"COG0263",342,175,347,358,245,224,314,207,288,357
"COG0264",250,288,259,278,145,253,231,167,271,254
"COG0265",778,663,810,488,598,725,768,688,805,716
"COG0266",307,213,301,221,134,302,332,220,340,280
"COG0267",33,41,47,36,27,34,20,11,45,37
"COG0268",64,65,93,112,46,57,66,50,78,72
"COG0269",3,2,0,18,6,1,0,1,1,3
"COG0270",198,240,190,201,1696,255,326,186,145,220
"COG0271",79,55,90,37,51,73,58,58,83,72
"COG0272",803,737,683,721,343,745,762,491,741,739
"COG0274",123,109,94,105,63,75,138,73,116,86
"COG0275",335,308,307,308,147,288,279,205,285,291
"COG0276",420,310,326,430,131,397,402,180,410,393
"COG0277",814,838,883,988,672,887,876,810,880,821
"COG0278",107,70,109,90,45,83,70,72,97,80
"COG0279",91,70,106,155,91,78,143,135,107,92
"COG0280",519,481,432,691,355,445,489,317,421,509
"COG0281",122,157,132,196,120,453,394,337,382,472
"COG0282",7,21,18,63,86,14,1,34,10,24
"COG0283",244,195,260,217,81,198,279,153,297,274
"COG0284",267,222,252,244,116,265,264,289,279,270
"COG0285",377,350,409,380,187,388,444,298,443,406
"COG0286",69,80,62,40,319,112,43,129,69,145
"COG0287",358,265,311,307,156,239,319,336,318,305
"COG0288",22,83,45,122,125,44,11,36,29,37
"COG0289",235,240,258,222,112,204,207,122,225,281
"COG0290",198,144,189,186,72,168,212,137,176,206
"COG0291",68,50,36,45,34,52,56,31,51,62
"COG0292",145,110,162,195,46,128,132,102,115,123
"COG0293",184,119,152,150,85,139,152,216,142,146
"COG0294",298,268,307,242,129,296,314,316,325,291
"COG0295",34,81,24,58,35,50,35,35,35,43
"COG0296",149,98,277,98,74,224,154,67,251,203
"COG0297",126,129,234,141,38,203,85,75,198,157
"COG0298",1,0,2,1,7,4,0,2,2,4
"COG0299",222,204,216,191,116,242,505,238,224,231
"COG0300",129,204,97,214,105,159,74,176,102,93
"COG0301",2,5,27,4,24,19,27,309,36,14
"COG0302",239,249,240,270,141,244,242,291,241,233
"COG0303",289,238,241,218,151,297,300,291,272,223
"COG0304",741,627,562,834,327,685,530,405,566,661
"COG0305",943,1034,633,487,4475,662,1602,472,563,905
"COG0306",206,197,145,226,89,197,153,236,194,127
"COG0307",225,206,218,214,76,194,192,213,239,210
"COG0308",641,1230,687,1236,696,974,548,938,756,668
"COG0309",0,2,10,1,30,10,6,16,5,13
"COG0310",41,25,9,0,2,9,46,10,4,33
"COG0311",25,21,28,0,2,32,91,100,54,38
"COG0312",209,149,184,123,112,567,646,490,577,654
"COG0313",308,351,281,421,128,295,249,173,278,280
"COG0314",88,77,72,113,43,76,95,84,109,72
"COG0315",86,72,82,146,58,87,116,90,92,100
"COG0316",90,86,79,106,56,213,285,308,262,256
"COG0317",777,748,668,658,460,697,710,489,648,747
"COG0318",512,636,448,673,738,1757,1669,1901,1513,1403
"COG0319",108,145,129,201,69,48,46,29,47,42
"COG0320",389,290,395,239,131,130,134,69,145,122
"COG0321",246,228,223,207,111,76,78,42,79,109
"COG0322",722,774,694,818,269,722,700,475,712,679
"COG0323",185,372,142,217,262,333,161,135,186,181
"COG0324",367,280,336,250,149,277,344,201,323,314
"COG0325",79,76,66,94,28,244,198,140,248,226
"COG0326",127,201,148,119,45,424,170,162,377,283
"COG0327",74,133,24,95,37,97,35,46,44,55
"COG0328",176,199,162,123,51,166,183,85,184,170
"COG0329",533,412,496,506,202,444,512,453,504,508
"COG0330",651,703,563,750,489,589,598,525,546,619
"COG0331",321,277,277,273,142,296,302,187,323,293
"COG0332",317,495,260,404,260,379,326,244,290,297
"COG0333",42,19,46,49,13,21,24,23,37,32
"COG0334",415,468,216,339,236,133,101,115,103,86
"COG0335",171,130,192,208,48,158,173,108,156,175
"COG0336",308,281,298,197,95,246,244,194,266,275
"COG0337",409,390,375,411,159,366,373,225,352,361
"COG0338",160,104,75,11,306,70,705,177,44,191
"COG0339",280,415,347,395,352,267,252,145,306,248
"COG0340",247,250,243,241,118,234,246,354,243,255
"COG0341",385,371,309,432,157,108,101,74,108,125
"COG0342",626,595,528,596,246,568,514,362,580,588
"COG0343",398,304,395,360,160,393,443,546,456,397
"COG0344",166,95,161,88,64,111,168,129,145,165
"COG0345",255,220,265,295,156,198,268,159,224,267
"COG0346",83,87,91,73,135,278,288,348,299,299
"COG0347",102,154,133,70,104,78,105,67,127,124
"COG0348",15,34,32,82,227,64,31,71,46,41
"COG0349",188,145,245,174,234,184,210,137,233,218
"COG0350",103,92,87,102,115,70,92,128,100,72
"COG0351",158,66,160,129,112,121,168,291,137,142
"COG0352",151,100,180,208,141,139,118,106,126,127
"COG0353",198,196,195,215,91,186,166,149,199,208
"COG0354",232,145,280,153,108,189,240,172,253,225
"COG0355",148,108,203,109,43,134,154,105,134,123
"COG0356",365,370,421,401,123,131,106,77,112,118
"COG0357",59,61,79,82,38,190,154,110,191,176
"COG0358",692,743,692,576,1082,630,677,663,625,644
"COG0359",190,151,149,132,82,144,171,115,182,176
"COG0360",124,142,128,134,72,125,121,97,123,115
"COG0361",32,33,48,38,16,110,97,120,101,84
"COG0362",129,146,190,100,30,93,134,35,188,159
"COG0363",153,224,182,214,85,139,109,79,152,138
"COG0364",132,190,225,116,234,114,64,30,182,98
"COG0365",1438,1030,1307,1319,670,1261,1335,1391,1240,1271
"COG0366",349,273,383,41,397,446,316,238,383,444
"COG0367",462,593,356,453,462,551,495,563,389,517
"COG0368",43,30,93,37,51,47,39,145,84,38
"COG0369",224,42,221,292,44,306,157,101,248,170
"COG0370",26,270,37,181,81,37,4,57,35,39
"COG0371",66,20,110,1,0,43,50,286,127,62
"COG0372",473,409,425,422,240,469,488,538,482,483
"COG0373",191,296,249,267,79,106,49,176,88,58
"COG0374",3,0,3,1,12,16,3,10,3,15
"COG0375",1,0,7,0,2,1,0,0,1,1
"COG0376",391,330,383,375,376,401,310,330,388,469
"COG0377",171,96,178,87,51,152,208,235,162,156
"COG0378",17,3,28,1,11,32,37,96,86,71
"COG0379",206,106,275,235,179,175,228,222,273,267
"COG0380",24,25,78,5,163,59,19,12,47,71
"COG0381",220,198,140,267,216,185,225,186,167,207
"COG0382",141,110,159,137,59,386,413,251,490,415
"COG0383",22,19,51,0,19,78,49,11,50,37
"COG0384",30,38,21,25,27,76,44,67,78,59
"COG0385",172,81,140,165,151,156,187,112,169,162
"COG0386",198,228,199,303,52,212,136,96,193,172
"COG0387",14,18,23,5,8,23,33,13,38,24
"COG0388",443,413,591,233,682,515,646,642,582,556
"COG0389",520,508,527,539,406,530,419,525,516,526
"COG0390",1,5,11,31,20,14,29,40,9,9
"COG0391",125,47,169,5,13,76,105,229,182,110
"COG0392",44,29,104,10,43,43,71,125,94,48
"COG0393",25,41,21,31,19,49,32,20,42,33
"COG0394",134,152,148,99,131,118,134,75,149,176
"COG0395",541,486,384,489,203,385,528,374,372,456
"COG0396",271,205,288,207,102,258,335,272,278,290
"COG0397",372,276,430,560,197,111,79,65,101,125
"COG0398",201,59,182,116,185,169,162,103,179,219
"COG0399",782,745,857,1194,871,756,919,1331,744,950
"COG0400",194,107,184,190,38,183,200,113,211,197
"COG0401",1,1,1,0,8,2,0,2,1,1
"COG0402",298,319,367,339,289,374,352,516,416,294
"COG0403",706,612,691,670,417,730,847,435,796,878
"COG0404",2940,2283,2338,3466,353,1905,2799,2591,2357,2632
"COG0405",713,657,492,392,493,743,542,427,550,571
"COG0406",214,210,266,115,122,203,263,224,253,204
"COG0407",384,311,394,337,161,402,290,210,346,322
"COG0408",285,235,299,327,123,212,234,127,264,266
"COG0409",1,0,4,0,21,11,1,8,1,9
"COG0410",345,296,384,178,249,327,450,390,372,388
"COG0411",354,263,300,249,191,308,404,419,272,356
"COG0412",131,112,151,119,220,186,152,250,184,194
"COG0413",364,279,346,357,157,274,397,315,340,410
"COG0414",248,290,298,214,132,196,262,99,301,286
"COG0415",1180,946,976,818,254,1175,696,225,996,944
"COG0416",209,160,308,161,152,194,303,159,249,270
"COG0417",851,928,408,118,1785,533,2144,679,286,818
"COG0418",103,86,160,121,104,71,72,49,131,64
"COG0419",305,273,213,36,946,74,315,142,36,116
"COG0420",24,32,41,2,157,41,55,201,29,40
"COG0421",30,10,39,3,30,68,79,54,127,66
"COG0422",135,73,200,20,174,87,104,290,189,127
"COG0423",330,358,239,171,23,324,262,466,293,280
"COG0424",222,203,208,227,135,171,175,130,209,202
"COG0425",14,27,21,20,21,4,7,23,10,4
"COG0426",150,13,351,0,2,113,203,10,436,224
"COG0427",15,7,20,10,111,4,1,11,8,11
"COG0428",81,86,60,36,40,135,27,37,46,47
"COG0429",48,76,105,102,30,47,29,37,83,51
"COG0430",0,4,4,1,6,5,1,0,2,1
"COG0431",87,78,105,44,92,95,71,116,151,83
"COG0432",112,56,114,51,41,132,84,76,106,113
"COG0433",21,16,34,17,371,73,31,194,43,63
"COG0434",41,14,15,9,6,17,35,15,11,32
"COG0435",104,58,99,53,91,81,68,36,86,55
"COG0436",1164,1053,1230,1210,573,1126,1338,1228,1282,1184
"COG0437",180,293,106,221,78,315,109,168,155,174
"COG0438",733,723,739,693,905,2298,2443,2025,2317,2410
"COG0439",615,661,656,540,403,249,209,245,208,240
"COG0440",189,112,190,148,59,46,60,61,54,62
"COG0441",813,652,749,712,261,696,695,712,748,673
"COG0442",187,169,196,146,73,503,517,591,555,504
"COG0443",1051,913,1397,879,394,1033,948,957,1210,1048
"COG0444",112,161,120,64,135,103,195,437,151,134
"COG0445",211,232,230,235,71,641,486,392,686,675
"COG0446",1062,1047,823,1347,653,690,939,1074,737,940
"COG0447",56,72,103,66,31,99,46,53,82,71
"COG0448",46,16,160,41,38,62,46,36,158,71
"COG0449",637,527,574,562,342,549,661,764,673,697
"COG0450",107,89,158,111,308,113,111,92,143,108
"COG0451",2434,1705,2294,2221,2934,2042,3930,2139,2296,2761
"COG0452",419,375,463,371,199,342,383,420,480,446
"COG0454",395,447,450,591,481,411,289,369,468,427
"COG0455",29,29,22,58,60,42,15,41,33,22
"COG0456",88,94,130,73,184,98,108,202,131,104
"COG0457",1793,1884,2425,2595,1176,2155,1827,2298,2314,1994
"COG0458",1203,992,1098,866,563,1066,1202,1195,1195,1148
"COG0459",902,889,1052,767,1691,973,1078,1185,997,939
"COG0460",385,379,441,580,184,309,341,494,373,403
"COG0461",253,216,274,192,103,203,627,283,275,275
"COG0462",414,375,384,369,208,370,382,451,411,377
"COG0463",1491,1393,1877,1770,1389,1695,1830,2005,1714,1812
"COG0464",161,120,662,163,234,379,250,1050,367,245
"COG0465",922,782,1217,671,333,1062,941,481,1058,981
"COG0466",739,827,495,746,451,574,563,540,507,646
"COG0467",90,9,169,0,6,73,85,17,137,93
"COG0468",754,514,541,393,1290,492,1123,646,522,738
"COG0469",354,428,382,411,192,393,361,232,363,352
"COG0470",643,642,485,386,881,504,1178,715,445,677
"COG0471",479,423,449,256,533,498,409,364,537,395
"COG0472",584,579,509,560,182,548,497,555,516,497
"COG0473",501,352,476,525,250,131,144,234,175,182
"COG0474",38,9,202,33,144,223,112,113,83,123
"COG0475",168,111,266,99,528,152,185,403,234,178
"COG0476",214,165,353,212,200,256,300,307,328,288
"COG0477",2146,2113,2222,2050,2784,2188,2452,1936,2445,2248
"COG0478",0,0,10,1,0,6,3,0,2,5
"COG0479",303,245,262,327,139,300,342,359,242,310
"COG0480",788,646,771,839,311,758,826,972,757,825
"COG0481",723,591,621,642,241,606,601,407,638,628
"COG0482",402,374,385,349,183,113,127,180,112,128
"COG0483",141,117,178,98,109,414,471,521,549,476
"COG0484",550,505,601,385,194,518,535,781,618,578
"COG0486",546,426,468,521,160,135,132,81,166,152
"COG0488",525,1307,782,1195,925,803,478,366,735,555
"COG0489",470,520,425,402,480,468,467,546,449,464
"COG0490",0,1,0,0,11,0,0,0,0,0
"COG0491",876,995,701,781,976,982,811,826,871,833
"COG0492",748,536,722,572,319,652,618,651,775,758
"COG0493",452,500,440,479,292,299,427,384,446,529
"COG0494",463,550,464,578,570,457,481,635,484,429
"COG0495",957,893,970,1222,370,1004,817,1149,1019,927
"COG0496",134,162,193,115,113,189,143,123,184,152
"COG0497",233,362,272,340,244,275,204,134,309,198
"COG0498",535,358,476,456,209,418,561,833,514,480
"COG0499",573,413,494,398,223,497,570,616,527,513
"COG0500",1182,1560,1726,1856,1387,1537,1556,1927,1535,1483
"COG0501",331,262,228,233,289,299,342,235,222,353
"COG0502",59,44,133,64,104,58,34,154,113,58
"COG0503",178,113,186,120,104,170,219,202,188,182
"COG0504",642,549,568,393,266,578,635,654,666,634
"COG0505",398,393,388,453,169,422,416,429,412,404
"COG0506",265,438,142,468,389,253,238,238,188,190
"COG0507",195,413,328,569,530,238,100,131,314,249
"COG0508",1031,973,859,1117,666,972,918,606,869,1024
"COG0509",136,94,119,171,43,133,119,106,150,123
"COG0510",24,35,16,1,3,43,71,42,42,54
"COG0511",193,320,197,292,170,271,188,195,206,220
"COG0512",282,196,258,147,115,247,261,226,306,302
"COG0513",802,1355,1150,2001,1014,1090,751,854,999,1052
"COG0514",184,568,181,479,300,307,70,80,141,193
"COG0515",339,279,1136,295,227,1250,519,190,472,537
"COG0516",597,475,490,328,414,468,534,593,501,534
"COG0517",594,723,529,711,503,657,481,844,539,547
"COG0518",679,555,669,553,323,556,637,952,725,634
"COG0519",480,410,467,375,222,470,469,640,522,457
"COG0520",715,586,683,583,325,798,756,640,842,701
"COG0521",81,90,91,132,54,86,126,98,112,92
"COG0522",257,251,291,247,77,243,232,238,243,259
"COG0523",235,194,453,26,138,347,183,81,445,367
"COG0524",799,746,659,627,354,739,744,874,717,746
"COG0525",968,847,938,708,377,861,969,894,1067,1013
"COG0526",946,1092,1043,1039,413,1019,930,879,956,919
"COG0527",494,508,504,686,274,414,460,849,550,489
"COG0528",189,208,176,148,98,205,167,238,187,133
"COG0529",128,166,173,136,201,174,103,159,179,121
"COG0530",257,268,261,183,308,76,87,82,78,69
"COG0531",200,328,188,203,431,317,247,568,258,233
"COG0532",720,739,821,872,318,812,717,826,793,796
"COG0533",153,119,137,120,44,399,411,454,439,436
"COG0534",590,789,495,877,557,575,529,460,530,569
"COG0535",123,145,245,261,241,148,160,295,172,172
"COG0536",443,364,403,409,173,361,356,241,377,378
"COG0537",212,193,195,186,92,181,218,278,221,234
"COG0538",424,242,442,291,147,318,464,245,470,474
"COG0539",624,567,598,583,298,571,510,332,602,600
"COG0540",370,298,380,298,141,349,345,481,376,421
"COG0541",128,114,135,179,77,431,422,540,458,461
"COG0542",1096,1028,1440,707,1056,1024,908,468,1202,897
"COG0543",31,118,84,121,61,109,41,244,65,61
"COG0544",479,503,466,441,261,419,439,318,490,511
"COG0545",159,285,214,310,126,307,107,87,189,152
"COG0546",251,247,319,259,227,245,245,291,299,225
"COG0547",357,236,333,256,162,282,244,402,334,358
"COG0548",229,245,264,425,144,236,239,374,251,270
"COG0549",20,7,18,1,7,42,58,106,48,28
"COG0550",977,1023,888,1001,408,315,268,190,324,303
"COG0551",125,165,77,109,135,111,82,75,111,89
"COG0552",313,246,351,284,151,303,318,442,368,334
"COG0553",303,532,599,361,6917,663,383,480,325,290
"COG0554",411,353,285,231,215,274,363,271,276,339
"COG0555",4,4,10,1,16,4,2,7,5,4
"COG0556",816,596,730,669,295,691,834,565,911,850
"COG0557",462,663,523,534,328,548,219,236,520,395
"COG0558",234,209,245,193,120,232,319,312,296,264
"COG0559",522,346,466,282,329,403,538,525,500,475
"COG0560",116,225,112,275,191,185,180,252,150,136
"COG0561",95,112,186,76,338,164,321,132,167,179
"COG0562",26,21,25,8,14,33,24,5,20,34
"COG0563",234,208,232,264,110,217,222,138,233,233
"COG0564",587,707,570,852,374,633,571,362,588,572
"COG0565",213,140,232,151,79,196,152,123,214,203
"COG0566",477,533,515,521,291,530,477,260,463,453
"COG0567",913,844,665,1023,436,756,563,448,544,749
"COG0568",1103,832,1175,937,763,850,926,633,1093,962
"COG0569",444,417,349,432,152,420,373,302,391,406
"COG0571",246,351,203,201,88,190,250,147,232,217
"COG0572",15,20,18,29,9,102,71,49,62,47
"COG0573",66,113,115,11,209,58,116,19,127,466
"COG0574",609,465,584,439,401,828,929,1147,541,678
"COG0575",202,267,238,282,105,233,226,168,212,195
"COG0576",243,228,243,231,72,196,210,210,278,251
"COG0577",540,622,493,402,326,645,543,364,670,549
"COG0578",204,263,132,151,265,184,159,131,117,174
"COG0579",176,185,247,99,99,144,154,264,239,154
"COG0580",107,127,137,61,28,146,93,270,122,153
"COG0581",77,91,130,6,191,81,127,33,106,398
"COG0582",376,409,441,403,3192,448,426,577,411,502
"COG0583",559,1260,645,1377,2154,574,401,749,522,731
"COG0584",64,84,52,68,84,255,293,260,189,247
"COG0585",16,14,54,50,39,66,39,205,68,45
"COG0586",59,40,85,25,77,53,37,124,73,56
"COG0587",1357,1570,1205,1405,2303,1317,1397,883,1159,1331
"COG0588",200,107,199,139,80,138,237,144,187,183
"COG0589",82,164,175,131,312,168,58,330,108,117
"COG0590",175,127,149,128,85,61,41,33,47,50
"COG0591",450,661,478,816,628,676,586,906,673,624
"COG0592",521,568,466,378,184,452,455,509,523,450
"COG0593",661,634,631,617,318,590,655,423,594,639
"COG0594",21,36,18,60,52,25,14,23,21,17
"COG0595",381,170,440,269,186,242,387,277,462,377
"COG0596",1829,1991,2035,2191,1587,1656,1920,1622,1965,1780
"COG0597",126,103,126,153,87,120,130,99,129,138
"COG0598",5,13,8,2,137,7,6,21,10,11
"COG0599",25,63,41,59,35,35,23,37,39,32
"COG0600",210,232,267,280,238,186,258,395,212,267
"COG0601",481,514,519,287,281,403,424,634,454,376
"COG0602",122,170,115,89,232,122,111,235,162,131
"COG0603",88,103,131,86,173,99,123,220,159,115
"COG0604",925,843,695,850,795,746,818,961,790,750
"COG0605",126,137,67,82,130,143,54,185,56,60
"COG0606",22,132,35,168,226,73,8,41,22,36
"COG0607",329,491,331,343,399,369,245,246,353,318
"COG0608",243,431,259,485,239,241,184,378,220,247
"COG0609",168,54,72,203,191,187,97,73,82,84
"COG0610",73,67,76,46,356,104,52,160,57,197
"COG0611",260,295,225,259,103,215,220,299,258,241
"COG0612",508,662,553,813,721,649,351,426,507,473
"COG0613",79,57,98,74,46,10,24,59,40,32
"COG0614",136,88,109,252,165,177,120,141,94,113
"COG0615",51,32,42,72,55,71,55,133,45,46
"COG0616",376,317,370,335,261,364,309,228,352,352
"COG0617",635,684,631,674,362,545,661,379,695,619
"COG0618",32,48,23,37,7,192,114,53,133,106
"COG0619",66,41,78,0,16,33,85,11,82,58
"COG0620",50,43,41,41,37,132,180,311,142,129
"COG0621",840,875,839,729,470,849,771,792,848,842
"COG0622",18,35,13,34,5,22,15,25,24,17
"COG0623",372,293,318,209,131,89,100,54,92,100
"COG0624",806,902,718,768,623,715,798,1088,740,855
"COG0625",639,662,707,444,771,537,507,324,683,544
"COG0626",602,703,609,582,525,601,568,473,648,558
"COG0627",55,74,52,69,128,46,21,32,54,53
"COG0628",258,304,303,259,423,305,258,230,324,236
"COG0629",194,215,183,190,299,166,215,135,184,170
"COG0630",41,5,17,0,80,113,59,14,67,75
"COG0631",55,39,94,73,53,115,74,69,59,60
"COG0632",87,154,113,122,82,113,79,60,104,63
"COG0633",163,98,309,62,84,168,379,73,241,218
"COG0634",33,99,35,102,58,16,24,17,19,15
"COG0635",274,335,248,312,313,317,125,133,235,215
"COG0636",46,19,68,68,4,41,27,14,34,33
"COG0637",198,203,254,143,184,183,199,101,198,210
"COG0638",20,5,130,5,1,112,95,573,98,60
"COG0639",122,207,172,215,189,231,105,108,125,98
"COG0640",44,67,45,20,379,58,44,210,60,56
"COG0641",17,29,27,3,11,17,6,14,11,18
"COG0642",1594,2007,1900,2139,5469,2080,1378,2005,1557,2538
"COG0643",38,21,35,35,238,159,19,97,30,78
"COG0644",622,382,765,420,276,642,744,1293,887,708
"COG0645",2,4,2,1,23,4,2,6,1,2
"COG0646",261,201,608,118,205,214,320,329,564,373
"COG0647",200,156,170,128,81,201,215,148,157,188
"COG0648",53,35,31,2,0,54,56,217,90,65
"COG0649",384,189,414,264,129,266,481,504,399,424
"COG0650",0,0,0,0,0,0,0,0,0,0
"COG0651",161,142,133,125,249,112,66,471,142,85
"COG0652",446,462,654,470,195,177,151,181,217,165
"COG0653",1051,994,1028,1056,436,947,966,601,945,969
"COG0654",752,814,718,882,578,801,601,389,677,715
"COG0655",44,44,22,60,163,28,15,40,30,24
"COG0656",72,73,86,49,161,50,56,109,71,75
"COG0657",416,488,309,131,433,378,328,240,312,355
"COG0658",18,124,42,187,255,55,14,37,30,44
"COG0659",350,705,476,1121,600,311,221,242,438,301
"COG0661",756,616,1115,596,492,763,805,481,938,795
"COG0662",294,211,301,259,473,275,499,227,214,345
"COG0663",120,145,111,166,140,124,125,73,127,128
"COG0664",152,217,307,128,498,286,199,179,248,160
"COG0665",2644,2365,2067,3318,632,1857,2423,2679,2086,2263
"COG0666",144,133,562,389,71,376,135,123,300,211
"COG0667",208,179,209,227,102,524,708,768,715,611
"COG0668",495,431,579,383,898,503,491,601,521,572
"COG0669",164,162,154,167,68,109,159,94,144,163
"COG0670",189,120,217,205,105,156,179,113,163,172
"COG0671",46,47,36,37,124,122,107,193,112,109
"COG0672",7,87,32,44,195,18,30,70,39,26
"COG0673",1817,1498,1332,1004,439,1455,1580,1377,1467,1576
"COG0674",118,129,154,7,118,64,103,167,83,67
"COG0675",3,28,13,1,33,4,6,14,20,2
"COG0676",1,4,15,20,14,24,7,7,5,10
"COG0677",193,152,151,286,168,253,193,326,203,207
"COG0678",159,111,125,189,126,82,150,71,89,172
"COG0679",224,151,220,129,148,143,141,119,159,206
"COG0680",0,0,2,0,11,5,1,2,0,4
"COG0681",338,365,309,313,177,308,304,309,322,294
"COG0682",329,287,268,288,141,259,262,181,263,287
"COG0683",560,395,547,488,513,513,610,635,578,589
"COG0684",84,74,71,48,59,101,87,75,98,82
"COG0685",228,226,248,260,128,181,248,234,252,216
"COG0686",280,299,198,287,151,200,251,217,178,226
"COG0687",353,269,249,364,162,218,304,350,271,293
"COG0688",165,208,117,194,127,182,144,159,153,176
"COG0689",141,111,102,86,106,160,161,246,140,120
"COG0690",42,41,45,36,30,22,22,6,33,30
"COG0691",168,182,165,143,77,128,126,90,123,149
"COG0692",103,179,52,127,83,101,53,32,65,57
"COG0693",27,122,37,68,182,52,24,44,25,50
"COG0694",77,72,57,73,44,212,326,162,193,203
"COG0695",114,101,114,134,208,71,154,92,123,132
"COG0696",249,346,231,378,68,264,133,102,198,155
"COG0697",2568,1816,2266,2473,901,2085,2432,1609,2042,2327
"COG0698",107,88,79,71,89,72,100,86,81,99
"COG0699",13,25,50,4,15,50,16,11,13,16
"COG0700",5,20,7,23,20,10,6,19,13,6
"COG0701",9,1,10,14,16,44,31,38,27,28
"COG0702",145,139,246,152,120,497,460,367,601,498
"COG0703",65,87,67,62,27,173,188,106,223,181
"COG0704",23,74,102,4,118,62,97,455,132,213
"COG0705",208,365,203,264,94,289,201,265,229,209
"COG0706",595,529,526,575,272,538,559,394,499,569
"COG0707",375,383,355,345,168,346,332,226,341,337
"COG0708",329,326,350,313,217,324,300,182,321,310
"COG0709",160,101,238,142,65,135,165,110,195,145
"COG0710",15,6,25,0,1,30,33,145,47,28
"COG0711",268,245,379,313,90,265,271,184,281,275
"COG0712",220,195,231,252,66,165,184,130,185,219
"COG0713",74,46,102,83,35,73,97,135,85,83
"COG0714",945,818,603,561,2124,713,1586,679,593,918
"COG0715",31,26,46,14,101,120,133,283,178,126
"COG0716",65,31,110,75,38,95,28,34,80,55
"COG0717",194,147,187,145,189,172,189,125,200,228
"COG0718",54,26,80,81,29,42,80,62,70,89
"COG0719",838,718,930,641,358,806,945,858,898,906
"COG0720",94,144,125,128,19,104,93,89,156,109
"COG0721",90,78,80,73,43,59,80,49,70,83
"COG0722",156,150,160,191,55,109,111,98,203,146
"COG0723",239,122,192,149,92,163,216,252,203,204
"COG0724",89,43,214,28,3,190,88,22,165,126
"COG0725",28,52,27,40,46,32,36,36,26,18
"COG0726",339,351,332,504,169,349,333,533,314,314
"COG0727",14,32,31,71,5,18,12,23,28,22
"COG0728",497,354,503,371,215,343,473,310,422,480
"COG0729",11,10,8,0,280,24,15,53,13,21
"COG0730",604,494,492,493,288,451,484,367,463,598
"COG0731",11,8,45,1,0,34,42,158,69,24
"COG0732",31,28,24,27,151,78,26,60,25,67
"COG0733",235,159,209,163,264,251,184,166,295,195
"COG0735",353,313,398,254,121,307,326,146,317,346
"COG0736",92,77,61,100,26,74,81,99,63,76
"COG0737",150,320,104,237,254,211,112,131,171,102
"COG0738",53,169,34,241,123,116,14,42,39,71
"COG0739",950,1081,665,1081,923,1016,848,628,660,804
"COG0740",126,130,159,72,175,321,368,217,416,346
"COG0741",529,636,424,658,761,635,453,396,442,542
"COG0742",202,199,207,209,66,185,189,136,184,183
"COG0743",305,255,408,299,142,302,290,236,320,257
"COG0744",248,181,248,99,540,201,279,194,246,195
"COG0745",267,307,314,279,309,881,776,591,844,1070
"COG0746",25,30,21,69,11,66,97,72,84,92
"COG0747",711,708,668,399,470,640,635,595,656,609
"COG0748",70,6,48,54,12,24,5,7,8,6
"COG0749",1245,1398,1144,938,12804,368,513,247,348,396
"COG0750",420,374,435,335,186,423,454,758,511,471
"COG0751",321,265,524,422,283,322,388,262,430,394
"COG0752",66,38,73,63,35,150,181,115,163,170
"COG0753",10,0,25,0,268,11,4,37,9,35
"COG0754",3,0,5,0,7,11,3,11,1,12
"COG0755",347,374,384,422,134,450,289,210,399,331
"COG0756",151,162,107,139,238,135,175,94,111,145
"COG0757",155,114,127,148,72,145,154,121,141,164
"COG0758",21,109,36,117,144,50,13,46,26,38
"COG0759",68,53,76,85,28,59,67,32,67,70
"COG0760",610,1000,432,828,545,688,397,401,506,475
"COG0761",121,80,121,94,59,298,378,200,372,364
"COG0762",88,71,116,80,31,81,80,48,88,89
"COG0763",374,388,331,344,85,304,320,177,334,304
"COG0764",327,293,298,360,245,297,242,245,311,305
"COG0765",405,357,422,322,107,320,562,369,411,465
"COG0766",428,357,463,366,202,378,439,271,496,490
"COG0767",115,119,123,70,132,137,75,49,119,93
"COG0768",1247,1227,1150,1200,500,1065,1144,754,1163,1193
"COG0769",572,507,539,598,213,536,540,349,501,517
"COG0770",362,487,288,304,203,322,252,173,305,252
"COG0771",414,442,422,447,190,347,391,209,391,384
"COG0772",840,774,800,830,355,723,759,529,712,792
"COG0773",617,679,517,689,306,567,508,364,536,547
"COG0774",336,341,272,339,77,325,254,199,304,310
"COG0775",91,153,75,57,199,109,103,92,74,102
"COG0776",243,235,198,278,125,149,173,169,170,214
"COG0777",96,71,97,105,31,291,251,206,282,291
"COG0778",356,426,270,410,348,457,358,430,328,306
"COG0779",101,104,105,49,91,80,61,43,94,80
"COG0780",96,77,91,45,120,77,82,47,66,75
"COG0781",146,229,159,165,62,151,143,92,154,118
"COG0782",158,190,127,173,132,154,138,109,131,161
"COG0783",8,17,16,23,111,6,4,12,7,13
"COG0784",256,334,390,383,2766,637,116,645,278,659
"COG0785",166,92,197,78,35,106,194,97,179,171
"COG0786",39,12,126,0,2,26,60,6,105,37
"COG0787",276,332,217,201,128,239,195,142,246,230
"COG0788",68,37,120,106,120,62,83,144,158,81
"COG0789",209,267,145,151,476,200,197,178,131,243
"COG0790",94,148,199,235,391,178,93,168,139,136
"COG0791",161,148,200,165,361,188,184,74,159,177
"COG0792",9,23,1,15,36,5,4,10,10,7
"COG0793",682,905,678,810,495,823,558,468,764,628
"COG0794",262,293,266,386,97,265,238,174,253,257
"COG0795",555,675,531,683,311,541,415,344,533,499
"COG0796",85,121,119,57,96,102,67,168,107,68
"COG0797",30,33,56,31,157,19,14,9,17,17
"COG0798",8,32,16,0,170,20,11,31,17,33
"COG0799",129,145,136,102,42,134,117,81,126,140
"COG0800",81,117,108,100,63,79,45,33,86,60
"COG0801",167,241,156,267,61,145,163,111,162,164
"COG0802",158,163,152,143,78,141,169,87,137,148
"COG0803",163,88,233,136,22,156,151,32,218,156
"COG0804",82,49,210,7,50,59,91,223,211,140
"COG0805",294,268,386,259,132,292,260,272,292,288
"COG0806",110,165,116,132,70,112,115,57,119,101
"COG0807",452,318,437,242,211,448,372,209,427,410
"COG0809",246,326,261,251,155,278,236,162,280,223
"COG0810",142,119,112,161,75,110,49,94,118,77
"COG0811",505,456,313,490,342,419,263,262,321,370
"COG0812",358,308,279,287,143,328,256,211,290,314
"COG0813",27,35,5,2,27,25,72,3,11,14
"COG0814",4,5,28,7,1,35,10,2,16,8
"COG0815",494,408,503,443,299,415,458,296,482,455
"COG0816",177,157,142,178,55,124,134,96,152,137
"COG0817",73,121,71,112,67,99,68,52,78,60
"COG0818",35,32,53,65,18,22,27,24,52,34
"COG0819",42,6,37,25,12,29,23,7,30,16
"COG0820",250,342,297,288,165,260,180,171,310,244
"COG0821",395,265,409,265,169,119,116,95,123,115
"COG0822",132,120,96,118,130,95,136,134,89,108
"COG0823",459,420,369,418,399,455,557,591,482,463
"COG0824",326,377,291,507,197,294,269,247,311,287
"COG0825",317,314,309,409,126,331,271,246,296,328
"COG0826",9,21,60,0,46,66,8,110,33,35
"COG0827",11,36,10,10,137,9,19,34,12,13
"COG0828",63,71,49,64,22,41,40,35,50,39
"COG0829",44,23,155,3,29,40,48,91,117,86
"COG0830",30,18,100,1,18,27,43,73,93,67
"COG0831",13,12,56,1,10,12,20,43,34,30
"COG0832",17,14,48,1,11,7,15,46,31,31
"COG0833",0,0,0,0,0,0,0,2,0,0
"COG0834",559,341,511,478,298,436,571,511,494,479
"COG0835",11,14,24,22,83,34,5,50,16,32
"COG0836",205,157,239,195,194,170,180,165,220,220
"COG0837",97,97,144,107,86,94,83,48,125,90
"COG0838",115,74,110,132,55,78,170,121,118,135
"COG0839",126,95,176,139,50,117,192,181,181,180
"COG0840",97,87,221,56,1591,289,73,537,203,361
"COG0841",1488,1838,1284,1845,2555,1541,992,1130,1121,1456
"COG0842",308,270,400,356,381,331,406,540,362,368
"COG0843",812,644,815,1179,505,799,764,717,763,798
"COG0845",769,900,857,761,1706,840,525,565,707,806
"COG0846",83,55,75,64,93,128,76,199,86,70
"COG0847",345,435,333,600,237,342,294,235,343,316
"COG0848",156,138,119,144,120,126,106,112,76,149
"COG0849",281,332,202,369,166,282,204,208,213,232
"COG0850",32,5,66,0,11,27,34,9,59,38
"COG0851",20,2,44,0,6,7,14,3,28,26
"COG0852",136,137,168,131,83,159,206,185,168,186
"COG0853",36,61,24,18,13,50,15,11,21,16
"COG0854",228,222,199,216,87,198,148,109,179,221
"COG0855",183,156,276,60,336,202,144,50,347,413
"COG0856",9,1,9,0,0,22,19,23,20,15
"COG0857",48,14,133,94,28,48,46,32,125,73
"COG0858",96,119,114,134,38,96,83,76,146,112
"COG0859",384,341,424,463,126,460,476,537,419,496
"COG0860",199,316,192,243,191,261,205,133,214,155
"COG0861",167,104,223,140,94,167,186,102,167,164
"COG0863",511,270,322,211,1131,317,1692,487,283,545
"COG0864",0,1,6,0,7,3,0,46,10,1
"COG1001",46,90,41,104,32,33,25,366,49,29
"COG1002",45,15,38,41,375,124,97,120,99,75
"COG1003",749,598,757,786,499,230,266,172,257,308
"COG1004",549,384,472,309,833,399,784,466,359,584
"COG1005",349,171,375,259,132,271,450,545,381,411
"COG1006",17,9,5,18,26,6,1,16,12,7
"COG1007",480,279,501,391,206,393,643,597,477,464
"COG1008",535,283,678,382,236,501,675,467,675,590
"COG1009",639,377,718,462,514,500,782,764,716,658
"COG1010",119,46,172,24,35,76,72,145,172,90
"COG1011",384,422,372,456,254,420,400,363,354,415
"COG1012",2912,2933,2208,3693,1990,2574,2582,2699,2303,2603
"COG1013",88,68,89,4,72,102,177,306,145,102
"COG1014",197,238,228,29,295,286,368,538,284,233
"COG1015",27,20,9,18,10,39,45,29,21,38
"COG1017",8,2,4,0,40,3,1,12,2,2
"COG1018",104,315,123,333,267,32,12,91,38,35
"COG1019",8,2,19,1,0,12,8,128,27,17
"COG1020",47,60,116,53,67,166,38,76,56,48
"COG1021",4,2,2,2,28,0,0,2,0,0
"COG1022",674,453,604,510,327,662,749,485,627,641
"COG1023",7,12,3,6,38,10,6,3,1,5
"COG1024",1757,2007,1461,1868,1616,1773,1777,1590,1762,1587
"COG1025",38,51,37,11,95,63,55,78,54,60
"COG1026",126,155,76,232,30,134,47,38,73,59
"COG1027",0,36,27,38,14,13,6,262,26,7
"COG1028",3971,3755,3904,3392,3546,3928,3932,3430,3971,3828
"COG1029",6,1,10,18,5,10,9,4,9,12
"COG1030",32,22,24,0,48,71,76,87,63,24
"COG1031",22,1,16,0,0,44,33,19,49,46
"COG1032",170,271,534,353,363,271,429,1562,436,364
"COG1033",819,923,670,1023,227,1058,969,802,971,1037
"COG1034",125,93,119,153,66,301,465,319,289,428
"COG1035",31,13,21,4,21,30,62,95,34,25
"COG1036",2,3,1,13,3,5,8,3,3,4
"COG1038",155,147,96,178,178,108,70,47,67,92
"COG1039",6,3,8,0,0,3,2,3,7,6
"COG1040",7,71,4,61,84,16,7,21,5,17
"COG1041",16,8,35,0,0,50,40,12,47,35
"COG1042",120,176,173,255,95,128,112,730,195,114
"COG1043",234,205,230,195,65,221,183,147,209,208
"COG1044",324,282,325,377,82,302,256,167,266,281
"COG1045",188,118,206,163,83,148,136,102,169,182
"COG1047",26,67,54,144,107,68,57,221,64,44
"COG1048",171,127,161,141,177,492,767,939,601,724
"COG1049",415,306,442,538,122,395,259,157,512,368
"COG1051",82,107,59,80,69,95,125,83,93,80
"COG1052",424,217,343,577,208,349,288,339,275,368
"COG1053",1118,854,875,897,324,1117,1092,1115,968,1120
"COG1054",366,348,365,246,127,340,350,152,320,312
"COG1055",122,194,122,182,111,218,158,350,201,183
"COG1056",1,2,5,0,0,11,11,83,37,19
"COG1057",52,62,63,73,22,173,193,99,164,187
"COG1058",251,241,259,197,94,221,268,187,271,252
"COG1059",2,1,1,0,0,1,2,0,1,0
"COG1060",184,174,212,29,20,225,292,747,233,213
"COG1061",529,612,322,396,1497,484,1346,215,225,568
"COG1062",142,161,118,116,380,145,239,204,146,141
"COG1063",279,269,222,163,262,289,309,399,251,264
"COG1064",159,143,119,244,102,153,85,417,112,75
"COG1066",213,323,208,251,327,208,171,95,228,188
"COG1067",19,6,39,0,59,74,61,68,92,65
"COG1069",13,7,17,8,28,6,6,8,2,4
"COG1070",334,256,224,97,188,241,139,93,215,198
"COG1071",512,680,408,466,305,701,525,278,606,503
"COG1072",17,28,14,10,53,29,13,3,16,27
"COG1073",344,214,304,431,273,394,301,251,275,360
"COG1074",357,620,543,549,540,543,230,189,579,413
"COG1075",63,24,88,12,53,87,100,48,92,58
"COG1076",72,106,68,142,73,86,88,100,75,99
"COG1077",416,368,366,335,159,375,423,254,390,382
"COG1078",118,112,179,83,21,121,117,255,203,103
"COG1079",233,179,101,158,78,145,254,227,140,160
"COG1080",82,61,46,31,79,55,89,31,43,76
"COG1082",283,302,199,122,96,243,214,177,197,260
"COG1083",125,102,151,219,183,128,183,176,114,158
"COG1084",15,2,30,0,0,14,17,3,17,14
"COG1085",34,42,37,30,12,23,31,234,33,42
"COG1086",247,230,260,438,393,256,326,375,235,252
"COG1087",164,179,165,183,185,219,116,118,159,175
"COG1088",294,287,271,285,368,264,467,380,236,312
"COG1089",356,219,313,403,564,242,577,305,214,410
"COG1090",153,176,155,145,59,200,150,63,206,177
"COG1091",190,237,160,225,173,175,165,249,131,152
"COG1092",62,127,45,139,196,70,20,46,41,48
"COG1093",7,7,26,0,0,29,34,183,45,24
"COG1094",11,3,29,0,0,22,31,78,37,25
"COG1095",13,3,28,0,0,13,6,46,15,6
"COG1096",4,2,12,1,0,14,18,65,18,8
"COG1097",6,1,25,2,0,23,24,218,20,16
"COG1098",0,0,1,0,0,0,1,0,0,1
"COG1099",4,4,4,0,2,8,1,1,5,1
"COG1100",64,9,174,9,0,187,154,95,404,200
"COG1101",0,2,2,0,3,0,2,0,1,0
"COG1102",4,3,13,0,0,13,15,93,13,10
"COG1104",133,116,133,57,78,390,304,343,445,291
"COG1105",0,0,0,0,19,0,0,4,1,1
"COG1106",0,0,0,0,2,1,1,4,1,1
"COG1107",0,0,0,0,0,0,0,1,0,0
"COG1108",317,225,387,353,49,233,263,138,295,303
"COG1109",1024,888,931,962,470,1001,1057,1066,976,918
"COG1111",22,7,51,2,0,92,49,250,106,52
"COG1112",112,71,253,180,219,351,315,109,241,220
"COG1113",0,0,0,0,5,0,0,2,0,0
"COG1114",0,15,0,66,4,0,0,2,3,0
"COG1115",318,411,244,385,254,335,197,211,256,247
"COG1116",23,25,43,26,48,80,121,232,115,97
"COG1117",56,80,116,6,125,63,80,27,90,291
"COG1118",1,3,2,0,24,3,15,12,7,4
"COG1119",11,13,30,10,2,50,38,70,67,41
"COG1120",49,46,43,72,131,64,53,46,46,50
"COG1121",253,127,370,204,48,195,220,139,349,276
"COG1122",110,65,157,21,21,75,116,39,163,92
"COG1123",544,458,477,290,232,415,375,254,436,393
"COG1124",0,8,0,1,9,1,0,0,1,0
"COG1125",4,9,1,0,47,3,2,4,6,3
"COG1126",259,197,212,166,91,159,270,202,228,208
"COG1127",95,118,134,95,140,145,67,36,119,103
"COG1129",288,235,206,398,210,210,254,234,220,219
"COG1131",754,651,758,634,450,881,812,917,834,792
"COG1132",1705,1762,1938,1943,668,1736,1583,1135,1809,1643
"COG1133",169,91,113,227,6,94,116,127,96,141
"COG1134",27,38,49,20,65,67,52,81,48,36
"COG1135",2,3,3,1,34,3,6,125,7,5
"COG1136",528,513,448,328,238,512,466,447,543,479
"COG1137",84,92,89,84,35,234,211,159,247,214
"COG1138",574,470,478,423,266,490,639,427,531,538
"COG1139",2,13,8,0,33,4,1,38,3,2
"COG1140",1,18,7,0,14,2,4,18,6,2
"COG1141",39,4,48,2,0,25,25,2,28,23
"COG1142",57,6,125,1,16,28,64,16,102,51
"COG1143",223,91,156,134,71,144,225,264,141,179
"COG1144",0,4,0,0,0,0,0,2,0,0
"COG1145",50,55,83,58,68,53,36,50,57,49
"COG1146",146,139,146,188,73,112,123,314,151,169
"COG1148",0,0,2,0,0,2,0,51,2,3
"COG1150",0,0,4,0,0,0,1,4,2,1
"COG1151",0,0,0,0,0,6,0,0,0,0
"COG1153",1,0,0,0,0,2,1,2,0,1
"COG1154",611,508,563,584,291,499,485,370,585,504
"COG1155",11,0,15,1,0,87,59,444,110,46
"COG1156",26,7,45,1,0,49,63,257,83,42
"COG1157",47,64,33,71,167,70,35,54,33,45
"COG1158",515,422,335,473,207,409,400,288,347,431
"COG1159",188,269,186,219,123,207,130,115,201,169
"COG1160",346,409,325,311,239,336,277,183,309,304
"COG1161",51,23,129,61,11,89,63,15,96,82
"COG1162",135,210,138,216,51,153,93,63,173,141
"COG1163",12,5,33,2,0,41,42,186,83,30
"COG1164",147,157,148,16,49,195,164,332,176,120
"COG1165",95,144,210,131,22,179,123,89,211,106
"COG1166",95,45,262,2,62,22,39,18,109,54
"COG1167",142,205,97,199,230,140,59,133,107,94
"COG1168",69,67,55,56,31,78,55,69,53,67
"COG1169",96,83,156,84,16,105,112,67,164,102
"COG1171",579,609,547,596,314,546,396,541,539,471
"COG1172",323,253,239,400,161,56,103,58,73,110
"COG1173",452,506,426,258,236,407,413,628,412,412
"COG1174",1,11,1,1,100,6,2,5,2,5
"COG1175",613,598,394,547,242,455,556,400,437,528
"COG1176",302,214,231,402,132,177,290,334,213,266
"COG1177",235,198,212,231,127,187,218,275,186,215
"COG1178",746,505,665,604,225,621,696,424,689,699
"COG1179",9,17,17,49,14,8,1,4,1,5
"COG1180",1,5,5,3,23,11,5,161,4,3
"COG1181",359,354,283,399,160,294,303,276,289,297
"COG1182",59,25,44,91,67,38,48,21,27,59
"COG1183",207,255,192,233,77,195,204,178,162,176
"COG1184",0,2,10,0,6,12,4,3,5,4
"COG1185",765,659,686,786,323,686,695,474,632,717
"COG1186",395,392,389,373,202,328,337,269,377,365
"COG1187",243,387,261,380,243,255,149,127,238,217
"COG1188",21,57,13,69,29,20,8,9,18,9
"COG1189",59,18,106,0,48,74,88,41,97,58
"COG1190",348,410,329,266,112,337,325,214,343,327
"COG1191",40,54,31,43,66,65,21,28,24,20
"COG1192",375,295,359,335,484,385,362,328,375,393
"COG1193",149,164,271,164,24,153,143,28,260,164
"COG1194",375,365,328,395,154,383,314,219,325,317
"COG1195",275,343,247,224,173,259,219,142,307,260
"COG1196",879,552,964,482,395,843,1015,954,1063,895
"COG1197",709,943,748,788,516,760,578,438,704,568
"COG1198",740,693,746,769,307,668,640,471,694,679
"COG1199",168,195,300,238,462,287,341,240,331,226
"COG1200",642,580,676,670,282,632,659,439,561,638
"COG1201",331,134,334,20,300,431,283,746,516,315
"COG1202",0,0,0,0,0,0,0,0,0,0
"COG1203",2,1,8,4,19,8,1,12,3,35
"COG1204",41,10,142,8,55,210,130,506,172,93
"COG1205",17,19,30,10,46,64,21,41,11,15
"COG1206",85,45,163,13,110,84,35,28,143,67
"COG1207",328,244,297,204,174,236,239,180,327,289
"COG1208",443,317,521,545,292,393,632,628,557,511
"COG1209",220,305,182,291,123,200,226,305,170,207
"COG1210",144,127,99,147,120,133,112,178,77,141
"COG1211",263,216,255,198,126,244,266,170,262,228
"COG1212",284,270,235,340,120,248,223,170,212,254
"COG1213",58,44,72,61,44,39,71,235,57,61
"COG1214",124,152,128,96,62,118,118,110,140,127
"COG1215",142,245,204,173,360,198,138,356,228,214
"COG1216",215,401,268,325,273,361,322,407,293,281
"COG1217",460,555,528,730,255,376,291,332,519,479
"COG1218",250,208,245,200,100,183,257,181,252,252
"COG1219",474,445,463,510,227,394,426,267,415,493
"COG1220",246,142,234,272,202,215,233,212,194,244
"COG1221",9,18,14,0,95,5,1,11,5,9
"COG1222",13,5,62,8,0,84,44,14,63,47
"COG1223",1,0,4,0,0,14,0,0,0,2
"COG1224",0,0,21,1,0,6,2,0,1,3
"COG1225",270,202,319,182,119,245,294,396,376,281
"COG1226",351,406,426,267,707,552,335,264,375,366
"COG1227",16,32,8,6,4,19,8,0,6,12
"COG1228",567,911,390,1164,1090,690,491,630,548,563
"COG1229",14,2,13,29,6,19,10,8,13,20
"COG1230",30,30,38,34,556,58,26,107,39,87
"COG1231",35,73,64,44,16,84,65,91,46,42
"COG1232",114,47,59,54,36,200,185,107,114,79
"COG1233",836,746,967,1151,234,820,785,320,997,782
"COG1234",295,266,226,173,109,286,225,266,250,226
"COG1235",223,226,185,311,117,266,199,129,207,205
"COG1236",54,22,43,4,75,203,98,334,180,156
"COG1237",14,13,5,16,0,14,8,5,10,8
"COG1238",130,103,149,166,109,109,155,96,133,156
"COG1239",188,159,366,179,34,186,139,58,292,173
"COG1240",52,39,35,32,23,58,55,7,18,30
"COG1241",68,10,176,8,2,181,116,435,150,108
"COG1242",5,6,4,3,0,7,1,24,3,6
"COG1243",18,72,41,15,0,19,15,281,38,18
"COG1244",10,0,25,0,1,37,34,16,57,24
"COG1245",24,15,67,7,0,52,64,320,120,52
"COG1246",9,39,34,68,55,14,6,30,19,27
"COG1247",9,37,15,3,24,13,36,27,19,23
"COG1249",851,894,847,835,1027,866,693,729,817,811
"COG1250",862,1077,757,1173,628,935,904,964,864,904
"COG1251",10,2,30,1,157,24,4,49,11,28
"COG1252",217,90,408,68,182,245,212,124,402,240
"COG1253",385,477,408,277,237,367,406,389,468,350
"COG1254",8,3,21,1,14,10,7,67,16,9
"COG1255",0,0,0,0,0,0,0,0,0,0
"COG1256",82,67,57,93,192,90,36,58,40,49
"COG1257",80,165,75,150,2,139,97,178,120,110
"COG1258",16,7,34,0,0,69,45,243,82,35
"COG1259",50,84,39,41,4,68,62,39,45,53
"COG1260",41,65,42,1,17,52,120,282,56,60
"COG1261",5,16,11,12,33,13,5,18,2,11
"COG1262",279,416,229,439,276,447,165,442,265,258
"COG1263",0,0,0,0,7,1,0,0,1,0
"COG1264",0,0,0,0,4,0,0,0,0,0
"COG1266",106,99,217,107,25,108,89,45,228,156
"COG1267",97,68,68,79,22,64,98,53,64,86
"COG1268",122,45,137,67,8,95,122,67,128,106
"COG1269",31,10,85,10,0,81,83,473,94,51
"COG1270",78,32,121,52,83,62,31,197,102,52
"COG1271",9,7,15,0,240,22,7,39,10,28
"COG1272",30,111,33,77,26,14,10,16,8,11
"COG1273",0,0,0,0,41,0,0,1,0,1
"COG1274",7,22,19,1,19,8,63,46,24,17
"COG1275",0,0,0,0,1,0,0,2,1,0
"COG1276",4,2,2,0,3,9,3,8,2,5
"COG1277",56,62,45,46,39,81,63,58,71,43
"COG1278",102,134,109,157,161,101,115,168,102,121
"COG1279",92,58,91,97,12,59,98,54,77,79
"COG1280",318,369,264,361,203,267,343,296,310,307
"COG1281",85,60,113,63,124,87,43,20,113,54
"COG1282",482,295,445,265,159,381,430,332,433,452
"COG1283",79,146,59,92,73,93,137,101,90,51
"COG1284",2,7,3,0,10,5,6,25,1,6
"COG1285",1,2,3,0,50,2,5,11,0,3
"COG1286",32,106,17,99,44,37,2,13,16,26
"COG1287",74,9,154,6,0,258,221,336,265,116
"COG1288",1,25,4,0,16,3,4,9,4,6
"COG1289",4,2,6,39,78,8,3,17,3,5
"COG1290",460,274,571,450,194,409,460,381,432,472
"COG1291",48,49,47,51,180,92,84,74,66,52
"COG1292",201,233,161,182,390,183,99,159,166,135
"COG1293",36,15,66,2,1,140,168,452,276,103
"COG1294",8,7,12,0,164,15,4,28,3,17
"COG1295",76,90,130,62,196,59,57,49,123,82
"COG1296",85,63,56,122,24,79,76,65,52,57
"COG1297",43,10,33,3,8,114,116,65,116,65
"COG1298",20,31,17,36,82,124,60,90,48,70
"COG1299",3,1,0,0,11,3,1,4,0,5
"COG1300",1,6,1,0,55,10,0,3,0,4
"COG1301",61,97,52,67,61,212,138,128,175,171
"COG1302",0,0,0,0,0,0,0,0,0,1
"COG1303",7,3,17,0,0,13,15,96,41,10
"COG1304",509,280,460,365,155,151,132,91,137,170
"COG1305",100,46,145,26,329,104,89,95,171,140
"COG1306",13,6,4,0,0,19,64,9,13,36
"COG1307",5,4,9,0,31,10,46,31,26,16
"COG1308",1,2,4,0,0,4,0,82,5,3
"COG1309",196,411,153,364,813,205,120,222,143,209
"COG1310",31,6,53,5,317,43,49,131,30,21
"COG1311",12,8,51,2,5,33,50,28,66,37
"COG1312",20,9,6,13,4,23,40,33,28,15
"COG1313",0,0,1,0,0,1,0,0,0,0
"COG1314",12,16,12,47,19,4,7,5,10,4
"COG1315",7,1,9,1,5,13,2,30,15,18
"COG1316",32,18,43,1,25,46,64,27,26,43
"COG1317",4,3,5,0,20,8,4,24,7,7
"COG1319",91,98,115,33,114,45,61,55,45,34
"COG1320",2,7,8,2,15,1,0,3,2,1
"COG1321",76,114,73,79,27,80,87,245,79,48
"COG1322",414,422,305,353,198,359,389,268,314,377
"COG1324",27,0,36,0,6,24,36,90,55,29
"COG1325",0,1,7,0,0,1,1,94,7,3
"COG1326",6,1,4,0,0,9,18,11,21,10
"COG1327",156,89,149,72,64,97,100,59,125,133
"COG1328",0,17,27,0,5,8,6,282,22,4
"COG1329",132,79,121,132,61,84,133,67,102,134
"COG1330",106,40,307,61,134,91,47,87,237,140
"COG1331",182,264,197,217,41,262,208,496,202,193
"COG1333",60,15,251,92,21,78,54,10,126,70
"COG1334",2,3,2,0,3,0,0,8,3,3
"COG1335",79,103,104,104,118,117,81,142,97,87
"COG1336",0,0,0,0,0,0,0,0,0,0
"COG1337",0,0,0,0,0,0,0,0,0,0
"COG1338",35,38,20,64,91,48,19,21,19,19
"COG1339",3,5,16,0,0,15,14,148,19,4
"COG1340",22,2,13,0,0,37,30,5,38,17
"COG1341",0,0,1,1,0,8,1,0,3,1
"COG1343",0,0,0,0,1,0,0,2,0,0
"COG1344",236,183,126,248,310,299,99,290,128,194
"COG1345",52,38,30,144,112,69,23,86,32,30
"COG1346",7,23,7,45,22,10,0,17,5,3
"COG1347",90,136,46,121,24,85,52,28,67,57
"COG1348",115,59,104,0,30,66,53,2,96,49
"COG1349",30,106,28,82,139,28,8,31,28,26
"COG1350",92,48,64,0,4,38,117,116,69,99
"COG1351",338,208,250,121,502,227,829,544,203,385
"COG1352",9,20,30,12,191,24,4,46,19,55
"COG1353",0,1,0,0,0,1,0,0,0,0
"COG1354",265,171,275,199,105,209,284,240,232,208
"COG1355",1,2,1,0,27,7,4,74,2,2
"COG1356",0,0,0,0,0,0,0,0,0,0
"COG1357",208,94,328,135,132,243,241,466,390,182
"COG1358",5,0,22,3,0,25,25,47,19,15
"COG1359",14,16,16,11,41,18,36,23,24,16
"COG1360",154,229,94,210,216,180,97,105,118,101
"COG1361",0,4,10,0,0,0,5,278,19,5
"COG1362",2,9,7,28,8,39,35,27,14,10
"COG1363",106,182,48,116,25,52,11,11,26,31
"COG1364",296,176,334,318,159,210,286,231,349,370
"COG1366",13,8,28,32,43,24,31,34,34,14
"COG1368",26,192,38,299,167,63,21,123,49,40
"COG1369",0,0,1,0,0,2,1,0,0,0
"COG1370",22,3,36,0,0,54,54,90,85,34
"COG1371",1,5,13,0,0,13,8,86,14,3
"COG1372",187,252,293,7,1836,178,336,93,222,194
"COG1373",5,11,3,1,32,12,1,5,1,12
"COG1374",0,0,6,0,0,2,0,0,0,1
"COG1376",57,34,37,21,234,59,34,25,30,35
"COG1377",48,48,32,78,132,64,29,38,33,32
"COG1378",6,4,7,0,0,49,23,137,38,22
"COG1379",0,0,0,0,0,3,1,0,0,0
"COG1380",3,2,1,0,1,1,0,8,0,0
"COG1381",172,156,198,142,94,150,140,126,178,162
"COG1382",0,0,1,0,0,0,0,1,0,0
"COG1383",1,0,3,0,0,10,2,2,3,4
"COG1384",300,147,280,272,150,246,306,352,287,350
"COG1385",290,271,281,213,117,248,217,156,279,261
"COG1386",182,123,214,122,109,195,193,247,195,170
"COG1387",39,15,22,0,13,56,25,28,63,50
"COG1388",35,36,45,7,41,38,16,58,65,18
"COG1389",31,13,54,2,0,93,75,229,109,65
"COG1390",4,1,14,0,0,8,16,64,21,15
"COG1391",22,37,15,31,142,83,26,93,61,62
"COG1392",47,49,35,67,19,27,20,90,46,18
"COG1393",47,132,66,95,105,61,50,53,80,54
"COG1394",13,3,23,0,0,28,34,184,51,22
"COG1395",0,0,0,0,0,0,0,0,0,0
"COG1396",244,192,157,145,391,44,56,75,53,67
"COG1397",11,16,7,24,14,8,14,17,7,7
"COG1398",119,80,149,40,107,120,163,49,170,140
"COG1399",15,26,19,36,24,21,26,40,19,21
"COG1400",0,0,2,0,0,2,2,0,2,2
"COG1401",14,11,27,35,53,26,16,42,35,41
"COG1402",65,39,142,6,55,77,72,146,113,70
"COG1403",207,110,183,96,213,53,82,49,52,46
"COG1404",640,557,710,431,314,1368,1216,1297,1532,999
"COG1405",42,151,79,8,14,111,103,656,152,95
"COG1406",3,0,5,0,3,4,0,2,0,7
"COG1407",71,33,72,6,62,50,16,129,56,39
"COG1408",54,141,34,177,40,75,34,22,42,48
"COG1409",195,155,200,189,264,240,107,286,193,201
"COG1410",286,300,611,176,384,315,296,318,602,332
"COG1411",5,0,3,6,3,3,2,2,2,6
"COG1412",4,0,8,0,0,7,1,0,6,4
"COG1413",103,46,214,5,10,121,97,36,212,109
"COG1414",58,195,50,169,243,55,67,101,49,53
"COG1415",0,3,1,5,1,3,7,4,3,4
"COG1416",2,2,1,6,12,2,1,0,1,2
"COG1418",21,157,23,169,11,58,20,21,46,35
"COG1419",14,10,10,79,74,26,9,32,17,20
"COG1420",71,87,73,23,138,72,65,73,84,43
"COG1422",1,0,16,0,0,28,13,137,34,14
"COG1426",16,16,28,10,30,31,28,49,22,14
"COG1427",9,12,18,1,0,31,21,8,25,19
"COG1428",108,274,67,227,18,174,65,56,75,75
"COG1429",130,74,272,91,47,391,209,68,743,364
"COG1430",106,58,69,17,164,53,148,87,47,76
"COG1431",0,0,2,0,2,2,0,0,0,0
"COG1432",19,34,19,45,101,5,8,20,5,6
"COG1433",0,0,0,0,0,1,0,1,0,0
"COG1434",63,53,64,27,48,70,45,43,48,51
"COG1435",130,205,77,101,58,119,137,80,92,109
"COG1436",4,0,10,0,0,6,8,15,10,7
"COG1437",0,0,0,0,0,1,0,0,1,0
"COG1438",15,11,9,1,2,11,21,18,9,18
"COG1439",6,0,24,0,0,17,8,110,21,10
"COG1441",0,2,23,0,1,6,3,4,2,0
"COG1442",20,28,10,3,7,4,30,11,5,30
"COG1443",30,93,28,56,3,51,26,80,34,33
"COG1444",6,2,25,43,38,30,8,7,9,18
"COG1445",0,1,0,0,3,1,0,7,0,4
"COG1446",105,140,68,123,97,185,64,90,100,93
"COG1448",51,70,36,48,102,71,20,26,55,31
"COG1449",106,19,14,0,18,90,74,9,40,72
"COG1450",177,159,98,125,144,153,88,129,115,117
"COG1451",70,73,29,45,93,62,26,44,39,49
"COG1452",320,342,304,562,318,305,250,211,294,324
"COG1453",88,11,190,0,1,58,77,9,153,85
"COG1454",354,254,361,394,183,277,322,481,332,372
"COG1455",0,0,0,0,8,0,0,0,0,0
"COG1456",0,0,0,0,0,0,0,6,0,0
"COG1457",4,4,8,8,4,2,1,36,5,10
"COG1459",199,148,182,239,163,184,168,176,178,157
"COG1460",0,0,1,0,0,0,0,4,1,1
"COG1461",1,9,12,0,0,3,27,19,9,4
"COG1462",14,26,15,9,87,29,41,34,21,79
"COG1463",67,28,100,16,169,58,40,26,99,52
"COG1464",1,1,1,0,14,1,0,1,0,0
"COG1465",7,5,30,0,0,31,25,192,44,19
"COG1466",272,321,332,383,96,249,257,191,299,277
"COG1467",22,11,36,103,0,42,39,284,58,34
"COG1468",0,0,0,0,0,0,0,4,0,2
"COG1469",32,45,26,49,141,38,15,18,22,30
"COG1470",0,0,0,0,4,2,4,2,3,2
"COG1471",13,3,41,1,0,19,25,127,45,17
"COG1472",659,1017,550,817,727,799,478,436,558,600
"COG1473",580,555,373,323,287,469,389,359,456,480
"COG1474",33,12,75,4,0,120,85,203,135,76
"COG1475",355,342,231,288,1026,317,353,225,280,328
"COG1476",16,90,10,29,25,14,12,12,19,13
"COG1477",141,223,93,154,99,182,90,91,124,97
"COG1478",62,65,57,19,10,37,43,319,39,53
"COG1479",31,33,30,17,201,57,46,47,24,44
"COG1480",178,163,202,137,10,151,154,63,175,167
"COG1481",0,0,0,0,11,0,0,1,0,1
"COG1482",17,13,12,65,53,26,32,24,16,21
"COG1483",2,0,7,0,65,3,6,14,4,1
"COG1484",17,40,29,18,206,30,18,72,34,67
"COG1485",233,210,190,233,159,188,174,82,158,156
"COG1486",84,33,54,1,0,65,111,38,46,67
"COG1487",0,0,1,0,14,4,0,4,2,1
"COG1488",56,51,49,16,82,69,42,23,51,39
"COG1489",126,79,177,122,35,84,127,86,162,118
"COG1490",82,110,46,98,21,76,57,40,51,55
"COG1491",8,8,15,0,0,20,18,99,27,11
"COG1492",97,53,158,95,128,89,56,138,147,65
"COG1493",15,16,5,12,31,10,6,4,11,8
"COG1494",162,62,244,86,84,167,224,139,193,209
"COG1495",66,103,63,89,65,45,74,51,50,58
"COG1496",180,90,189,203,91,146,209,111,174,166
"COG1497",0,0,0,0,0,0,0,0,0,0
"COG1498",14,9,44,1,0,61,31,201,72,30
"COG1499",15,2,21,1,0,38,24,11,55,30
"COG1500",8,4,22,0,0,22,22,152,35,18
"COG1501",22,31,45,118,34,78,19,33,22,27
"COG1502",49,78,68,7,288,116,52,83,62,76
"COG1503",14,10,44,0,0,45,42,227,51,23
"COG1505",183,193,113,257,252,193,78,92,114,130
"COG1506",702,746,523,663,1009,736,559,608,677,676
"COG1507",14,12,3,4,11,15,18,18,9,15
"COG1508",241,360,164,268,215,83,33,36,66,54
"COG1509",19,36,49,29,94,36,17,292,41,34
"COG1510",9,4,3,16,8,7,0,8,1,8
"COG1511",2,0,1,1,15,0,1,3,0,3
"COG1512",5,15,19,35,56,42,0,5,6,6
"COG1513",6,4,30,0,16,12,1,3,23,10
"COG1514",3,1,13,0,12,16,18,116,29,13
"COG1515",0,0,2,0,6,9,5,3,6,5
"COG1516",4,7,2,44,12,10,1,16,7,7
"COG1518",1,0,2,9,6,3,2,10,1,5
"COG1519",116,172,107,151,42,333,313,234,284,323
"COG1520",314,301,336,362,204,302,316,195,309,335
"COG1521",177,198,196,192,92,65,67,42,62,77
"COG1522",129,449,188,506,208,180,156,939,244,147
"COG1523",118,29,233,9,51,136,117,77,216,157
"COG1524",177,257,121,164,89,253,202,172,139,132
"COG1525",89,67,120,62,316,90,136,77,96,90
"COG1526",129,108,104,312,49,24,49,42,48,32
"COG1527",17,5,32,0,0,38,31,232,63,30
"COG1528",33,21,88,2,2,33,13,1,68,24
"COG1529",308,460,537,350,620,610,818,824,630,523
"COG1530",627,637,581,738,429,603,572,420,525,617
"COG1533",47,38,32,2,207,50,44,51,35,27
"COG1534",3,21,5,41,12,8,5,13,3,5
"COG1535",0,0,0,0,1,1,0,1,0,0
"COG1536",48,81,50,65,156,74,75,87,75,51
"COG1537",5,8,28,3,0,40,31,266,48,35
"COG1538",578,566,550,380,1298,199,192,112,212,203
"COG1539",144,140,139,147,27,121,91,79,107,116
"COG1540",115,75,115,165,37,101,135,134,127,134
"COG1541",87,87,61,42,72,99,46,89,51,49
"COG1543",57,4,134,0,0,36,23,2,128,44
"COG1544",60,49,74,43,81,45,29,18,54,40
"COG1545",28,19,56,5,35,50,58,70,53,48
"COG1546",232,213,222,144,86,55,70,50,81,73
"COG1547",15,3,37,0,0,15,32,9,37,20
"COG1548",9,4,3,16,3,8,10,6,8,10
"COG1549",20,0,20,0,0,43,51,18,79,35
"COG1550",0,0,0,0,0,0,0,4,0,0
"COG1551",4,4,11,25,13,11,5,8,2,11
"COG1552",0,3,3,0,0,8,0,1,4,2
"COG1553",4,3,5,7,8,9,1,6,1,7
"COG1554",19,91,2,11,20,14,2,4,4,20
"COG1555",11,38,11,4,19,19,4,6,9,6
"COG1556",1,15,2,2,19,8,0,12,3,3
"COG1558",15,22,19,25,40,27,15,9,11,12
"COG1559",179,313,97,199,135,198,154,114,123,142
"COG1560",371,428,259,395,112,294,269,253,256,260
"COG1561",119,223,71,175,86,130,51,66,79,87
"COG1562",303,241,300,302,118,375,324,87,355,304
"COG1563",1,0,4,0,0,0,0,0,4,2
"COG1564",47,22,25,10,14,58,69,35,36,40
"COG1565",301,149,294,197,96,196,298,157,252,237
"COG1566",17,26,30,3,190,27,14,18,22,32
"COG1568",0,0,0,0,3,0,0,0,0,0
"COG1569",0,0,0,0,0,1,0,3,0,0
"COG1570",225,245,218,223,185,224,172,146,214,163
"COG1571",18,6,29,0,0,25,38,251,66,32
"COG1572",4,2,6,0,2,33,24,12,34,19
"COG1573",262,134,270,162,232,206,304,257,275,280
"COG1574",137,401,119,596,208,161,166,339,183,153
"COG1575",131,162,149,75,13,156,148,240,180,144
"COG1576",83,126,104,92,44,107,48,33,106,65
"COG1577",14,8,26,14,0,45,35,172,63,26
"COG1578",0,0,1,0,0,0,4,0,1,0
"COG1579",28,50,17,17,6,36,47,39,22,24
"COG1580",5,5,9,28,18,1,2,19,4,7
"COG1581",1,1,5,0,0,4,4,110,3,1
"COG1582",1,0,0,0,0,0,0,0,0,0
"COG1583",0,0,0,0,0,0,0,1,0,0
"COG1584",0,0,0,0,0,3,2,0,1,1
"COG1585",0,9,1,6,33,1,4,7,5,1
"COG1586",148,38,144,80,149,91,163,63,106,154
"COG1587",165,110,200,155,78,125,153,274,170,170
"COG1588",0,0,1,0,0,0,0,3,0,0
"COG1589",72,92,102,105,94,20,19,16,41,22
"COG1590",0,0,2,1,0,17,5,0,3,2
"COG1591",0,0,0,0,0,0,0,0,0,0
"COG1592",23,36,34,102,6,26,44,39,18,44
"COG1593",501,545,444,690,530,417,447,295,442,520
"COG1594",17,75,28,8,0,31,25,75,27,15
"COG1595",246,532,159,468,634,287,181,172,177,214
"COG1596",176,272,162,180,199,221,113,115,171,166
"COG1597",69,114,84,69,124,129,141,148,127,200
"COG1598",0,0,0,1,1,2,0,2,0,0
"COG1599",21,7,59,3,0,65,69,341,73,54
"COG1600",199,182,190,157,148,83,56,59,80,76
"COG1601",5,0,26,0,0,25,20,81,28,18
"COG1602",1,2,6,0,0,0,13,256,29,4
"COG1603",0,0,2,0,0,1,0,0,0,0
"COG1604",0,0,0,0,0,0,0,0,0,0
"COG1605",95,115,73,102,89,90,66,59,75,90
"COG1606",42,11,104,0,1,12,24,13,42,22
"COG1607",41,98,42,90,89,82,53,50,60,72
"COG1608",9,5,20,0,0,32,23,71,47,16
"COG1609",196,377,143,349,546,180,91,162,103,213
"COG1610",179,154,104,170,43,152,126,93,101,134
"COG1611",142,261,215,209,202,185,144,231,193,152
"COG1612",360,243,288,286,167,300,328,238,313,319
"COG1613",0,3,0,0,2,0,0,1,0,0
"COG1615",86,70,125,0,44,112,173,556,111,100
"COG1617",0,0,0,0,0,0,0,0,0,0
"COG1618",8,1,16,0,0,20,21,3,36,15
"COG1619",63,85,125,79,48,112,66,18,119,80
"COG1620",8,9,9,0,12,29,12,27,4,7
"COG1621",27,5,13,0,6,6,4,4,6,4
"COG1622",490,434,397,698,270,376,396,310,426,437
"COG1623",34,15,10,0,0,9,41,4,2,27
"COG1624",83,65,116,69,7,89,70,46,111,77
"COG1625",61,4,150,0,1,46,78,62,154,82
"COG1626",3,7,16,2,7,13,7,34,13,8
"COG1628",0,0,1,0,1,0,1,99,0,1
"COG1629",2972,3580,2521,4305,6769,2545,2244,2036,2703,3519
"COG1630",0,1,4,0,0,0,1,118,9,2
"COG1631",4,2,12,0,0,11,9,67,14,6
"COG1632",9,3,11,0,0,32,21,91,36,20
"COG1633",8,6,3,1,11,2,1,0,2,2
"COG1634",7,4,19,0,0,19,18,167,41,11
"COG1635",0,1,9,1,0,1,4,139,10,2
"COG1636",37,54,23,40,5,32,17,10,27,24
"COG1637",0,1,1,0,2,7,22,16,3,3
"COG1638",413,259,311,337,382,310,334,247,279,347
"COG1639",15,8,20,2,97,55,13,49,21,25
"COG1640",144,44,177,0,23,131,114,41,145,138
"COG1641",29,13,127,0,1,20,20,48,38,23
"COG1643",125,215,305,275,460,349,89,90,159,165
"COG1644",6,9,6,1,0,11,12,60,17,9
"COG1645",0,0,0,0,0,0,0,0,0,0
"COG1646",21,27,46,0,1,53,40,174,60,35
"COG1647",1,6,12,1,10,8,7,10,6,6
"COG1648",6,97,20,68,132,9,10,137,10,26
"COG1649",30,28,30,72,16,57,70,37,44,30
"COG1650",13,3,18,0,0,38,29,159,51,17
"COG1651",208,183,158,209,351,166,175,316,186,187
"COG1652",39,84,21,55,166,58,25,26,20,27
"COG1653",760,730,495,704,319,470,658,458,459,688
"COG1654",14,59,19,59,21,16,22,151,31,18
"COG1655",0,0,0,0,0,1,0,0,0,0
"COG1656",0,0,2,0,0,0,0,0,0,0
"COG1657",7,8,14,1,14,33,12,14,12,15
"COG1658",0,0,0,0,0,2,1,20,3,2
"COG1659",0,0,0,0,0,0,0,1,0,0
"COG1660",60,53,27,49,111,51,61,37,23,48
"COG1661",22,6,83,0,0,36,49,16,86,38
"COG1662",0,1,0,0,1,1,0,0,0,0
"COG1663",229,263,207,370,80,252,222,186,199,208
"COG1664",44,64,41,45,56,47,34,40,27,29
"COG1665",0,0,2,6,2,0,1,1,0,1
"COG1666",97,54,94,115,12,52,101,54,81,79
"COG1668",57,114,29,116,71,126,47,28,42,57
"COG1669",0,0,1,0,1,1,0,0,0,1
"COG1670",104,215,79,139,288,35,43,55,42,30
"COG1671",30,18,14,35,70,21,8,7,13,16
"COG1672",0,0,0,3,13,4,2,0,0,0
"COG1673",0,0,0,0,0,0,0,0,0,0
"COG1674",221,193,162,238,121,598,566,422,437,557
"COG1675",0,1,8,0,0,8,6,103,3,4
"COG1676",0,1,7,0,0,21,9,210,34,15
"COG1677",11,14,7,18,29,20,2,15,13,4
"COG1678",79,128,72,76,58,113,72,87,70,73
"COG1679",62,48,42,23,27,87,93,126,118,56
"COG1680",950,1335,702,1254,1006,1078,701,614,824,885
"COG1681",0,0,0,0,0,0,0,0,1,0
"COG1682",25,26,38,20,46,63,49,72,31,30
"COG1683",2,3,13,2,51,39,16,7,16,7
"COG1684",30,37,25,51,78,40,20,27,19,17
"COG1685",5,5,22,0,0,16,13,178,29,15
"COG1686",366,292,236,260,221,238,222,179,224,291
"COG1687",1,10,0,2,2,0,0,0,0,0
"COG1688",0,0,0,0,0,0,0,1,0,0
"COG1690",15,8,50,3,45,62,36,145,73,41
"COG1691",37,9,75,0,1,7,14,45,16,9
"COG1692",140,54,126,91,27,121,119,72,94,132
"COG1694",272,312,231,170,303,228,468,92,257,274
"COG1695",4,44,13,36,81,12,5,77,15,7
"COG1696",63,103,54,90,83,81,44,124,47,51
"COG1697",15,7,37,0,0,54,43,212,79,39
"COG1698",2,1,10,0,0,4,5,42,13,4
"COG1699",4,0,5,0,4,6,3,6,2,1
"COG1700",0,1,0,1,4,0,0,0,1,0
"COG1701",1,2,6,0,0,43,27,95,37,19
"COG1702",514,579,428,383,704,388,883,220,326,545
"COG1703",158,270,122,335,76,253,226,331,170,153
"COG1704",10,10,4,9,36,50,17,10,28,28
"COG1705",36,115,35,61,52,61,17,19,25,34
"COG1706",33,47,22,60,116,65,33,38,18,40
"COG1707",0,0,0,0,0,0,0,2,0,0
"COG1708",0,0,0,0,135,4,1,6,2,0
"COG1709",0,0,3,0,0,0,2,1,4,3
"COG1711",0,2,7,0,0,1,0,86,4,1
"COG1712",8,6,17,2,9,8,4,80,11,8
"COG1713",0,0,4,0,0,0,1,1,6,0
"COG1714",37,52,16,71,96,25,18,33,17,16
"COG1715",6,1,1,1,36,6,4,8,12,18
"COG1716",18,15,14,1,14,33,44,29,9,23
"COG1717",4,0,1,0,0,10,23,67,36,17
"COG1718",7,18,25,60,19,36,38,90,62,23
"COG1719",0,0,0,0,0,4,0,0,0,3
"COG1720",1,2,6,7,6,14,5,11,8,8
"COG1721",161,278,122,213,178,231,167,153,231,175
"COG1722",23,23,23,24,29,14,13,11,17,17
"COG1723",1,1,13,2,3,7,1,0,3,7
"COG1724",0,0,0,0,0,0,0,1,0,0
"COG1725",53,6,89,0,33,28,67,13,104,49
"COG1726",161,247,101,206,51,204,82,60,113,103
"COG1727",8,0,18,1,0,12,13,59,21,13
"COG1729",160,172,128,188,71,147,174,149,155,155
"COG1730",1,0,3,2,0,4,0,1,5,1
"COG1732",3,10,1,0,75,10,1,9,2,8
"COG1733",26,161,25,166,158,36,36,35,42,38
"COG1734",136,89,99,103,106,84,142,123,94,119
"COG1735",6,2,1,0,9,6,17,33,11,5
"COG1736",15,5,32,0,0,37,27,217,50,25
"COG1737",44,180,26,224,75,23,9,34,22,35
"COG1738",157,170,136,122,84,169,151,95,131,165
"COG1739",10,40,16,66,22,13,8,13,18,15
"COG1740",4,1,3,0,27,8,1,15,0,8
"COG1741",195,170,184,211,256,229,200,151,205,206
"COG1742",2,0,5,2,36,3,1,10,4,10
"COG1743",0,0,0,1,52,3,1,20,6,2
"COG1744",311,228,149,188,117,196,316,304,150,209
"COG1745",0,0,0,0,0,0,0,0,0,0
"COG1746",0,2,10,0,0,3,3,276,29,1
"COG1747",7,1,5,0,0,2,0,1,6,4
"COG1748",239,279,126,206,179,347,143,108,190,180
"COG1749",67,61,42,93,121,100,33,43,34,48
"COG1750",0,0,0,0,0,0,0,0,0,0
"COG1752",40,200,80,117,221,142,111,127,68,72
"COG1754",217,248,219,189,88,586,634,402,626,568
"COG1755",2,0,1,0,3,3,0,6,0,0
"COG1756",0,3,16,1,0,5,11,74,7,2
"COG1757",96,263,100,361,97,179,71,168,92,119
"COG1758",110,95,112,96,28,94,82,126,99,88
"COG1759",11,7,23,0,0,50,19,377,47,24
"COG1760",42,109,25,160,165,22,23,43,22,23
"COG1761",1,0,7,1,0,1,0,0,0,0
"COG1762",23,35,14,40,37,30,11,24,19,26
"COG1763",27,23,19,73,15,5,3,7,6,5
"COG1764",15,43,13,8,98,7,9,23,16,35
"COG1765",30,62,26,81,73,49,26,39,47,37
"COG1766",70,69,46,81,169,89,38,63,50,49
"COG1767",5,5,4,11,2,5,7,7,3,8
"COG1768",0,0,0,0,0,0,0,0,0,0
"COG1769",0,0,0,0,0,0,0,0,0,0
"COG1770",413,436,364,537,216,399,384,272,367,483
"COG1772",0,0,2,0,0,3,4,2,10,7
"COG1773",34,29,56,32,14,18,27,9,58,30
"COG1774",14,120,9,131,3,30,3,3,8,18
"COG1775",0,0,0,0,1,4,0,0,0,0
"COG1776",4,0,20,1,15,1,2,11,2,15
"COG1777",12,0,14,0,0,21,11,7,34,12
"COG1778",48,89,56,128,43,76,56,114,48,59
"COG1779",8,1,8,0,0,16,14,5,18,16
"COG1780",0,0,0,0,1,0,0,2,0,1
"COG1781",6,3,12,0,0,13,6,96,23,8
"COG1782",30,10,43,0,5,53,59,402,98,45
"COG1783",3,71,10,5,365,4,6,3,2,2
"COG1784",8,0,12,0,0,31,21,15,46,24
"COG1785",66,140,47,60,127,42,46,60,48,87
"COG1786",18,25,18,13,15,11,11,43,22,4
"COG1787",27,3,57,1,1,20,22,3,58,24
"COG1788",45,91,33,94,95,59,43,45,32,32
"COG1791",2,5,9,0,12,11,0,1,9,2
"COG1792",248,244,243,252,99,206,226,138,240,243
"COG1793",236,201,333,29,746,224,221,341,314,256
"COG1794",98,36,91,133,56,56,91,79,75,99
"COG1795",8,5,10,5,4,15,10,7,1,14
"COG1796",45,107,62,10,17,77,45,33,57,72
"COG1797",88,51,201,30,56,85,62,252,166,78
"COG1798",14,4,23,0,0,40,35,204,52,31
"COG1799",25,3,51,0,6,32,47,20,73,26
"COG1801",12,14,6,3,20,9,2,9,7,10
"COG1802",67,217,39,160,306,61,30,60,47,53
"COG1803",4,16,12,1,7,8,0,8,14,11
"COG1804",641,690,743,559,663,780,913,840,840,746
"COG1805",145,208,85,195,68,67,19,16,40,39
"COG1806",111,56,131,162,95,96,98,87,102,134
"COG1807",383,137,557,262,179,339,328,145,455,356
"COG1808",30,120,64,98,103,63,9,13,38,27
"COG1809",12,37,11,4,13,24,3,6,21,11
"COG1811",9,8,3,0,0,14,26,5,11,24
"COG1812",0,0,0,0,0,0,1,0,0,0
"COG1813",7,5,14,0,0,22,19,3,9,9
"COG1814",6,11,6,24,35,3,20,126,13,6
"COG1815",25,20,11,34,30,22,8,14,12,7
"COG1816",109,139,105,109,83,85,144,188,90,158
"COG1817",6,8,22,0,8,20,13,173,23,6
"COG1818",1,1,9,0,0,1,4,87,3,1
"COG1819",23,40,72,23,49,40,17,369,52,42
"COG1820",59,68,102,70,32,52,39,69,79,49
"COG1821",0,4,6,18,8,7,10,3,4,4
"COG1823",1,3,0,0,0,8,1,3,3,3
"COG1824",0,0,3,0,0,0,20,27,5,0
"COG1825",246,227,161,305,102,222,211,197,174,234
"COG1826",40,11,47,27,20,31,23,17,35,27
"COG1828",51,30,68,28,36,40,117,32,71,51
"COG1829",16,5,24,0,0,35,28,141,50,19
"COG1830",54,27,62,3,6,67,65,365,75,42
"COG1831",8,2,15,0,0,30,26,8,31,21
"COG1832",110,61,91,105,19,30,40,39,29,39
"COG1833",2,1,1,0,3,0,0,0,0,0
"COG1834",323,255,240,232,58,276,349,187,248,309
"COG1835",114,150,126,356,271,96,118,83,113,151
"COG1836",33,7,113,0,6,57,60,26,106,42
"COG1837",0,3,3,0,1,3,6,8,6,3
"COG1838",28,49,39,67,173,61,67,66,32,36
"COG1840",458,321,375,454,181,337,373,231,347,399
"COG1841",32,47,26,47,11,45,43,112,37,31
"COG1842",8,22,53,2,81,20,8,28,36,36
"COG1843",22,32,19,37,53,26,14,31,18,18
"COG1845",411,302,350,559,165,400,319,250,370,389
"COG1846",107,118,104,89,378,141,113,117,99,130
"COG1847",29,22,13,0,4,20,64,20,12,36
"COG1848",0,3,0,0,0,1,1,1,0,1
"COG1849",1,0,4,0,0,3,3,4,11,5
"COG1850",90,63,321,101,12,127,113,84,169,99
"COG1852",1,1,1,0,0,11,1,0,4,2
"COG1853",291,260,523,258,114,272,286,128,639,362
"COG1854",0,0,0,0,2,3,0,2,0,0
"COG1855",9,7,26,0,0,31,27,3,43,29
"COG1856",0,0,0,0,0,0,0,4,1,0
"COG1857",0,0,0,0,0,0,0,0,0,0
"COG1858",93,226,62,306,45,95,91,58,66,80
"COG1859",5,1,11,1,0,24,18,7,18,16
"COG1861",50,38,74,137,22,59,82,201,68,58
"COG1862",55,95,33,71,41,58,23,28,38,36
"COG1863",10,16,8,9,32,11,10,18,13,7
"COG1864",19,38,11,7,13,30,20,8,12,13
"COG1865",0,0,0,32,1,0,0,0,0,0
"COG1866",258,393,175,333,178,361,201,374,259,223
"COG1867",24,8,51,0,0,82,50,207,87,47
"COG1868",40,57,32,55,79,57,32,61,28,32
"COG1869",1,1,0,1,0,0,0,0,0,0
"COG1871",0,0,3,9,5,4,0,1,1,5
"COG1872",0,0,1,0,4,4,2,10,1,2
"COG1873",1,0,0,0,0,1,0,2,4,0
"COG1874",14,42,4,36,8,39,9,10,18,18
"COG1875",104,70,72,10,438,129,272,64,38,89
"COG1876",44,54,67,42,36,27,31,15,53,45
"COG1877",16,12,51,4,64,9,6,3,8,12
"COG1878",20,20,36,9,42,41,13,119,40,20
"COG1879",261,225,214,322,143,200,261,167,172,228
"COG1881",4,5,11,5,34,5,14,30,15,12
"COG1882",0,0,2,0,1,19,3,0,4,0
"COG1883",15,71,13,102,52,45,15,76,30,28
"COG1884",388,619,294,603,404,552,468,558,465,330
"COG1885",0,0,0,0,0,0,0,0,0,0
"COG1886",15,14,20,27,45,30,9,38,10,15
"COG1887",8,34,17,27,46,17,13,33,10,6
"COG1889",10,5,20,1,0,23,31,164,42,16
"COG1890",10,6,23,1,0,43,30,131,57,24
"COG1891",3,2,8,9,4,8,5,6,6,3
"COG1892",0,0,0,0,0,0,0,0,0,0
"COG1893",158,88,126,91,79,162,143,94,142,126
"COG1894",479,345,357,874,162,249,520,454,316,421
"COG1896",31,37,21,18,68,50,9,88,15,38
"COG1897",60,43,101,57,35,63,43,34,96,69
"COG1898",109,126,106,194,146,105,120,160,99,102
"COG1899",151,54,207,152,14,163,195,520,191,178
"COG1900",0,0,0,0,0,6,0,0,0,0
"COG1901",7,2,3,0,0,16,20,14,19,12
"COG1902",324,523,297,589,519,296,264,495,313,281
"COG1903",61,23,130,20,20,30,46,223,144,56
"COG1904",27,41,16,31,46,15,9,10,12,22
"COG1905",136,103,92,170,90,79,135,143,75,137
"COG1906",7,0,0,0,0,2,9,0,0,2
"COG1907",5,6,8,17,3,2,1,0,2,2
"COG1908",0,2,1,0,0,1,0,8,0,0
"COG1909",7,1,13,0,0,19,30,40,30,25
"COG1910",0,3,0,0,7,14,5,41,10,5
"COG1911",2,0,7,0,0,10,6,4,14,7
"COG1912",59,131,32,59,11,74,68,36,28,38
"COG1913",0,1,0,1,0,0,0,0,0,0
"COG1914",145,184,125,153,79,202,80,63,140,115
"COG1915",0,3,15,0,0,0,2,221,10,6
"COG1916",16,3,22,0,1,34,36,40,46,30
"COG1917",11,10,18,2,5,43,17,74,41,27
"COG1918",0,6,4,0,0,2,13,1,3,1
"COG1920",16,22,21,5,0,19,38,139,19,30
"COG1921",80,69,60,14,5,84,192,137,77,112
"COG1922",39,35,28,25,65,36,35,9,23,32
"COG1923",11,17,9,23,64,16,6,6,8,12
"COG1924",0,0,0,0,0,0,0,2,0,0
"COG1925",15,25,18,20,37,21,17,14,9,12
"COG1926",0,0,0,0,2,1,0,1,1,0
"COG1927",0,0,0,0,0,0,0,0,0,0
"COG1928",4,5,7,3,14,3,6,1,13,5
"COG1929",78,63,25,60,10,22,33,7,11,19
"COG1931",1,2,9,0,0,2,5,22,2,4
"COG1932",260,305,158,247,165,267,232,237,203,219
"COG1933",57,29,81,0,25,109,151,51,220,114
"COG1934",15,29,28,73,30,21,9,15,14,23
"COG1936",3,2,27,2,0,1,5,55,8,10
"COG1937",5,7,2,22,26,1,3,17,3,7
"COG1938",15,5,39,0,0,52,49,186,65,53
"COG1939",11,0,36,0,0,30,8,2,22,18
"COG1940",215,218,153,154,190,187,285,329,153,228
"COG1941",0,0,0,0,0,1,0,0,0,0
"COG1942",8,4,13,4,10,10,9,7,15,18
"COG1943",6,11,14,2,90,18,2,29,10,17
"COG1944",3,7,2,35,75,8,1,11,7,3
"COG1945",0,4,6,0,1,1,3,48,8,6
"COG1946",87,155,77,169,259,76,73,90,65,77
"COG1947",190,174,211,140,89,64,51,45,58,62
"COG1948",15,34,27,5,98,60,31,129,19,35
"COG1949",72,65,44,104,25,55,43,47,64,55
"COG1950",0,0,9,0,6,1,0,0,1,1
"COG1951",32,61,30,76,149,51,68,87,39,44
"COG1952",22,46,20,42,72,19,15,13,11,23
"COG1953",181,62,171,119,5,155,203,148,159,230
"COG1954",0,0,0,0,0,0,0,0,0,0
"COG1955",16,1,4,0,0,51,37,0,18,23
"COG1956",6,41,10,42,48,39,12,10,15,20
"COG1957",112,124,77,18,51,83,143,93,64,129
"COG1958",4,7,36,3,0,5,3,38,5,3
"COG1959",82,94,92,99,95,87,94,81,100,91
"COG1960",2568,3067,1913,2956,3545,2590,2478,2411,2373,2276
"COG1961",81,205,111,82,846,146,201,85,93,146
"COG1963",15,1,60,1,0,9,4,1,11,9
"COG1964",14,17,21,1,3,11,15,161,26,13
"COG1965",0,5,2,16,2,4,3,5,2,2
"COG1966",23,20,32,3,43,42,30,73,48,42
"COG1967",13,2,18,0,0,26,29,19,27,15
"COG1968",287,305,265,248,114,268,248,181,269,262
"COG1969",0,0,0,0,0,3,0,3,0,0
"COG1970",17,45,10,6,64,3,14,3,9,13
"COG1971",0,1,0,0,13,2,0,2,2,1
"COG1972",168,254,95,129,147,59,32,25,44,45
"COG1974",324,213,310,291,130,270,305,223,259,330
"COG1975",158,136,119,185,88,157,217,199,145,138
"COG1976",7,4,24,0,0,29,18,134,46,23
"COG1977",17,16,24,24,7,14,22,127,20,17
"COG1978",13,22,2,2,24,6,16,4,1,8
"COG1979",3,8,6,25,8,8,1,12,3,13
"COG1980",0,6,14,0,0,0,0,179,9,3
"COG1981",34,119,142,115,67,45,85,25,126,119
"COG1982",44,5,135,1,38,47,36,22,145,55
"COG1983",1,5,1,0,14,2,1,2,1,3
"COG1984",127,116,157,239,204,147,163,172,136,175
"COG1985",416,360,395,232,129,338,384,260,428,357
"COG1986",9,8,7,1,0,11,4,6,2,6
"COG1987",8,8,6,15,9,8,6,5,5,5
"COG1988",46,77,34,107,66,107,18,18,33,36
"COG1989",100,51,80,98,48,96,94,84,95,58
"COG1990",8,3,13,1,1,18,15,66,16,14
"COG1992",3,3,12,0,0,18,4,172,20,10
"COG1993",0,0,0,0,2,0,0,0,0,0
"COG1994",70,47,155,33,43,89,88,62,172,93
"COG1995",118,115,106,134,41,315,249,194,311,296
"COG1997",2,0,6,1,0,17,11,22,13,5
"COG1998",0,1,2,0,0,2,3,17,7,1
"COG1999",200,334,185,372,176,97,56,37,84,88
"COG2001",148,192,109,189,62,117,126,105,119,148
"COG2002",5,1,2,0,4,2,9,2,1,4
"COG2003",8,55,9,74,123,19,0,31,4,23
"COG2004",2,0,1,1,0,5,8,1,7,4
"COG2005",4,4,4,0,8,4,5,6,6,2
"COG2006",1,0,4,0,0,2,7,7,7,3
"COG2007",4,2,15,1,0,13,14,83,28,9
"COG2008",171,234,116,322,146,175,150,129,156,141
"COG2009",114,77,102,112,51,85,97,68,82,107
"COG2010",134,179,145,145,264,140,54,102,142,131
"COG2011",0,0,0,0,12,0,1,2,0,0
"COG2012",20,47,23,5,1,5,21,57,23,22
"COG2013",21,15,23,21,7,40,23,20,42,16
"COG2014",1,0,6,0,0,4,3,0,2,0
"COG2015",119,158,77,160,85,101,185,144,119,96
"COG2016",6,1,26,1,0,18,13,75,21,18
"COG2017",149,129,174,175,63,112,116,73,139,144
"COG2018",0,0,0,0,0,0,0,0,0,0
"COG2019",0,3,8,0,1,0,2,73,7,3
"COG2020",70,35,75,9,95,71,48,72,80,82
"COG2021",338,288,310,432,122,84,103,98,84,136
"COG2022",132,59,183,131,115,91,139,101,175,182
"COG2023",1,2,0,0,0,0,2,78,0,0
"COG2025",343,267,235,203,130,97,101,141,82,94
"COG2026",0,1,0,2,15,0,0,5,3,6
"COG2027",70,80,146,14,65,66,125,71,151,72
"COG2029",0,0,0,0,24,1,1,0,1,1
"COG2030",195,303,156,200,258,237,252,265,177,191
"COG2031",31,77,22,28,5,43,16,22,15,17
"COG2032",29,51,27,43,73,34,12,17,17,19
"COG2035",137,240,62,214,43,150,91,66,74,90
"COG2036",5,7,41,5,0,15,9,49,5,6
"COG2037",5,7,8,12,3,12,12,7,8,8
"COG2038",78,40,140,56,124,83,58,228,127,67
"COG2039",1,0,6,0,6,9,17,9,17,7
"COG2040",216,130,146,108,16,155,187,191,157,141
"COG2041",180,136,174,154,128,166,163,155,140,161
"COG2042",6,1,17,0,0,22,18,98,27,8
"COG2043",1,5,2,0,1,5,2,9,5,1
"COG2044",0,0,0,0,0,0,1,2,1,2
"COG2045",57,18,79,1,12,37,35,4,69,44
"COG2046",114,100,189,151,27,127,118,269,178,101
"COG2047",7,3,21,0,0,33,31,110,43,20
"COG2048",12,0,15,0,0,23,35,22,21,21
"COG2049",107,86,96,115,175,111,121,109,73,128
"COG2050",190,196,151,204,336,180,191,107,171,190
"COG2051",0,1,3,0,0,3,3,29,4,0
"COG2052",0,0,0,0,0,0,0,0,0,0
"COG2053",2,1,5,0,0,5,7,49,4,6
"COG2054",1,0,2,8,2,3,1,0,1,2
"COG2055",280,205,273,316,77,231,308,249,244,297
"COG2056",2,4,0,0,16,1,0,6,4,0
"COG2057",35,86,28,78,75,51,23,42,31,39
"COG2058",2,1,10,0,0,9,10,73,11,6
"COG2059",38,73,36,23,95,80,11,38,28,68
"COG2060",0,0,0,0,13,0,0,3,0,0
"COG2061",0,0,0,0,0,0,0,0,0,0
"COG2062",56,88,55,77,59,107,48,25,48,108
"COG2063",34,22,16,42,82,30,9,30,11,18
"COG2064",11,2,17,1,130,64,21,11,43,35
"COG2065",74,141,77,97,20,99,85,43,74,83
"COG2066",4,11,27,43,60,10,1,11,16,36
"COG2067",30,33,25,58,88,48,14,20,12,42
"COG2068",56,59,56,67,29,56,76,66,67,63
"COG2070",365,354,221,348,563,308,248,275,276,228
"COG2071",95,78,63,60,31,73,89,92,79,78
"COG2072",475,562,484,538,642,516,502,364,472,449
"COG2073",81,41,184,24,37,66,70,267,197,92
"COG2074",3,1,6,1,0,21,21,28,19,17
"COG2075",2,0,13,0,0,12,5,29,13,8
"COG2076",135,58,99,93,44,102,110,75,91,109
"COG2077",1,10,6,25,7,11,6,10,10,11
"COG2078",0,2,3,1,5,5,2,79,3,3
"COG2079",417,218,280,226,140,350,319,236,280,290
"COG2080",57,87,119,66,162,147,252,282,138,139
"COG2081",117,349,179,438,185,90,60,31,155,107
"COG2082",10,8,18,2,6,35,37,118,81,38
"COG2084",560,459,572,391,326,493,556,533,560,575
"COG2085",14,16,24,9,16,31,18,172,23,19
"COG2086",263,212,205,255,118,97,100,106,76,95
"COG2087",29,23,63,40,50,35,17,4,55,28
"COG2088",0,1,1,0,0,0,3,0,3,1
"COG2089",248,160,318,470,204,79,118,144,93,96
"COG2090",0,2,2,0,0,0,4,57,1,0
"COG2091",4,3,12,1,24,13,4,3,8,5
"COG2092",0,2,6,0,0,2,0,58,4,2
"COG2093",4,2,1,0,0,2,3,31,4,1
"COG2094",40,18,67,0,4,24,45,75,75,35
"COG2095",25,154,22,218,57,43,32,57,24,28
"COG2096",73,112,53,70,69,115,108,74,107,90
"COG2097",1,3,7,0,0,15,16,78,12,15
"COG2098",0,0,0,0,0,0,0,0,0,0
"COG2099",51,28,95,19,14,47,23,14,72,45
"COG2101",11,9,24,3,4,40,31,245,41,22
"COG2102",8,4,19,2,3,32,26,141,44,17
"COG2103",68,86,82,53,10,82,32,43,57,52
"COG2104",3,6,10,2,43,10,4,13,9,5
"COG2105",7,2,3,0,41,8,3,3,4,6
"COG2106",0,2,9,1,0,1,0,111,7,2
"COG2107",14,14,32,1,0,37,27,149,44,40
"COG2108",14,3,12,0,0,23,33,15,32,20
"COG2109",156,60,240,50,67,70,114,183,224,139
"COG2110",17,3,28,1,37,34,25,28,37,18
"COG2111",29,23,45,27,174,9,10,36,15,4
"COG2112",0,3,16,0,0,3,5,182,24,3
"COG2113",329,270,299,436,67,174,397,466,259,337
"COG2114",541,496,433,91,832,848,659,451,482,511
"COG2115",102,88,52,14,65,92,37,36,51,76
"COG2116",10,3,43,0,53,23,8,21,34,33
"COG2118",0,1,3,0,0,7,2,51,5,3
"COG2119",14,0,67,0,59,23,20,7,41,18
"COG2120",126,210,88,213,106,170,144,207,108,133
"COG2121",53,27,23,4,31,50,60,45,45,54
"COG2122",2,13,8,0,2,8,2,7,4,4
"COG2123",8,5,29,1,0,28,26,152,37,25
"COG2124",398,645,368,239,650,533,683,461,400,441
"COG2125",6,3,17,1,0,18,20,128,27,18
"COG2126",0,0,1,0,0,1,2,0,1,0
"COG2127",67,59,83,35,56,55,45,55,83,69
"COG2128",32,37,32,40,43,81,86,129,93,120
"COG2129",0,3,3,1,3,3,2,1,1,2
"COG2130",194,252,166,201,148,153,166,115,171,218
"COG2131",40,99,39,49,62,58,57,137,49,59
"COG2132",22,38,79,58,1002,52,17,414,53,67
"COG2133",501,377,436,327,426,611,452,691,448,556
"COG2135",162,69,141,11,92,122,136,100,146,139
"COG2136",1,1,4,1,0,19,5,0,6,4
"COG2137",30,50,27,45,17,27,22,31,28,36
"COG2138",48,56,86,33,29,55,41,199,110,51
"COG2139",6,2,12,1,0,10,7,45,17,8
"COG2140",4,2,4,0,3,3,0,1,2,1
"COG2141",534,638,639,345,352,675,1209,1544,811,649
"COG2142",34,39,11,11,47,19,31,11,12,28
"COG2143",13,68,12,23,13,21,2,0,14,14
"COG2144",0,0,8,0,16,1,2,1,3,2
"COG2145",3,0,2,8,8,15,4,2,0,3
"COG2146",29,36,53,21,37,40,78,167,59,57
"COG2147",5,0,18,1,0,4,6,42,7,6
"COG2148",181,252,140,211,270,206,155,125,138,174
"COG2149",2,0,2,0,0,0,1,3,2,0
"COG2150",0,0,0,0,0,0,0,1,0,0
"COG2151",101,81,72,107,74,119,109,153,121,122
"COG2152",3,8,2,44,6,7,0,6,1,4
"COG2153",63,81,31,62,15,32,18,14,30,46
"COG2154",123,113,138,104,38,111,108,88,135,133
"COG2155",0,0,0,0,0,0,0,0,0,0
"COG2156",0,0,0,0,1,0,0,2,0,0
"COG2157",1,0,3,1,0,6,1,0,6,1
"COG2159",54,191,135,64,90,61,77,116,54,48
"COG2160",4,3,1,0,15,2,4,3,2,3
"COG2161",0,3,3,1,25,2,3,4,2,9
"COG2162",1,7,0,0,7,0,1,2,0,0
"COG2163",1,0,4,1,0,11,2,0,1,1
"COG2164",1,1,2,0,4,9,6,29,0,5
"COG2165",22,25,28,30,43,27,25,41,24,24
"COG2166",83,72,100,44,82,109,80,37,78,80
"COG2167",0,0,0,1,0,1,1,0,0,1
"COG2168",1,1,4,0,0,1,1,5,4,3
"COG2169",6,14,7,3,107,4,4,20,6,21
"COG2170",57,9,101,0,19,47,100,112,106,77
"COG2171",298,264,176,242,132,187,202,180,160,242
"COG2172",15,9,49,0,20,23,26,24,34,32
"COG2173",30,26,73,54,5,54,31,26,63,37
"COG2174",1,0,1,0,0,0,0,0,0,1
"COG2175",579,350,637,360,207,474,679,454,622,603
"COG2176",15,26,21,1,27,26,74,34,29,24
"COG2177",74,206,54,170,157,121,102,75,81,85
"COG2178",16,6,9,0,0,4,21,177,18,10
"COG2179",15,3,36,0,0,11,16,3,44,17
"COG2180",0,6,0,0,7,1,0,0,0,1
"COG2181",7,23,7,29,4,6,2,30,8,8
"COG2182",46,4,9,5,24,35,43,30,10,31
"COG2183",6,45,55,119,164,62,13,39,26,39
"COG2184",1,1,1,2,7,0,0,0,0,1
"COG2185",232,442,142,366,291,341,250,270,205,201
"COG2186",26,84,30,54,190,25,20,52,25,46
"COG2187",4,0,2,0,19,9,3,22,3,2
"COG2188",22,134,22,240,85,35,9,59,23,28
"COG2189",25,48,27,7,141,32,117,34,31,69
"COG2190",1,0,1,0,4,0,0,2,0,4
"COG2191",0,0,0,0,0,3,0,0,0,0
"COG2192",554,224,379,482,806,334,1465,498,341,550
"COG2193",48,51,44,70,89,51,54,14,50,44
"COG2194",3,40,11,100,38,10,4,52,9,28
"COG2195",48,155,21,213,16,65,14,28,31,32
"COG2197",120,176,187,168,411,133,81,144,152,147
"COG2198",10,6,29,4,48,29,7,59,21,39
"COG2199",118,73,210,99,2032,88,27,183,78,94
"COG2200",17,23,34,5,318,109,34,230,77,124
"COG2201",3,2,11,2,58,36,8,50,20,65
"COG2202",170,169,289,349,2766,383,86,697,238,482
"COG2203",122,42,142,92,604,189,56,140,138,134
"COG2204",635,791,453,930,987,696,436,537,491,580
"COG2205",0,7,3,0,18,28,1,49,3,6
"COG2206",40,13,44,25,186,92,49,117,57,46
"COG2207",122,432,123,685,900,241,42,220,114,178
"COG2208",236,193,279,129,102,345,293,205,300,275
"COG2209",78,133,43,111,16,85,42,31,65,58
"COG2210",2,11,2,35,6,1,1,24,1,5
"COG2211",374,601,398,310,339,248,267,158,366,330
"COG2212",0,2,0,0,15,1,0,0,0,0
"COG2213",43,24,13,0,14,9,63,13,13,38
"COG2214",240,217,369,166,213,244,224,116,338,249
"COG2215",3,15,3,0,7,15,6,5,9,5
"COG2216",0,0,0,0,17,0,0,2,0,0
"COG2217",286,196,456,54,1516,397,399,371,442,494
"COG2218",8,7,12,15,2,22,13,19,24,22
"COG2219",6,1,14,0,0,48,63,261,68,45
"COG2220",303,207,349,264,119,266,322,276,356,301
"COG2221",15,17,22,1,6,11,19,21,7,30
"COG2222",15,26,16,1,16,9,10,18,18,13
"COG2223",17,32,86,2,60,46,9,26,63,23
"COG2224",94,89,63,61,44,150,227,263,198,249
"COG2225",408,413,388,511,229,373,426,329,393,467
"COG2226",350,343,304,346,159,299,335,454,332,310
"COG2227",237,211,285,395,150,216,236,140,234,244
"COG2229",0,0,0,0,0,2,0,1,0,0
"COG2230",445,309,392,570,323,403,475,253,401,465
"COG2231",0,0,0,0,0,1,0,1,0,1
"COG2232",4,0,7,16,6,6,7,4,3,9
"COG2233",114,75,68,85,40,57,106,141,65,92
"COG2234",377,677,224,706,404,514,302,401,354,365
"COG2235",2,7,3,0,14,3,10,10,7,4
"COG2236",130,113,123,104,43,104,147,100,117,141
"COG2237",15,3,33,0,0,14,12,83,23,8
"COG2238",5,3,19,0,0,18,13,88,27,13
"COG2239",420,430,404,435,197,371,376,264,383,445
"COG2240",14,2,7,1,20,9,6,3,2,5
"COG2241",65,56,106,27,22,64,29,79,100,36
"COG2242",76,45,99,28,22,68,20,151,80,37
"COG2243",67,26,101,19,9,20,20,56,21,8
"COG2244",201,370,117,193,367,339,118,125,161,165
"COG2246",2,2,5,4,7,1,20,14,17,15
"COG2247",0,0,1,0,22,1,3,3,4,1
"COG2249",116,86,86,111,60,109,75,74,81,95
"COG2250",0,0,0,0,0,0,0,1,1,0
"COG2251",91,31,186,96,98,68,160,86,174,127
"COG2252",224,145,205,204,30,174,183,161,192,220
"COG2253",0,0,0,0,0,0,0,0,0,1
"COG2255",190,243,193,172,262,201,219,134,234,203
"COG2256",39,66,67,82,67,98,113,128,202,125
"COG2257",0,5,1,0,11,5,4,7,2,4
"COG2258",46,19,39,84,40,36,51,34,40,35
"COG2259",66,21,79,9,43,42,38,66,64,58
"COG2260",0,0,2,1,0,2,0,2,2,0
"COG2261",0,0,0,0,20,0,1,0,0,1
"COG2262",227,433,219,339,159,284,191,417,201,266
"COG2263",2,1,12,0,3,18,18,6,32,18
"COG2264",106,147,149,229,148,138,72,67,139,106
"COG2265",137,302,152,317,167,205,115,123,155,122
"COG2266",0,3,4,0,0,0,0,59,7,0
"COG2267",161,141,107,190,227,142,79,56,90,101
"COG2268",62,40,89,64,82,84,55,79,90,76
"COG2269",10,38,8,80,30,23,4,29,9,15
"COG2270",287,347,201,152,145,321,295,220,261,266
"COG2271",9,14,9,3,4,30,16,9,14,11
"COG2272",243,198,139,221,365,183,134,120,195,178
"COG2273",176,277,107,240,73,249,152,71,122,142
"COG2274",144,163,259,20,260,196,79,86,188,173
"COG2301",199,153,125,60,169,144,139,240,167,159
"COG2302",47,3,95,0,0,19,30,1,83,42
"COG2303",1134,971,926,1241,707,787,782,698,868,883
"COG2304",220,435,174,366,308,333,133,286,218,214
"COG2306",0,0,1,0,0,0,0,0,0,0
"COG2307",11,15,127,4,127,22,31,26,136,107
"COG2308",33,26,233,0,190,9,26,17,65,79
"COG2309",91,45,53,5,15,36,28,31,40,27
"COG2310",1,1,5,3,2,1,1,8,0,3
"COG2311",37,35,20,26,142,24,30,5,11,10
"COG2312",3,6,2,0,24,1,2,3,0,3
"COG2313",41,58,35,29,27,44,51,50,30,37
"COG2314",2,1,2,0,14,9,4,2,0,0
"COG2315",2,9,6,14,18,10,6,7,5,1
"COG2316",0,2,1,0,3,7,2,3,4,1
"COG2317",57,23,84,8,6,146,176,50,270,148
"COG2318",1,4,4,0,18,3,2,3,2,4
"COG2319",234,114,876,121,47,912,310,78,483,482
"COG2320",0,0,3,0,0,5,0,0,2,1
"COG2321",0,1,7,0,51,1,5,4,4,4
"COG2322",24,70,14,37,4,41,21,17,31,25
"COG2323",0,0,2,0,45,2,1,0,0,3
"COG2324",9,8,5,12,1,4,5,1,7,1
"COG2326",83,145,83,114,130,165,91,48,92,101
"COG2327",9,4,23,1,43,20,13,14,26,4
"COG2329",16,6,4,12,4,60,44,43,29,20
"COG2331",12,26,12,32,10,13,16,25,15,14
"COG2332",112,92,84,88,42,79,104,68,99,123
"COG2333",11,26,13,50,83,10,6,27,14,24
"COG2334",322,301,239,427,139,358,278,268,277,229
"COG2335",102,144,92,225,141,260,36,14,113,89
"COG2336",0,0,0,0,2,0,0,0,0,0
"COG2337",0,3,0,1,7,1,1,2,1,0
"COG2339",32,15,19,40,1,8,15,31,16,24
"COG2340",45,55,18,7,83,25,39,10,7,47
"COG2342",0,0,1,0,11,1,1,0,4,0
"COG2343",7,19,30,4,19,10,6,3,16,3
"COG2344",19,12,11,0,0,12,53,20,13,20
"COG2345",6,5,14,0,1,14,0,2,5,4
"COG2346",4,9,7,2,33,5,11,17,4,8
"COG2348",3,0,7,2,1,2,3,6,3,5
"COG2350",16,13,48,17,15,12,13,15,33,17
"COG2351",48,36,46,33,15,33,45,22,42,43
"COG2352",517,364,559,343,128,346,453,340,509,512
"COG2353",44,126,18,90,146,67,42,54,32,35
"COG2354",2,22,4,2,57,2,4,20,4,11
"COG2355",268,282,215,372,341,201,262,276,191,235
"COG2356",42,146,31,201,55,83,25,55,44,37
"COG2357",0,3,0,2,12,0,1,0,1,0
"COG2358",133,118,155,209,212,112,129,128,121,143
"COG2359",0,0,0,0,0,0,0,1,0,0
"COG2360",48,89,33,139,95,39,17,58,36,27
"COG2361",0,0,0,0,1,0,0,0,0,0
"COG2362",4,2,5,0,0,8,10,26,5,2
"COG2363",9,44,8,43,8,15,13,14,15,14
"COG2364",139,79,104,123,9,89,142,106,100,118
"COG2365",44,54,43,46,72,55,51,37,37,27
"COG2366",82,169,52,139,94,334,318,332,261,236
"COG2367",11,9,70,0,157,34,7,18,44,11
"COG2368",24,58,65,5,28,43,93,323,74,51
"COG2369",2,0,6,0,37,1,0,2,2,0
"COG2370",14,26,13,1,7,16,13,5,12,10
"COG2371",20,12,68,0,13,22,20,17,74,27
"COG2372",0,0,1,0,2,1,0,6,0,0
"COG2373",43,63,38,12,226,65,17,24,29,27
"COG2374",104,161,71,37,54,163,184,70,117,151
"COG2375",31,17,9,11,65,34,10,33,8,11
"COG2376",31,15,21,11,19,35,75,52,64,70
"COG2377",248,287,239,309,89,245,209,144,274,241
"COG2378",19,24,40,3,136,44,43,100,20,54
"COG2379",49,47,43,7,43,63,19,200,50,35
"COG2380",0,0,0,0,0,0,1,0,1,0
"COG2382",20,5,7,8,2,2,0,1,3,5
"COG2384",0,6,1,20,0,1,0,0,1,1
"COG2385",160,59,283,1,1,122,193,31,319,173
"COG2386",68,52,46,69,47,71,41,55,69,46
"COG2388",0,0,3,0,32,0,0,2,3,1
"COG2389",0,3,6,0,0,9,0,0,4,2
"COG2390",27,20,11,11,38,10,3,13,6,18
"COG2391",30,128,42,32,124,27,21,75,32,25
"COG2401",1,0,0,0,16,0,0,0,0,0
"COG2402",0,0,0,0,0,0,0,0,0,1
"COG2403",0,0,0,0,0,0,0,7,0,0
"COG2404",1,0,0,0,8,3,5,1,0,1
"COG2405",0,0,0,0,0,0,0,0,0,1
"COG2406",0,4,10,0,0,2,3,72,4,0
"COG2407",18,45,28,26,2,15,20,18,21,28
"COG2409",37,0,41,1,49,83,109,22,99,62
"COG2410",0,0,0,0,0,1,0,0,1,0
"COG2412",0,0,5,0,0,1,3,49,2,0
"COG2413",1,0,0,2,0,1,0,0,0,1
"COG2414",0,9,22,0,34,39,17,43,26,12
"COG2421",19,19,21,22,143,36,35,32,27,34
"COG2423",59,92,71,86,60,66,101,117,98,50
"COG2425",4,1,4,0,5,12,7,0,2,3
"COG2426",10,2,9,4,1,13,8,0,24,17
"COG2428",0,0,0,0,0,0,0,0,0,0
"COG2429",0,1,10,0,0,0,1,102,6,0
"COG2430",0,1,0,0,0,0,0,0,1,0
"COG2431",1,0,0,0,8,0,0,1,1,0
"COG2433",0,0,0,0,0,0,1,0,0,0
"COG2440",0,0,0,0,0,0,0,6,0,0
"COG2442",0,0,0,0,3,0,0,1,0,0
"COG2443",3,0,4,0,0,6,13,4,16,4
"COG2445",0,1,0,0,6,1,0,0,0,0
"COG2450",1,0,0,0,0,0,0,0,2,1
"COG2451",0,0,2,0,0,0,0,0,1,1
"COG2452",0,18,0,0,0,1,0,3,0,0
"COG2453",29,22,42,19,0,23,26,97,35,24
"COG2454",0,0,0,0,0,0,0,0,1,0
"COG2457",0,0,0,0,1,2,0,0,0,0
"COG2461",0,0,0,0,0,0,0,0,0,0
"COG2501",9,11,24,5,0,6,4,0,17,8
"COG2502",0,0,0,0,15,0,0,0,0,0
"COG2503",13,10,11,0,27,54,24,14,34,29
"COG2508",1,0,1,0,12,1,1,1,0,0
"COG2509",39,133,57,160,64,22,4,2,15,16
"COG2510",0,0,0,0,1,0,1,0,0,0
"COG2511",31,7,49,0,0,63,84,250,121,50
"COG2512",0,3,14,0,0,0,3,154,21,3
"COG2513",231,120,228,211,118,182,201,419,204,213
"COG2514",1,1,4,0,5,2,0,4,2,0
"COG2515",66,161,45,148,31,54,41,90,32,54
"COG2516",0,0,4,0,12,1,1,8,9,5
"COG2518",144,167,89,144,134,152,87,146,130,110
"COG2519",24,20,33,0,8,39,71,114,49,37
"COG2520",8,5,23,0,0,101,64,221,109,65
"COG2521",0,1,3,0,0,2,1,0,2,1
"COG2522",3,0,0,0,0,25,2,2,8,5
"COG2524",0,0,2,0,0,1,1,0,0,1
"COG2602",1,2,0,0,34,0,0,1,2,1
"COG2603",83,48,118,134,39,84,48,46,121,79
"COG2604",12,6,22,1,46,25,9,40,7,31
"COG2605",96,38,74,47,64,13,69,37,44,39
"COG2606",65,22,68,61,52,58,138,93,66,81
"COG2607",28,34,17,5,37,43,30,17,15,17
"COG2608",2,0,1,0,13,3,0,4,2,0
"COG2609",507,373,490,920,262,505,644,468,549,621
"COG2610",48,67,26,3,82,40,30,57,44,56
"COG2703",0,0,0,0,18,3,1,3,0,5
"COG2704",0,0,0,0,1,0,0,0,0,0
"COG2706",24,6,23,18,3,23,11,10,21,25
"COG2710",243,124,297,0,46,195,111,28,289,151
"COG2715",1,10,6,21,28,14,11,15,7,4
"COG2716",6,24,12,36,4,16,11,34,6,8
"COG2717",67,48,32,82,49,36,57,24,31,39
"COG2718",3,13,9,2,68,15,25,18,6,12
"COG2719",10,10,10,1,74,17,19,24,9,12
"COG2720",3,6,9,3,1,10,23,3,14,6
"COG2721",268,154,254,221,28,176,261,153,178,257
"COG2723",118,93,55,44,41,125,154,68,75,135
"COG2730",63,100,61,75,6,149,68,47,87,74
"COG2731",0,1,0,0,0,0,1,0,1,0
"COG2733",1,6,5,0,49,3,3,12,3,9
"COG2738",44,66,28,44,6,37,28,16,41,31
"COG2740",16,25,17,4,66,19,7,3,11,8
"COG2746",11,7,15,37,1,14,6,23,15,22
"COG2747",0,0,0,0,0,2,0,1,0,0
"COG2755",230,233,230,136,103,178,144,132,224,240
"COG2759",328,318,315,415,79,272,359,326,306,338
"COG2761",38,42,41,67,68,47,23,22,39,31
"COG2764",0,1,0,1,16,3,1,15,0,1
"COG2766",8,22,17,0,85,31,26,38,13,21
"COG2768",0,0,2,0,0,1,7,6,5,1
"COG2770",7,2,4,10,48,9,3,22,1,1
"COG2771",32,47,45,60,369,24,20,23,42,41
"COG2801",61,428,96,231,1193,132,32,254,88,283
"COG2802",189,110,211,163,73,162,160,105,198,207
"COG2804",268,217,263,303,291,275,210,257,254,244
"COG2805",78,77,101,122,48,129,93,65,99,79
"COG2807",1,0,1,0,43,0,0,1,2,0
"COG2808",0,4,1,0,17,12,0,16,7,6
"COG2810",0,0,0,0,0,0,0,0,0,0
"COG2812",617,583,535,433,277,181,188,126,217,200
"COG2813",36,80,18,97,99,37,12,53,15,40
"COG2814",6,9,6,0,117,14,5,31,10,14
"COG2815",42,43,25,0,0,35,138,17,21,48
"COG2816",94,95,66,65,126,71,48,48,55,61
"COG2818",14,84,22,106,98,26,25,52,28,37
"COG2819",54,89,38,47,29,56,13,20,40,49
"COG2820",45,128,13,55,2,42,58,22,17,37
"COG2821",1,25,11,8,111,16,13,7,6,7
"COG2822",0,1,2,0,0,0,0,2,0,1
"COG2823",31,15,32,58,23,90,107,79,77,95
"COG2824",0,23,6,88,41,5,1,7,4,6
"COG2825",14,19,16,47,22,22,15,9,10,14
"COG2826",8,25,16,18,57,10,3,54,19,5
"COG2827",6,19,16,13,96,3,4,5,2,8
"COG2828",30,16,27,21,61,26,12,21,25,20
"COG2829",4,3,5,0,45,5,0,7,6,9
"COG2831",42,28,49,6,154,52,13,27,45,35
"COG2832",12,6,6,3,6,44,67,23,21,28
"COG2833",2,10,3,19,5,27,6,1,9,4
"COG2834",32,58,33,27,66,36,16,32,34,28
"COG2835",20,14,29,17,9,20,11,35,15,6
"COG2836",0,6,11,0,21,0,5,12,4,7
"COG2837",1,0,6,0,80,15,2,11,3,6
"COG2838",115,233,76,186,70,155,34,64,84,76
"COG2839",8,27,8,11,1,7,2,0,3,14
"COG2840",29,55,30,64,39,33,24,24,26,38
"COG2841",0,0,0,0,2,0,0,2,1,0
"COG2842",0,0,1,0,40,3,0,5,1,1
"COG2843",24,42,26,6,3,61,118,57,36,32
"COG2844",265,408,190,215,364,253,227,174,195,194
"COG2845",1,2,5,0,3,3,9,30,8,3
"COG2846",3,5,0,0,9,2,0,2,0,0
"COG2847",29,37,24,23,75,25,22,21,26,31
"COG2848",0,1,0,0,2,0,3,7,3,0
"COG2849",137,224,125,187,39,94,98,70,57,59
"COG2850",14,58,19,77,65,32,39,14,21,24
"COG2851",0,1,1,0,3,0,0,4,0,0
"COG2852",0,1,0,135,41,1,1,0,0,1
"COG2853",164,113,134,149,63,137,136,105,130,146
"COG2854",129,64,90,138,58,95,93,93,90,126
"COG2855",222,139,93,120,30,134,144,48,111,109
"COG2856",4,1,1,0,25,4,0,16,1,0
"COG2857",234,209,187,250,161,190,258,175,164,227
"COG2859",27,10,14,3,36,14,23,12,24,7
"COG2860",1,16,16,29,85,14,6,59,14,18
"COG2861",13,4,16,5,73,19,24,31,28,22
"COG2862",16,22,20,10,2,12,7,1,5,11
"COG2863",60,79,37,134,103,27,29,42,41,55
"COG2864",1,21,7,6,29,7,4,5,11,4
"COG2865",1,6,0,2,26,5,3,10,5,5
"COG2866",186,285,134,279,126,457,214,140,290,210
"COG2867",71,71,61,107,37,50,72,56,58,88
"COG2868",0,0,0,0,0,0,0,0,0,0
"COG2869",80,129,47,134,31,105,44,26,62,64
"COG2870",289,253,203,210,557,97,237,76,80,115
"COG2871",140,232,87,216,103,150,65,55,127,128
"COG2872",48,15,36,2,21,40,48,34,39,42
"COG2873",490,372,472,358,167,350,427,312,499,512
"COG2874",8,0,3,0,0,22,16,0,7,11
"COG2875",71,38,112,23,12,46,32,138,76,50
"COG2876",99,135,49,104,19,145,62,39,59,79
"COG2877",71,82,76,70,41,236,175,138,197,212
"COG2878",7,68,6,90,19,4,8,11,11,19
"COG2879",0,0,0,0,0,0,0,0,0,0
"COG2881",0,0,0,0,0,0,1,0,0,0
"COG2882",0,0,1,0,4,0,0,3,1,0
"COG2884",72,114,33,100,103,100,89,56,50,66
"COG2885",403,716,256,410,645,586,175,268,275,322
"COG2887",115,131,55,24,360,77,135,117,74,83
"COG2888",0,0,1,0,0,0,0,0,1,0
"COG2890",315,302,292,455,202,320,288,328,294,328
"COG2891",9,16,10,11,13,6,12,7,9,16
"COG2893",10,16,9,16,33,12,6,2,6,5
"COG2894",13,5,32,11,5,20,44,9,70,56
"COG2895",101,128,69,128,190,101,76,97,78,80
"COG2896",174,155,200,199,139,180,229,219,205,189
"COG2897",157,102,192,112,99,149,175,405,165,163
"COG2898",2,1,0,0,30,2,0,3,0,1
"COG2899",15,9,7,0,49,16,5,0,3,5
"COG2900",1,0,1,0,1,2,0,0,2,2
"COG2901",17,30,8,53,4,6,10,10,10,11
"COG2902",15,44,34,230,560,39,16,103,28,65
"COG2904",52,68,25,37,80,41,8,24,23,39
"COG2905",8,5,15,24,119,7,6,32,16,18
"COG2906",1,0,3,6,5,0,0,2,2,2
"COG2907",270,179,246,371,101,236,257,79,224,228
"COG2908",120,215,68,133,157,143,94,83,112,223
"COG2909",8,1,6,12,139,27,5,26,7,1
"COG2910",0,4,0,5,3,0,0,7,3,3
"COG2911",16,4,29,1,532,36,30,82,20,42
"COG2912",22,57,25,0,20,31,4,136,28,15
"COG2913",41,65,26,58,63,36,17,18,37,24
"COG2914",0,11,4,31,8,4,2,9,2,4
"COG2915",9,30,6,80,14,3,4,14,3,16
"COG2916",0,0,0,0,10,2,0,0,1,4
"COG2917",117,77,93,128,58,95,100,88,71,93
"COG2918",138,156,64,221,62,97,45,71,71,73
"COG2919",4,13,9,24,16,5,4,10,4,4
"COG2920",9,20,9,45,1,6,4,7,4,7
"COG2921",3,6,3,38,7,0,1,1,0,3
"COG2922",0,21,6,40,7,1,3,26,6,11
"COG2923",0,5,7,2,2,3,4,7,5,7
"COG2924",18,26,18,29,22,15,11,12,19,22
"COG2925",312,216,257,375,36,244,270,201,230,279
"COG2926",0,0,0,0,0,0,0,0,0,0
"COG2927",19,19,14,21,49,12,12,12,8,8
"COG2928",139,98,186,114,63,118,165,91,171,114
"COG2929",0,0,0,0,10,3,0,4,0,1
"COG2930",21,32,14,7,36,22,8,4,14,14
"COG2931",331,270,331,277,265,486,332,234,406,403
"COG2932",0,4,3,12,95,6,1,6,1,15
"COG2933",3,5,13,0,33,8,2,15,7,12
"COG2935",30,41,35,44,99,29,27,20,24,26
"COG2936",197,153,273,262,70,278,248,182,417,264
"COG2937",51,52,53,1,85,25,8,25,11,17
"COG2938",5,15,11,20,43,4,6,8,15,10
"COG2939",70,91,74,48,138,80,19,44,54,55
"COG2940",91,31,144,57,73,98,77,43,86,114
"COG2941",150,90,102,130,39,30,37,14,31,38
"COG2942",18,43,22,37,71,13,6,18,12,8
"COG2943",6,3,9,1,125,3,2,33,9,26
"COG2944",0,0,1,0,15,1,0,4,0,1
"COG2945",31,21,29,35,27,78,99,72,81,99
"COG2946",1,0,3,0,0,0,0,0,0,5
"COG2947",75,35,103,56,46,85,96,155,103,113
"COG2948",0,0,3,0,262,3,2,12,2,3
"COG2949",1,2,1,2,1,1,0,2,2,0
"COG2951",248,227,175,315,210,201,191,175,155,214
"COG2954",34,23,55,41,4,33,40,13,56,40
"COG2956",23,32,28,34,42,31,34,61,27,26
"COG2957",70,60,100,30,110,78,73,85,98,114
"COG2958",0,0,1,1,0,0,0,0,0,0
"COG2959",8,23,9,58,34,6,3,17,7,13
"COG2960",16,12,10,6,20,16,5,5,9,7
"COG2961",14,14,12,2,54,9,5,6,15,16
"COG2962",38,35,37,39,35,80,132,112,85,137
"COG2963",7,69,8,22,125,17,4,26,9,55
"COG2964",1,0,0,0,1,2,0,6,0,2
"COG2965",0,0,0,0,0,1,0,0,0,1
"COG2966",2,1,3,1,1,1,1,15,4,13
"COG2967",22,51,27,71,43,33,19,31,36,27
"COG2968",2,3,7,9,28,4,21,59,22,11
"COG2969",4,22,3,62,15,3,2,10,2,9
"COG2971",16,16,45,2,10,26,10,26,28,27
"COG2972",12,30,9,7,150,21,5,21,14,16
"COG2973",0,0,0,0,0,0,0,0,0,0
"COG2974",7,13,10,0,40,14,1,16,7,19
"COG2975",15,26,6,20,2,4,2,1,18,11
"COG2976",12,36,17,60,28,12,10,14,8,18
"COG2977",2,3,0,0,14,9,2,8,1,5
"COG2978",13,11,12,1,161,14,7,25,15,24
"COG2979",0,0,4,0,13,0,0,5,1,2
"COG2980",2,4,7,38,7,3,2,16,6,5
"COG2981",19,35,10,58,53,22,4,10,6,9
"COG2982",4,32,12,24,183,26,7,31,9,10
"COG2983",19,41,13,72,58,16,10,10,14,12
"COG2984",4,1,3,0,12,9,3,6,1,34
"COG2985",0,3,1,0,1,3,0,0,0,2
"COG2986",74,142,73,276,123,181,98,92,139,82
"COG2987",86,177,71,318,112,214,115,107,149,102
"COG2988",56,4,96,37,12,42,42,17,104,51
"COG2989",43,45,11,8,172,36,8,10,11,30
"COG2990",0,0,0,0,0,0,0,0,0,0
"COG2991",1,1,1,0,1,1,3,2,1,2
"COG2992",160,92,157,225,114,134,157,116,106,179
"COG2993",29,18,5,1,114,17,2,10,3,11
"COG2994",1,4,0,0,46,1,2,0,1,2
"COG2995",2,0,1,0,8,4,3,10,7,6
"COG2996",6,42,8,70,10,3,2,8,2,5
"COG2998",61,42,20,31,14,49,30,27,30,34
"COG2999",2,0,4,0,0,1,1,0,3,1
"COG3000",418,523,240,507,255,319,279,170,345,282
"COG3001",62,4,118,10,50,42,41,27,103,67
"COG3002",6,7,3,1,74,6,3,16,2,0
"COG3004",117,59,118,108,152,106,150,107,102,166
"COG3005",2,0,0,0,6,4,0,0,0,2
"COG3006",0,0,0,0,0,1,0,0,0,0
"COG3007",20,21,7,120,22,9,4,7,11,21
"COG3008",4,1,8,0,55,10,0,22,6,8
"COG3009",0,2,2,0,16,2,0,8,1,7
"COG3010",14,8,18,6,1,19,3,4,5,4
"COG3011",45,60,76,53,21,82,50,17,76,59
"COG3012",2,8,14,20,18,12,1,9,10,7
"COG3013",0,0,0,0,12,0,0,1,0,0
"COG3014",4,6,1,0,21,3,1,1,10,4
"COG3015",0,0,0,0,1,0,0,0,0,0
"COG3016",9,8,5,4,15,23,2,4,8,6
"COG3017",1,0,2,10,4,6,1,9,5,7
"COG3018",25,8,10,32,6,12,17,9,20,17
"COG3019",41,39,28,40,132,29,15,23,29,38
"COG3021",19,94,22,72,104,50,5,13,17,26
"COG3022",47,66,37,55,15,151,110,102,94,104
"COG3023",177,154,146,141,313,44,49,33,34,50
"COG3024",6,10,5,10,5,5,2,7,4,6
"COG3025",4,1,12,3,52,5,4,24,7,17
"COG3026",4,17,4,47,43,10,0,14,6,12
"COG3027",41,19,50,81,15,47,61,33,35,69
"COG3028",3,14,3,40,19,7,1,5,3,6
"COG3029",0,0,0,0,0,0,0,15,0,0
"COG3030",73,51,67,96,31,56,75,77,63,85
"COG3031",16,14,5,2,39,8,3,13,10,10
"COG3033",46,33,13,1,42,14,63,10,18,46
"COG3034",17,20,12,20,59,19,13,23,17,12
"COG3036",0,0,0,0,0,0,0,0,0,0
"COG3037",0,0,0,0,1,0,0,0,0,0
"COG3038",55,44,31,41,126,16,44,38,27,45
"COG3039",13,89,18,27,51,29,4,98,28,47
"COG3040",8,58,14,57,32,24,19,7,17,8
"COG3041",0,0,0,0,2,0,0,1,0,0
"COG3042",0,1,0,0,0,0,0,0,0,0
"COG3043",0,1,0,0,3,0,0,1,0,0
"COG3044",4,0,1,0,0,1,1,18,0,0
"COG3045",0,1,3,1,14,1,0,5,1,10
"COG3046",591,525,532,614,208,460,441,148,509,482
"COG3047",6,10,15,0,87,11,5,16,16,12
"COG3048",0,0,0,1,0,0,0,2,0,0
"COG3049",0,13,5,2,4,3,1,0,7,5
"COG3050",0,0,0,0,0,0,0,0,0,0
"COG3051",0,3,0,0,1,0,3,7,0,0
"COG3053",0,0,0,0,0,0,0,0,0,0
"COG3054",0,0,1,0,0,0,0,1,1,0
"COG3055",14,1,6,0,1,6,2,13,9,8
"COG3056",0,0,0,0,0,0,0,0,0,0
"COG3057",2,0,0,0,4,0,0,4,5,0
"COG3058",0,0,0,0,1,0,0,6,1,0
"COG3059",1,0,0,0,1,1,0,4,0,0
"COG3060",0,3,4,0,1,1,0,4,1,3
"COG3061",0,0,0,0,0,0,0,0,0,0
"COG3062",0,0,0,0,4,0,0,0,0,0
"COG3063",4,10,8,25,28,7,0,4,1,2
"COG3064",1,0,0,0,10,2,0,8,2,9
"COG3065",3,0,3,0,11,1,0,3,0,5
"COG3066",0,1,2,17,8,5,0,4,1,4
"COG3067",88,99,39,83,25,14,7,4,15,19
"COG3068",0,0,3,9,10,3,1,9,0,3
"COG3069",4,19,6,1,0,4,0,2,5,1
"COG3070",4,0,1,0,3,2,1,2,4,3
"COG3071",14,30,15,63,43,24,10,18,20,20
"COG3072",9,0,11,1,23,18,1,33,5,14
"COG3073",0,3,5,5,7,3,1,7,5,5
"COG3074",0,0,0,0,0,0,0,0,0,0
"COG3075",0,0,0,1,0,1,3,3,0,0
"COG3076",0,0,2,0,1,1,1,3,1,4
"COG3077",0,0,0,0,3,0,0,0,0,0
"COG3078",0,0,0,0,4,0,0,0,1,0
"COG3079",3,28,12,61,33,6,3,16,7,10
"COG3080",0,0,0,0,0,0,0,6,0,0
"COG3081",6,0,10,1,10,2,2,14,3,15
"COG3082",0,0,1,0,0,2,0,2,0,3
"COG3083",7,2,17,0,19,6,13,16,14,29
"COG3084",0,0,0,0,0,0,0,0,0,0
"COG3085",6,1,4,1,5,4,1,6,1,9
"COG3086",2,2,2,13,4,0,1,8,2,4
"COG3087",3,10,11,39,22,2,2,7,5,8
"COG3088",99,82,95,119,47,74,126,101,68,89
"COG3089",1,3,0,3,8,0,3,8,1,6
"COG3090",68,64,34,136,106,36,45,40,36,63
"COG3091",4,3,3,17,7,4,0,5,3,3
"COG3092",0,0,2,0,1,0,0,2,0,1
"COG3093",0,1,2,0,35,3,1,11,0,2
"COG3094",0,0,0,0,3,1,0,0,2,0
"COG3095",0,0,0,0,0,0,0,0,0,0
"COG3096",0,0,0,0,0,1,0,0,0,1
"COG3097",0,0,0,0,0,0,0,0,0,0
"COG3098",1,1,1,22,11,2,0,0,1,0
"COG3099",0,0,0,0,2,0,0,0,0,0
"COG3100",2,2,1,8,9,2,1,3,0,3
"COG3101",6,7,2,17,13,2,1,12,3,9
"COG3102",2,0,1,0,0,0,0,0,0,1
"COG3103",2,6,3,0,5,1,2,1,0,3
"COG3104",201,363,104,312,189,266,80,49,133,154
"COG3105",1,6,0,33,17,7,0,2,0,0
"COG3106",6,6,10,1,35,1,0,8,4,2
"COG3107",19,53,22,111,63,28,18,41,17,29
"COG3108",26,28,8,5,41,13,11,1,9,9
"COG3109",2,0,5,0,3,2,0,3,0,1
"COG3110",0,0,0,0,1,0,0,0,0,0
"COG3111",0,0,0,0,0,0,0,0,0,0
"COG3112",0,0,0,0,1,0,0,1,0,0
"COG3113",0,0,0,0,0,0,0,0,0,0
"COG3114",0,0,0,0,1,1,0,0,1,0
"COG3115",10,24,21,41,37,13,4,17,6,9
"COG3116",0,0,3,4,2,0,0,4,2,3
"COG3117",1,7,5,12,7,2,1,11,7,9
"COG3118",64,55,52,12,137,77,53,34,59,47
"COG3119",776,792,463,256,83,2079,935,1069,1656,1727
"COG3120",0,0,0,0,0,0,0,0,0,0
"COG3121",0,18,3,0,51,1,0,0,1,0
"COG3122",3,3,2,8,13,4,0,6,1,3
"COG3123",10,11,5,25,2,10,2,4,7,2
"COG3124",3,9,2,17,4,11,5,6,5,8
"COG3125",0,0,0,7,1,1,3,6,0,8
"COG3126",0,0,3,0,33,1,0,1,2,0
"COG3127",220,205,159,403,267,170,167,119,193,194
"COG3128",60,31,86,20,700,39,141,13,67,93
"COG3129",2,34,14,64,2,5,3,12,5,10
"COG3130",1,3,1,0,12,0,1,5,1,1
"COG3131",4,3,7,0,105,13,2,20,6,17
"COG3132",1,1,3,1,1,1,0,0,2,5
"COG3133",12,9,8,10,3,1,0,1,3,1
"COG3134",0,7,0,7,8,2,0,8,1,1
"COG3135",10,4,13,18,34,14,6,22,9,16
"COG3136",0,0,2,0,0,0,0,4,0,0
"COG3137",1,2,2,0,26,9,2,15,8,21
"COG3138",24,19,23,55,101,19,8,18,7,20
"COG3139",1,2,1,4,3,5,0,0,1,1
"COG3141",1,0,1,0,2,0,1,4,2,0
"COG3142",29,73,21,58,6,43,19,3,37,30
"COG3143",3,1,4,0,19,6,1,9,1,5
"COG3144",1,4,11,93,72,33,2,24,7,33
"COG3145",30,97,39,106,47,72,33,39,30,30
"COG3146",197,151,239,136,130,143,120,75,211,140
"COG3147",3,1,0,5,10,5,3,7,7,7
"COG3148",0,3,20,2,4,7,2,16,8,21
"COG3149",2,2,4,0,3,2,2,9,2,5
"COG3150",41,54,22,52,6,25,4,13,19,19
"COG3151",17,46,14,17,13,10,3,13,20,8
"COG3152",53,66,45,54,59,36,42,36,50,58
"COG3153",16,26,8,10,76,20,12,11,5,6
"COG3154",0,0,1,0,7,2,0,3,0,0
"COG3155",5,3,7,0,11,12,9,24,11,13
"COG3156",45,63,35,89,55,40,16,32,35,41
"COG3157",1,0,1,2,4,4,1,3,0,0
"COG3158",5,9,4,9,104,1,0,6,4,3
"COG3159",48,64,19,46,25,31,11,25,30,34
"COG3160",0,1,0,26,13,2,2,6,4,5
"COG3161",32,41,22,67,16,15,2,24,26,11
"COG3162",0,0,0,0,1,0,0,2,0,0
"COG3164",40,162,74,259,141,57,41,86,77,91
"COG3165",4,12,5,83,21,8,5,22,3,13
"COG3166",1,12,4,30,9,2,3,10,4,2
"COG3167",1,11,4,16,18,4,4,10,5,10
"COG3168",3,9,6,1,16,3,1,12,3,5
"COG3169",0,0,0,0,17,1,0,2,1,0
"COG3170",12,11,14,1,59,11,3,19,11,33
"COG3171",0,0,1,0,1,0,0,1,0,0
"COG3172",14,68,15,49,2,43,7,7,16,19
"COG3173",72,93,50,84,81,227,263,199,173,213
"COG3174",2,0,2,0,41,2,0,5,2,0
"COG3175",141,109,96,235,53,119,82,53,60,97
"COG3176",168,170,79,152,126,112,115,54,81,116
"COG3177",11,18,8,6,183,15,2,24,9,9
"COG3178",206,141,175,206,120,119,153,104,167,153
"COG3179",13,20,0,1,34,9,2,3,0,4
"COG3180",95,50,72,58,55,67,81,33,48,90
"COG3181",196,196,122,258,102,132,135,235,126,160
"COG3182",19,8,39,26,352,37,17,85,29,62
"COG3183",0,1,1,3,1,0,7,7,3,0
"COG3184",0,0,0,0,6,2,1,1,1,7
"COG3185",34,133,44,126,104,58,64,49,49,43
"COG3186",24,89,35,116,73,90,38,42,36,35
"COG3187",2,0,3,1,28,1,0,4,0,1
"COG3188",2,22,1,2,169,3,5,4,3,1
"COG3189",1,0,0,0,7,0,0,1,0,1
"COG3190",0,0,0,0,3,0,0,3,1,0
"COG3191",40,45,44,54,62,53,49,82,59,39
"COG3192",0,0,0,0,1,0,0,0,0,0
"COG3193",13,23,14,22,9,8,16,18,10,12
"COG3194",47,39,37,23,12,33,64,46,26,33
"COG3195",53,66,40,40,15,50,58,69,56,38
"COG3196",0,0,0,0,1,0,0,0,0,0
"COG3197",0,1,0,0,0,1,0,0,0,0
"COG3198",1,1,3,0,12,2,0,7,4,3
"COG3199",18,19,26,19,22,74,69,46,70,43
"COG3200",252,118,221,154,154,201,286,200,197,249
"COG3201",46,125,28,112,16,19,5,6,10,12
"COG3202",84,121,54,109,21,58,66,48,71,53
"COG3203",30,42,13,6,2,23,19,6,28,10
"COG3204",61,64,63,25,6,270,17,27,79,67
"COG3205",2,0,0,1,18,0,3,6,0,6
"COG3206",135,180,87,141,322,173,62,76,94,104
"COG3207",0,0,0,0,0,0,0,0,0,0
"COG3208",9,5,20,2,2,14,6,17,3,5
"COG3209",11,5,17,3,247,66,6,15,15,31
"COG3210",43,12,31,13,52,74,10,24,31,32
"COG3211",31,50,44,4,168,69,82,112,63,102
"COG3212",0,0,0,0,6,0,0,5,0,1
"COG3213",5,11,3,0,73,6,1,6,1,0
"COG3214",3,7,5,1,54,6,11,1,4,4
"COG3215",0,6,5,1,8,3,1,2,1,0
"COG3216",52,59,54,42,67,40,45,17,65,45
"COG3217",63,72,89,96,32,51,58,42,58,54
"COG3218",1,1,0,0,14,1,1,4,1,1
"COG3219",2,1,6,7,26,3,0,10,2,8
"COG3220",1,7,10,11,36,8,1,13,11,11
"COG3221",129,90,164,62,126,107,141,286,171,143
"COG3222",38,49,74,60,47,51,38,9,61,28
"COG3223",3,1,3,0,1,1,0,0,3,0
"COG3224",1,4,5,1,7,3,1,10,3,0
"COG3225",118,124,79,97,80,124,92,118,108,94
"COG3226",0,0,3,0,9,1,0,0,2,1
"COG3227",10,25,2,108,20,25,4,9,7,11
"COG3228",7,7,8,1,40,18,0,3,15,2
"COG3230",0,1,0,0,6,5,0,2,0,1
"COG3231",0,0,0,0,0,0,0,1,0,0
"COG3232",2,8,2,1,0,4,9,4,6,4
"COG3233",0,0,0,0,9,0,1,1,0,0
"COG3235",2,0,4,0,3,3,0,7,3,0
"COG3236",1,11,6,6,8,15,4,5,2,4
"COG3237",0,0,2,0,9,1,0,2,3,6
"COG3238",4,11,7,5,8,8,5,6,2,6
"COG3239",324,345,487,218,194,307,343,138,423,333
"COG3240",1,3,2,0,2,4,10,4,3,5
"COG3241",22,22,25,58,5,26,10,9,15,26
"COG3242",0,0,0,0,0,1,0,1,0,0
"COG3243",27,52,15,3,349,24,10,146,10,10
"COG3245",18,38,18,51,19,22,11,24,17,17
"COG3246",155,170,156,114,37,150,161,128,121,176
"COG3247",1,1,0,0,11,0,0,1,0,1
"COG3248",1,7,0,0,14,2,2,10,2,0
"COG3249",12,24,22,92,48,14,20,17,14,21
"COG3250",175,261,142,320,24,285,202,237,156,195
"COG3251",0,0,1,0,1,0,0,0,0,0
"COG3252",6,7,3,8,1,10,11,2,4,13
"COG3253",2,12,14,0,7,8,20,83,13,11
"COG3254",11,3,8,1,2,6,5,1,17,2
"COG3255",6,5,4,7,2,10,16,7,12,33
"COG3256",3,3,3,0,31,6,2,4,0,2
"COG3257",12,31,9,13,12,7,1,6,6,4
"COG3258",1,6,1,0,10,3,0,5,2,5
"COG3259",0,0,0,0,0,2,1,0,0,0
"COG3261",0,0,0,0,0,1,0,0,0,0
"COG3263",12,9,60,0,131,13,21,320,48,19
"COG3264",76,153,95,74,248,80,92,69,101,69
"COG3265",6,20,12,6,22,4,10,17,7,14
"COG3266",0,0,1,17,1,4,0,6,2,0
"COG3267",19,26,19,60,111,58,33,46,18,50
"COG3268",115,189,85,206,99,178,93,64,114,116
"COG3269",1,0,0,0,0,0,4,0,1,0
"COG3270",0,0,0,0,1,0,0,1,3,0
"COG3271",1,2,0,0,7,0,2,0,0,0
"COG3272",2,4,6,2,42,28,12,12,12,13
"COG3273",0,0,1,0,0,4,25,37,8,3
"COG3274",0,0,0,6,0,0,0,0,0,0
"COG3275",9,89,16,167,51,11,1,11,12,18
"COG3276",88,73,92,1,5,114,205,301,135,103
"COG3277",0,0,3,1,0,1,0,0,0,0
"COG3278",52,63,17,4,253,30,19,22,26,31
"COG3279",14,152,32,156,243,44,5,38,23,32
"COG3280",0,0,0,0,3,1,0,4,0,1
"COG3281",0,3,0,0,5,1,0,4,0,3
"COG3283",4,1,6,0,20,4,2,16,6,21
"COG3284",54,86,39,134,98,16,43,23,24,37
"COG3285",0,0,0,1,162,1,1,7,1,3
"COG3287",7,1,8,1,28,5,1,18,3,2
"COG3288",456,309,466,301,189,406,408,330,467,476
"COG3290",0,0,0,4,2,1,1,12,0,1
"COG3291",361,831,190,253,70,645,314,273,376,335
"COG3292",78,262,119,120,214,172,202,195,151,207
"COG3293",26,78,12,24,84,21,1,45,16,20
"COG3294",0,0,0,0,0,0,0,0,0,0
"COG3295",0,0,4,2,39,2,1,7,1,0
"COG3296",5,1,4,18,9,5,1,7,3,1
"COG3297",9,16,10,51,18,12,8,26,8,16
"COG3298",8,9,10,1,26,7,5,24,9,4
"COG3299",0,3,1,0,2,0,0,1,0,0
"COG3300",5,1,15,1,249,9,4,38,10,24
"COG3301",0,0,0,0,0,0,0,0,3,1
"COG3302",25,34,20,22,6,27,7,0,16,11
"COG3303",0,0,0,0,1,2,0,0,0,3
"COG3304",3,8,5,6,1,12,0,0,6,1
"COG3305",0,0,0,0,0,0,0,0,0,0
"COG3306",120,68,51,35,153,54,267,8,20,101
"COG3307",47,79,111,55,77,111,39,19,115,60
"COG3308",0,1,0,1,0,0,0,11,0,3
"COG3309",0,0,0,0,0,0,0,0,0,0
"COG3310",0,8,4,18,7,6,0,4,4,8
"COG3311",0,3,3,2,12,6,3,7,2,1
"COG3312",2,6,6,0,3,4,1,7,2,4
"COG3313",34,42,17,9,10,11,6,12,21,17
"COG3314",0,2,5,1,1,2,1,9,3,12
"COG3315",8,26,27,33,17,35,16,24,21,18
"COG3316",0,74,5,12,52,5,1,3,1,3
"COG3317",67,93,56,87,12,32,20,41,38,53
"COG3318",10,6,8,3,8,17,18,27,16,9
"COG3319",6,13,1,1,5,36,1,0,3,3
"COG3320",9,8,22,49,66,41,10,4,9,10
"COG3321",98,56,78,54,296,216,57,71,69,79
"COG3322",0,0,0,0,62,1,0,7,2,2
"COG3323",40,79,18,69,9,78,7,11,15,28
"COG3324",2,0,1,3,34,8,1,10,4,7
"COG3325",25,37,25,7,5,38,33,19,22,30
"COG3326",2,0,0,0,8,1,1,4,3,0
"COG3327",1,9,3,7,9,1,1,1,4,4
"COG3328",20,107,16,16,269,35,12,32,21,6
"COG3329",72,26,102,0,6,19,78,16,97,77
"COG3330",53,4,89,0,0,35,58,4,106,50
"COG3331",0,0,0,0,3,0,0,0,0,0
"COG3332",15,17,14,59,27,27,14,17,12,18
"COG3333",324,390,237,202,178,235,230,345,209,319
"COG3334",0,1,1,0,14,2,0,0,0,2
"COG3335",4,136,6,32,111,19,3,27,14,12
"COG3336",32,26,11,0,48,12,60,41,11,34
"COG3338",2,10,3,2,10,3,3,2,1,0
"COG3339",10,3,42,0,26,14,10,3,22,19
"COG3340",92,95,107,111,1,77,65,23,120,105
"COG3341",3,31,6,54,0,18,1,0,8,4
"COG3342",24,36,23,18,3,63,57,62,25,27
"COG3344",35,36,48,24,182,73,24,146,43,71
"COG3345",4,86,10,94,5,17,5,9,2,17
"COG3346",187,154,86,256,54,123,128,98,101,122
"COG3347",127,85,118,55,58,79,165,179,115,130
"COG3349",145,30,329,16,2,147,189,12,323,167
"COG3350",0,0,0,0,6,0,0,2,0,0
"COG3354",0,0,0,0,0,0,2,0,0,1
"COG3356",3,5,15,0,0,3,2,302,28,2
"COG3357",0,0,0,0,0,0,0,0,0,0
"COG3358",22,36,6,48,11,47,1,10,11,15
"COG3359",0,0,0,0,0,4,0,5,0,3
"COG3360",0,1,0,0,5,1,0,1,1,1
"COG3361",5,6,3,25,1,33,9,0,24,27
"COG3363",0,0,0,0,0,0,0,0,0,0
"COG3364",0,0,0,0,0,0,0,1,0,0
"COG3365",0,0,0,0,0,0,0,0,0,0
"COG3367",49,70,38,50,57,58,51,44,63,52
"COG3369",0,5,3,0,2,0,0,0,4,0
"COG3371",0,0,0,0,0,0,0,2,0,0
"COG3372",0,1,0,0,0,0,0,11,3,2
"COG3375",0,1,1,0,1,0,0,1,1,0
"COG3376",1,0,0,2,0,0,0,0,0,1
"COG3377",0,2,0,4,0,0,0,0,0,0
"COG3378",56,283,65,59,530,53,116,21,28,69
"COG3379",3,27,1,40,0,5,0,4,1,3
"COG3380",143,79,80,227,67,155,78,40,63,96
"COG3381",4,2,6,2,13,0,3,12,9,7
"COG3382",0,0,0,0,0,1,0,3,0,0
"COG3383",306,307,268,871,119,56,104,132,74,92
"COG3384",21,13,38,0,87,42,51,80,80,61
"COG3385",21,2,49,0,31,14,4,54,25,88
"COG3386",230,212,206,215,219,196,179,169,209,198
"COG3387",11,11,15,1,179,17,8,16,16,30
"COG3388",0,0,0,0,0,0,0,0,0,0
"COG3389",27,2,13,0,0,53,38,9,40,34
"COG3390",11,3,13,0,0,26,24,11,32,22
"COG3391",80,191,106,310,106,158,173,440,155,100
"COG3392",8,16,12,10,12,9,7,28,13,15
"COG3393",1,1,0,39,1,2,0,2,0,0
"COG3394",15,58,12,28,0,8,8,23,15,23
"COG3395",78,34,153,12,18,51,89,9,131,87
"COG3396",54,104,55,37,30,89,88,90,87,64
"COG3397",0,3,2,0,1,0,6,1,7,0
"COG3398",18,9,28,0,0,64,36,18,59,47
"COG3399",0,0,0,0,0,0,0,1,0,0
"COG3400",19,22,7,0,0,14,41,9,5,30
"COG3401",0,0,1,0,0,2,10,7,2,4
"COG3402",0,1,0,9,27,0,0,0,0,2
"COG3403",1,0,0,0,17,0,0,4,0,4
"COG3404",40,86,37,34,1,134,79,51,67,36
"COG3405",1,4,2,0,15,1,1,4,2,13
"COG3407",36,105,22,110,1,55,17,14,26,28
"COG3408",5,4,2,2,41,12,1,14,3,6
"COG3409",105,72,26,2,159,60,181,62,24,80
"COG3410",4,3,0,1,36,2,1,1,1,0
"COG3411",5,10,35,9,21,16,25,18,31,20
"COG3412",0,0,0,0,0,0,0,0,0,0
"COG3413",0,0,2,0,0,8,10,5,10,5
"COG3414",0,0,0,0,2,0,0,0,0,0
"COG3415",4,22,2,2,69,8,2,8,6,0
"COG3417",1,1,2,0,9,3,0,3,4,3
"COG3418",0,0,0,0,0,0,0,4,0,0
"COG3419",83,18,53,39,29,112,196,162,123,159
"COG3420",5,13,0,0,9,2,1,9,9,3
"COG3421",5,5,4,0,16,5,4,1,3,1
"COG3422",3,3,1,0,14,0,1,3,1,2
"COG3423",0,0,0,0,4,0,0,0,0,0
"COG3424",15,12,10,79,19,8,11,16,3,6
"COG3425",47,70,70,24,3,66,73,221,116,81
"COG3426",0,0,0,0,0,2,0,0,0,0
"COG3427",27,17,51,18,18,45,63,61,52,54
"COG3428",9,13,6,47,137,7,3,17,7,23
"COG3429",59,5,104,0,9,37,38,1,108,36
"COG3431",1,2,4,0,0,5,0,0,5,1
"COG3433",0,0,0,0,0,0,0,0,0,0
"COG3434",4,4,22,1,45,16,4,28,18,40
"COG3435",8,2,13,2,8,19,13,5,5,10
"COG3436",28,40,92,15,233,79,19,117,67,240
"COG3437",59,37,50,50,140,121,38,109,42,116
"COG3439",2,3,1,1,30,5,7,5,0,2
"COG3440",19,6,10,20,43,16,12,11,16,8
"COG3442",0,0,1,0,6,1,5,0,0,4
"COG3443",0,0,0,0,8,0,0,0,0,0
"COG3444",0,0,0,0,0,1,0,1,0,0
"COG3447",0,0,1,0,16,10,0,12,1,1
"COG3448",73,50,56,111,19,62,50,51,43,57
"COG3449",0,2,2,1,11,6,0,6,1,10
"COG3450",26,21,26,82,8,13,19,7,21,9
"COG3451",11,13,6,2,610,9,10,33,10,69
"COG3452",1,0,5,1,66,9,1,8,4,2
"COG3453",18,20,4,6,120,8,6,7,6,5
"COG3454",2,14,4,0,26,2,1,1,7,20
"COG3455",0,0,1,4,6,3,1,4,5,0
"COG3456",1,0,0,1,23,4,0,6,0,0
"COG3457",0,5,0,7,1,0,0,0,0,0
"COG3458",4,4,2,1,4,3,2,8,2,5
"COG3459",3,4,0,0,11,2,2,5,1,10
"COG3460",2,4,1,5,0,4,2,12,4,1
"COG3461",0,0,0,0,5,1,1,0,0,0
"COG3463",3,6,28,0,0,15,24,37,27,5
"COG3464",21,6,30,2,319,20,14,59,23,45
"COG3467",3,5,5,2,6,0,22,134,12,6
"COG3468",3,11,10,2,31,0,2,0,3,7
"COG3469",0,0,2,3,0,4,0,1,0,1
"COG3470",47,13,22,13,1,58,11,5,25,25
"COG3471",0,0,0,0,3,1,0,3,1,0
"COG3472",1,4,1,5,13,4,2,6,1,1
"COG3473",99,136,113,193,25,91,149,126,110,96
"COG3474",97,120,107,86,119,100,103,50,77,142
"COG3475",4,9,2,0,1,5,3,2,1,4
"COG3476",70,61,58,123,58,59,53,26,51,52
"COG3478",6,5,1,0,0,2,15,7,0,2
"COG3479",0,0,0,0,0,0,0,0,0,0
"COG3480",31,18,13,0,7,22,59,22,13,36
"COG3481",21,18,21,0,3,17,29,20,27,11
"COG3482",0,0,0,0,0,1,0,0,0,0
"COG3483",42,99,31,101,34,71,82,57,80,48
"COG3484",4,9,32,0,43,6,16,7,24,76
"COG3485",37,46,43,9,43,51,32,43,38,43
"COG3486",0,0,0,0,5,0,0,0,1,0
"COG3487",12,8,4,108,37,10,3,5,7,6
"COG3488",21,13,14,111,53,1,7,6,5,9
"COG3489",5,3,2,19,50,5,0,1,3,1
"COG3490",2,2,2,26,28,5,0,6,3,1
"COG3491",248,287,233,109,128,285,247,226,266,204
"COG3492",17,10,15,9,7,41,38,24,35,38
"COG3493",0,0,0,0,1,0,0,0,0,1
"COG3494",114,54,113,84,36,76,77,67,76,100
"COG3495",12,30,8,8,29,15,6,21,9,19
"COG3496",141,117,145,229,48,115,144,44,119,176
"COG3497",542,420,192,26,1439,272,1730,118,81,569
"COG3498",0,0,0,0,3,0,0,1,0,0
"COG3499",0,1,1,0,0,0,0,2,0,0
"COG3500",5,11,2,0,4,3,3,2,2,10
"COG3501",8,15,15,2,42,40,3,15,13,9
"COG3502",41,36,34,33,11,30,9,7,39,22
"COG3503",12,29,10,3,8,21,14,36,17,15
"COG3504",0,2,3,0,192,1,4,8,0,2
"COG3505",9,10,8,5,395,12,5,32,7,64
"COG3506",1,0,0,0,0,0,0,1,0,0
"COG3507",49,57,43,8,105,92,26,35,71,46
"COG3508",42,112,50,117,40,88,49,52,76,39
"COG3509",255,293,218,123,11,320,123,124,279,250
"COG3510",11,6,12,32,13,5,14,16,16,12
"COG3511",3,0,5,0,10,1,0,1,1,2
"COG3512",0,1,0,1,0,0,0,0,0,0
"COG3513",2,3,2,16,1,9,3,0,2,1
"COG3514",0,0,0,0,0,0,1,1,0,0
"COG3515",2,1,5,2,12,9,2,11,4,0
"COG3516",2,3,1,2,3,2,1,2,0,1
"COG3517",0,1,4,8,13,10,2,9,8,1
"COG3518",0,0,0,0,1,0,0,4,1,0
"COG3519",2,5,5,3,11,9,1,10,3,2
"COG3520",0,2,2,1,5,9,2,4,1,2
"COG3521",1,0,1,0,1,1,1,2,0,0
"COG3522",1,9,5,4,14,7,0,2,3,0
"COG3523",5,2,5,5,29,19,3,19,6,4
"COG3524",4,6,13,1,42,7,3,16,9,17
"COG3525",141,271,83,201,28,172,85,145,86,122
"COG3526",0,2,0,1,7,0,4,4,1,2
"COG3527",0,6,0,0,0,1,0,0,1,3
"COG3528",11,24,3,15,91,2,0,3,1,5
"COG3529",0,1,1,13,4,1,0,5,1,1
"COG3530",2,6,3,9,3,1,0,3,1,2
"COG3531",0,6,7,13,12,2,0,8,1,16
"COG3533",22,13,16,2,2,19,9,25,10,13
"COG3534",18,25,14,13,31,30,14,24,18,12
"COG3535",12,6,15,10,12,8,12,12,8,16
"COG3536",8,26,6,40,20,13,4,7,8,10
"COG3537",114,303,66,466,41,259,13,10,66,62
"COG3538",12,22,5,69,4,47,1,2,4,4
"COG3539",0,0,0,0,1,0,0,0,0,0
"COG3540",151,214,112,97,265,105,58,59,104,112
"COG3541",3,1,2,1,23,0,1,2,0,1
"COG3542",18,11,44,4,18,13,22,15,44,33
"COG3543",1,0,0,0,0,0,0,0,0,0
"COG3544",123,80,54,128,143,19,17,14,15,14
"COG3545",0,1,0,0,6,1,0,4,1,0
"COG3546",0,0,0,0,1,0,0,3,0,0
"COG3547",62,46,79,11,562,68,17,119,40,152
"COG3548",1,1,3,0,0,0,0,0,2,0
"COG3549",0,0,2,0,5,0,3,2,0,2
"COG3550",8,6,35,3,286,28,4,48,15,57
"COG3551",6,3,11,0,0,22,13,10,10,19
"COG3552",60,81,43,16,76,73,120,98,57,63
"COG3553",0,1,1,0,9,0,0,1,0,0
"COG3554",0,0,0,0,4,0,0,0,0,0
"COG3555",44,34,54,54,108,43,46,11,20,50
"COG3556",22,4,52,0,0,18,24,3,49,21
"COG3558",1,0,7,0,27,0,1,7,2,5
"COG3559",0,0,0,0,12,0,0,0,0,0
"COG3560",0,0,0,0,0,0,0,0,0,0
"COG3561",0,0,0,0,1,0,0,1,0,0
"COG3562",7,14,24,1,38,6,3,1,14,9
"COG3563",3,15,24,2,29,8,1,5,12,5
"COG3564",46,17,15,28,1,33,11,15,19,24
"COG3565",69,79,55,91,26,86,47,40,71,69
"COG3566",0,1,2,0,31,1,0,0,0,0
"COG3567",1,0,1,0,33,2,0,0,0,0
"COG3568",30,60,32,53,65,35,31,43,33,31
"COG3569",22,43,37,9,91,35,44,277,42,31
"COG3570",0,4,0,0,0,0,0,0,0,2
"COG3571",1,5,9,9,33,12,16,18,10,10
"COG3572",226,116,147,112,142,46,66,55,49,69
"COG3573",0,0,1,0,26,8,0,1,0,1
"COG3575",0,1,2,0,2,2,1,5,0,4
"COG3576",29,52,22,50,31,50,55,196,27,30
"COG3577",6,15,10,9,72,5,9,12,22,10
"COG3579",53,51,43,9,0,79,78,58,110,41
"COG3580",0,0,0,0,0,1,1,7,0,1
"COG3581",0,0,0,0,0,0,0,3,0,0
"COG3582",0,0,0,0,0,0,0,0,0,0
"COG3583",0,0,0,0,0,0,0,1,0,0
"COG3584",1,3,2,0,11,0,2,1,3,2
"COG3585",0,0,0,0,0,1,0,0,0,0
"COG3586",3,10,5,8,18,1,0,6,1,0
"COG3587",4,5,3,3,74,6,5,10,6,52
"COG3588",308,182,287,182,183,224,605,202,310,291
"COG3590",32,96,61,198,229,38,42,26,55,61
"COG3591",0,0,0,7,0,5,0,0,1,0
"COG3592",0,1,0,0,4,0,0,0,0,0
"COG3593",5,8,40,1,103,1,1,113,12,7
"COG3594",3,2,12,18,7,39,9,4,2,17
"COG3595",0,0,0,0,3,0,0,2,1,1
"COG3596",0,0,0,0,0,0,0,4,0,0
"COG3597",0,2,2,4,0,1,1,4,1,1
"COG3598",2,10,1,1,110,5,10,1,1,1
"COG3599",2,1,17,0,3,29,1,2,6,5
"COG3600",1,0,3,0,7,1,0,3,0,12
"COG3602",1,1,2,3,4,6,7,6,5,9
"COG3603",3,3,3,1,0,2,1,10,3,4
"COG3604",21,11,12,3,38,52,19,42,33,11
"COG3605",56,113,34,121,345,58,12,63,42,48
"COG3607",0,0,0,0,5,1,0,1,0,0
"COG3608",13,25,18,12,49,66,57,66,85,58
"COG3609",1,0,1,0,16,12,3,7,9,7
"COG3610",2,1,2,1,0,3,0,13,4,11
"COG3612",0,0,0,0,0,0,0,0,0,0
"COG3613",17,26,8,4,11,16,30,8,5,27
"COG3614",1,2,7,1,159,3,0,8,4,1
"COG3615",0,0,1,1,0,0,0,0,0,0
"COG3616",59,82,58,14,106,94,58,75,54,45
"COG3617",0,0,0,0,6,0,1,2,1,1
"COG3618",112,127,99,96,155,143,101,109,122,100
"COG3619",0,1,0,0,14,0,0,0,0,0
"COG3620",8,18,8,10,1,9,2,87,8,5
"COG3621",52,52,30,51,25,68,27,35,40,43
"COG3622",56,74,41,13,28,65,38,49,38,59
"COG3623",14,26,17,12,8,11,12,34,12,11
"COG3624",0,1,4,0,8,2,2,1,2,3
"COG3625",1,1,1,0,7,3,0,1,1,8
"COG3626",1,1,5,3,15,3,0,3,3,6
"COG3627",0,3,3,0,10,3,0,0,1,13
"COG3628",23,8,16,0,111,12,142,7,4,35
"COG3629",0,0,0,1,1,0,0,0,0,1
"COG3631",7,14,12,10,8,7,9,18,8,14
"COG3633",3,0,4,0,4,4,2,12,2,11
"COG3634",28,5,15,1,100,41,10,61,16,17
"COG3635",4,13,36,0,0,6,32,316,13,13
"COG3636",0,0,0,0,16,0,0,1,0,0
"COG3637",0,3,4,1,113,1,2,4,3,2
"COG3638",68,48,96,35,82,63,63,65,105,90
"COG3639",119,80,175,40,150,110,133,248,197,169
"COG3640",0,0,1,0,0,0,0,1,1,0
"COG3641",0,0,0,0,0,0,0,0,0,1
"COG3642",11,3,17,0,0,22,24,135,45,13
"COG3643",40,58,37,46,0,129,69,41,82,47
"COG3644",2,0,0,0,11,1,0,2,1,0
"COG3645",0,0,0,0,0,0,0,0,0,0
"COG3646",2,0,1,0,0,0,1,0,0,0
"COG3647",3,1,0,0,23,1,0,4,0,0
"COG3648",2,0,4,0,3,0,0,0,1,3
"COG3649",0,0,0,0,2,0,0,3,0,0
"COG3650",0,0,1,0,4,2,0,1,1,0
"COG3651",31,19,42,32,3,101,82,52,122,114
"COG3652",1,0,0,0,1,0,0,2,0,0
"COG3653",148,293,195,249,166,218,362,355,266,212
"COG3654",1,5,2,3,6,0,0,1,1,3
"COG3655",1,4,0,5,22,2,2,2,2,2
"COG3656",3,0,3,0,58,5,2,11,4,0
"COG3657",0,0,0,0,12,1,0,0,0,0
"COG3658",8,8,8,0,24,6,5,10,3,11
"COG3659",3,4,5,0,17,7,1,15,11,2
"COG3660",172,83,162,142,43,136,166,100,118,181
"COG3661",2,1,11,0,54,4,1,6,0,0
"COG3662",33,15,10,0,64,30,55,26,5,33
"COG3663",3,1,3,8,16,3,5,2,2,7
"COG3664",10,13,18,0,0,18,8,7,14,19
"COG3665",247,192,240,340,93,45,112,78,54,93
"COG3666",8,21,33,0,71,29,9,81,8,12
"COG3667",6,2,13,14,273,7,1,25,3,19
"COG3668",2,6,7,2,68,6,1,7,0,3
"COG3669",62,125,26,9,8,35,37,73,25,51
"COG3670",138,148,261,39,83,189,189,94,233,164
"COG3671",0,1,1,15,12,0,0,0,1,0
"COG3672",4,0,6,0,32,6,0,5,4,7
"COG3673",0,23,0,2,63,1,0,2,0,0
"COG3675",21,51,24,6,50,14,171,18,5,20
"COG3676",0,1,2,3,6,2,1,5,0,0
"COG3677",0,2,2,1,2,0,0,3,2,0
"COG3678",1,0,3,0,1,2,2,10,0,8
"COG3679",0,0,0,0,0,0,0,0,0,0
"COG3680",2,4,0,2,0,12,4,4,8,5
"COG3681",0,0,0,0,1,0,0,0,0,0
"COG3682",2,1,2,0,31,1,0,4,1,4
"COG3683",0,3,1,1,4,1,2,2,0,0
"COG3684",11,46,10,6,1,7,10,10,14,7
"COG3685",0,0,0,0,34,0,0,1,0,2
"COG3686",22,9,51,6,11,17,6,5,45,14
"COG3687",7,34,8,54,157,14,11,12,7,8
"COG3688",0,0,1,0,0,0,0,0,1,0
"COG3689",0,3,13,0,12,7,0,0,8,1
"COG3692",0,0,0,0,0,0,0,1,0,0
"COG3693",38,80,39,29,51,82,4,21,38,81
"COG3694",25,8,89,0,0,26,23,1,67,40
"COG3695",27,42,11,59,8,36,6,9,15,12
"COG3696",77,47,147,49,1421,148,46,282,122,235
"COG3698",3,6,6,14,54,11,2,2,3,6
"COG3700",1,0,2,0,0,7,10,6,6,4
"COG3701",1,0,0,0,82,2,1,1,2,1
"COG3702",0,0,0,0,17,0,0,2,0,0
"COG3703",21,24,19,12,30,32,10,15,6,10
"COG3704",0,9,0,2,66,0,1,2,0,0
"COG3705",200,130,293,158,136,179,201,142,278,238
"COG3706",80,116,145,35,506,250,63,270,109,178
"COG3707",5,20,13,18,65,5,9,26,10,16
"COG3708",3,3,6,1,8,1,0,2,1,1
"COG3709",1,2,1,0,9,5,1,3,1,3
"COG3710",4,2,17,2,24,11,1,27,6,44
"COG3711",0,0,0,0,0,1,0,1,0,0
"COG3712",21,84,34,86,182,13,17,44,30,54
"COG3713",4,6,6,9,51,6,1,7,10,6
"COG3714",4,5,0,0,45,2,1,10,1,0
"COG3716",0,0,0,0,0,0,0,0,0,0
"COG3717",3,3,5,15,5,2,0,5,0,10
"COG3718",60,79,27,98,1,45,34,28,32,29
"COG3719",1,5,0,0,51,0,0,0,0,0
"COG3720",1,2,0,2,15,3,1,0,2,0
"COG3721",0,0,0,0,1,0,0,0,0,0
"COG3723",10,2,0,0,106,3,6,7,0,4
"COG3724",21,17,13,79,106,28,6,11,20,22
"COG3725",6,1,10,0,24,0,1,10,2,5
"COG3726",0,1,2,0,1,0,1,5,2,0
"COG3727",7,1,10,1,9,6,11,19,7,7
"COG3728",3,3,0,1,35,0,1,1,1,0
"COG3729",1,0,0,0,2,0,0,1,0,0
"COG3730",4,8,5,0,0,0,19,0,1,4
"COG3731",4,4,0,0,0,1,13,0,3,2
"COG3732",11,7,7,0,0,4,18,1,5,11
"COG3733",32,18,19,1,4,13,54,25,27,16
"COG3734",29,55,12,62,38,17,5,1,7,8
"COG3735",16,22,18,4,115,11,1,14,5,7
"COG3736",0,3,0,0,17,0,0,0,0,0
"COG3737",5,19,9,5,3,12,4,3,10,2
"COG3738",4,3,4,2,15,1,4,3,6,1
"COG3739",0,1,1,0,45,1,0,2,3,1
"COG3740",13,24,3,0,226,4,7,11,1,3
"COG3741",30,57,37,56,105,31,33,49,26,23
"COG3742",0,0,0,0,0,0,0,0,0,0
"COG3743",33,32,15,7,191,88,25,3,26,23
"COG3744",2,1,0,0,3,0,0,2,0,0
"COG3745",0,1,0,0,127,1,0,2,4,2
"COG3746",5,14,14,35,68,21,14,9,9,13
"COG3747",0,6,0,0,65,0,1,0,0,0
"COG3748",159,124,185,153,26,132,229,178,160,196
"COG3749",0,18,1,36,37,6,6,5,2,2
"COG3750",7,17,2,3,27,11,3,0,3,4
"COG3751",36,48,43,73,125,29,87,33,18,65
"COG3752",184,282,110,289,54,186,142,55,126,150
"COG3753",0,0,0,0,0,0,0,0,0,2
"COG3754",10,13,87,6,4,24,5,3,23,8
"COG3755",2,0,0,0,23,0,0,0,0,0
"COG3756",6,0,3,1,49,2,3,0,1,1
"COG3757",5,4,2,1,76,10,5,0,1,1
"COG3758",0,2,2,32,4,0,0,0,1,0
"COG3759",0,0,0,0,9,0,0,1,0,0
"COG3760",31,12,16,17,24,18,7,14,15,23
"COG3761",51,28,37,31,35,30,59,21,24,47
"COG3762",2,3,1,23,52,9,0,2,1,2
"COG3764",45,15,11,8,14,19,73,23,13,45
"COG3765",2,0,2,1,0,2,2,4,0,7
"COG3766",4,1,3,1,9,4,1,5,3,7
"COG3768",0,0,3,0,15,2,0,7,3,13
"COG3769",44,14,99,1,14,34,31,9,86,87
"COG3770",17,29,6,8,14,13,8,1,7,4
"COG3771",0,0,0,0,0,0,0,0,0,0
"COG3772",18,42,9,1,424,3,70,8,4,17
"COG3773",72,94,26,11,460,56,79,46,6,44
"COG3774",30,61,39,17,31,29,16,6,14,25
"COG3775",0,0,0,0,0,0,0,0,0,0
"COG3776",0,0,0,0,0,0,0,0,0,0
"COG3777",49,21,21,2,51,11,2,8,11,6
"COG3778",0,0,0,0,6,0,0,0,0,0
"COG3779",1,0,0,0,0,0,0,0,0,0
"COG3781",7,15,38,16,4,74,26,3,19,22
"COG3782",5,14,3,64,23,6,0,2,2,6
"COG3783",0,0,0,0,0,0,0,0,1,0
"COG3784",2,0,1,1,20,0,0,4,2,0
"COG3785",71,57,77,77,35,45,62,52,59,56
"COG3786",52,33,70,75,21,42,46,34,34,65
"COG3787",1,3,1,13,1,1,0,4,2,1
"COG3788",8,8,4,6,18,9,4,6,9,14
"COG3789",1,0,1,0,0,1,0,1,1,4
"COG3791",194,133,141,123,129,180,134,155,146,127
"COG3793",0,0,0,0,1,0,0,2,0,0
"COG3794",185,69,141,76,38,180,344,157,201,127
"COG3795",0,0,0,0,5,3,2,3,0,0
"COG3797",0,2,1,0,12,0,0,0,1,0
"COG3798",1,0,0,0,9,0,1,1,0,0
"COG3799",0,0,0,0,0,0,0,0,0,0
"COG3800",168,96,147,43,145,104,140,108,119,172
"COG3801",0,0,2,0,0,0,2,0,1,0
"COG3802",0,2,0,0,9,6,2,5,2,2
"COG3803",86,61,43,60,41,52,44,25,48,36
"COG3804",5,8,13,20,6,5,8,10,6,5
"COG3805",0,1,4,1,6,3,2,0,4,0
"COG3806",34,44,11,35,53,21,21,19,13,28
"COG3807",68,50,68,60,43,21,24,12,10,22
"COG3808",697,535,501,554,199,618,636,824,571,612
"COG3809",0,0,0,0,10,0,0,1,0,1
"COG3811",0,0,0,0,3,0,0,1,0,0
"COG3812",18,8,4,19,26,6,4,5,6,2
"COG3813",0,1,0,0,6,0,0,0,0,0
"COG3814",4,13,6,2,18,18,9,7,10,7
"COG3815",5,0,6,0,0,5,2,4,16,3
"COG3816",57,57,31,19,71,38,24,22,28,24
"COG3817",0,0,0,0,5,0,0,0,0,0
"COG3818",53,56,25,20,19,46,49,27,40,30
"COG3819",0,1,0,0,8,0,0,0,0,0
"COG3820",101,55,87,68,69,80,94,69,66,86
"COG3821",0,25,0,8,25,2,0,3,1,1
"COG3822",22,7,7,3,4,5,2,6,11,7
"COG3823",37,71,32,101,23,83,44,37,56,43
"COG3824",0,2,0,1,41,1,0,9,1,1
"COG3825",125,122,83,100,142,112,65,79,79,93
"COG3826",0,0,0,0,3,1,0,1,0,0
"COG3827",0,0,0,0,22,3,0,2,0,0
"COG3828",88,47,26,2,21,47,18,14,33,40
"COG3829",2,2,0,2,27,12,0,17,1,1
"COG3830",9,16,2,59,27,19,11,13,11,7
"COG3831",1,0,0,0,4,0,0,1,0,0
"COG3832",1,1,1,0,67,4,0,8,1,6
"COG3833",32,5,1,1,2,37,39,7,13,25
"COG3835",0,2,0,0,1,1,0,2,0,1
"COG3836",153,90,118,82,40,121,175,143,135,122
"COG3837",1,12,4,0,24,4,4,0,1,1
"COG3838",0,0,1,1,10,0,0,4,2,2
"COG3839",579,684,404,865,231,453,531,381,332,543
"COG3840",23,21,6,10,4,18,4,2,9,8
"COG3842",730,525,613,651,318,533,632,518,605,645
"COG3843",3,0,0,2,243,3,6,13,3,5
"COG3844",74,248,35,175,83,124,86,108,75,57
"COG3845",402,282,195,241,125,231,444,366,213,271
"COG3846",0,0,1,0,54,0,0,8,2,4
"COG3847",0,0,0,0,1,0,0,0,0,0
"COG3848",3,4,11,0,0,0,0,0,0,0
"COG3850",3,3,1,0,29,11,3,11,3,1
"COG3851",3,4,1,14,13,0,0,0,0,0
"COG3852",100,148,66,122,116,84,41,56,63,72
"COG3853",0,0,1,0,75,6,0,1,0,0
"COG3854",9,7,119,70,0,58,22,7,40,19
"COG3855",0,1,1,0,0,0,0,0,0,0
"COG3857",2,0,1,0,0,4,0,1,2,0
"COG3858",13,12,34,7,10,18,25,16,46,20
"COG3859",0,0,0,0,0,0,0,0,0,0
"COG3860",0,0,0,0,0,0,0,0,0,0
"COG3861",0,0,0,0,0,0,0,0,0,0
"COG3864",82,66,31,14,753,57,133,32,23,44
"COG3865",0,0,0,1,30,2,1,1,0,1
"COG3866",1,2,9,0,0,1,0,2,3,2
"COG3867",9,26,5,7,0,52,5,4,12,17
"COG3868",2,1,1,0,27,0,2,2,7,1
"COG3869",20,4,3,1,0,8,1,1,7,6
"COG3870",0,0,0,0,0,0,0,0,1,0
"COG3871",1,0,1,0,50,0,2,5,1,4
"COG3872",18,18,12,0,0,18,63,26,16,25
"COG3874",0,0,0,0,0,0,0,0,0,0
"COG3875",7,7,29,0,0,15,25,155,31,7
"COG3876",95,147,50,96,61,101,80,75,86,95
"COG3877",0,0,0,0,0,0,0,0,0,0
"COG3878",0,0,0,0,0,0,0,0,0,0
"COG3879",0,0,0,0,0,0,1,0,0,0
"COG3880",2,2,4,0,0,4,0,0,2,3
"COG3882",9,17,33,45,36,13,24,186,35,27
"COG3883",0,0,0,0,0,5,15,2,2,1
"COG3884",0,0,3,0,3,5,1,0,1,3
"COG3885",0,0,0,0,0,0,0,0,0,0
"COG3886",5,5,8,17,78,9,5,11,9,6
"COG3887",0,0,0,0,0,0,0,0,0,0
"COG3889",0,4,21,0,0,0,6,375,28,5
"COG3890",0,0,0,0,0,0,0,0,0,0
"COG3892",44,61,9,87,14,26,43,22,9,39
"COG3893",73,118,39,25,266,102,24,5,46,33
"COG3894",75,134,47,207,23,70,81,104,55,37
"COG3895",0,0,1,0,1,0,0,0,0,0
"COG3896",0,8,0,0,2,0,1,0,1,1
"COG3897",3,8,11,0,18,2,0,1,1,2
"COG3898",76,47,30,10,66,69,32,12,32,28
"COG3899",2,4,4,0,16,29,10,2,12,8
"COG3900",0,0,0,0,0,0,0,0,0,0
"COG3901",6,7,16,0,27,48,23,27,6,10
"COG3903",0,3,0,0,3,10,0,1,0,0
"COG3904",0,4,0,4,11,1,0,1,1,1
"COG3905",0,0,0,0,1,0,0,0,0,0
"COG3907",1,0,1,0,4,0,0,21,1,0
"COG3908",18,8,23,30,13,16,26,13,15,20
"COG3909",38,21,30,23,16,14,19,5,20,32
"COG3910",0,1,0,1,1,0,2,3,0,0
"COG3911",14,40,14,41,29,22,3,4,14,22
"COG3913",0,0,1,1,1,2,0,0,3,0
"COG3914",147,130,230,211,87,193,150,126,154,153
"COG3915",0,3,2,0,14,1,1,0,1,0
"COG3916",0,5,0,18,37,3,0,0,0,0
"COG3917",242,216,195,204,134,152,195,115,176,187
"COG3918",0,0,0,0,0,0,0,0,0,0
"COG3919",4,22,2,5,7,6,3,1,2,4
"COG3920",9,19,22,6,946,34,29,56,15,13
"COG3921",0,0,2,0,37,2,1,5,4,2
"COG3923",0,0,0,0,0,0,0,0,0,0
"COG3926",33,23,12,0,209,15,36,7,1,14
"COG3930",12,1,7,0,58,24,11,7,18,5
"COG3931",10,33,17,15,52,6,6,4,6,2
"COG3932",1,1,2,4,86,1,0,3,1,8
"COG3934",6,2,17,66,8,21,12,3,15,5
"COG3935",1,2,0,0,48,1,1,1,0,0
"COG3936",0,0,0,0,3,0,0,0,0,0
"COG3937",0,2,10,0,0,2,0,0,2,3
"COG3938",64,72,47,84,42,82,72,81,59,52
"COG3940",1,5,4,44,4,5,1,9,1,0
"COG3941",4,7,1,0,76,3,5,17,3,0
"COG3942",1,0,1,0,46,0,2,1,0,0
"COG3943",0,7,2,0,19,2,0,5,1,2
"COG3944",2,0,0,0,0,0,0,1,0,1
"COG3945",0,5,12,0,4,0,3,45,5,1
"COG3946",0,0,0,0,0,0,1,2,0,0
"COG3947",0,0,1,0,15,1,0,0,1,0
"COG3948",0,0,0,0,1,0,6,0,0,0
"COG3949",4,10,3,19,6,3,13,20,21,5
"COG3950",1,0,0,2,30,2,1,4,3,0
"COG3951",9,11,9,19,30,1,2,1,2,9
"COG3952",4,21,2,11,2,8,2,0,5,3
"COG3953",0,0,0,0,0,0,0,0,0,0
"COG3954",47,29,113,63,19,42,40,21,89,63
"COG3955",1,1,0,0,0,0,1,0,0,0
"COG3956",34,13,16,0,0,20,57,26,24,15
"COG3957",11,0,4,1,138,6,1,17,5,3
"COG3958",104,106,80,157,60,147,92,233,125,123
"COG3959",99,102,86,150,41,125,109,250,100,93
"COG3960",0,0,0,0,16,0,1,5,0,0
"COG3961",2,2,0,0,9,4,1,7,6,2
"COG3962",196,154,113,182,10,122,241,92,112,177
"COG3963",6,12,1,10,26,9,7,1,3,5
"COG3964",19,22,8,21,2,22,2,24,16,8
"COG3965",2,0,1,0,19,0,0,4,3,0
"COG3967",2,0,0,0,24,1,0,1,1,0
"COG3968",15,142,14,180,22,22,8,2,9,10
"COG3969",2,3,2,1,21,0,3,3,0,1
"COG3970",15,9,12,1,28,24,10,1,16,17
"COG3971",113,127,123,99,70,110,82,59,92,135
"COG3972",0,0,0,0,0,2,0,13,0,2
"COG3973",2,3,10,0,1,12,65,62,16,13
"COG3975",50,58,65,17,134,95,28,20,54,51
"COG3976",0,0,0,0,4,0,0,0,0,0
"COG3977",7,9,4,87,10,4,2,11,4,2
"COG3978",0,0,0,0,0,0,0,0,0,0
"COG3979",81,31,78,35,26,188,199,91,215,126
"COG3980",13,15,32,55,19,28,20,85,24,30
"COG3981",0,0,0,1,1,0,0,1,1,1
"COG4006",0,0,0,0,0,0,0,0,0,0
"COG4012",0,0,0,0,0,1,0,0,0,0
"COG4021",0,0,0,1,0,0,0,0,0,2
"COG4032",37,20,39,59,21,39,31,65,39,43
"COG4034",0,0,1,0,0,0,0,0,0,0
"COG4043",0,0,1,0,0,0,0,2,0,0
"COG4044",0,0,0,0,0,0,0,0,0,0
"COG4046",0,5,10,0,0,0,0,80,2,1
"COG4063",0,1,0,0,0,0,0,0,0,0
"COG4067",26,23,16,0,129,24,32,32,28,39
"COG4083",7,1,8,0,0,28,11,4,25,17
"COG4085",0,1,0,0,0,2,0,2,0,0
"COG4087",0,0,0,0,0,0,0,0,0,0
"COG4088",0,0,5,0,0,6,3,0,1,2
"COG4091",106,46,39,28,20,59,72,27,31,74
"COG4092",0,0,0,0,0,0,0,0,0,0
"COG4093",0,0,0,0,14,0,0,0,0,0
"COG4094",32,12,59,0,52,17,22,7,86,50
"COG4095",12,13,33,8,2,11,8,4,19,19
"COG4096",38,34,37,53,88,62,38,91,34,31
"COG4097",0,0,1,0,11,3,0,7,3,1
"COG4099",19,25,11,3,5,75,37,28,49,37
"COG4100",41,6,105,0,0,29,87,2,140,68
"COG4101",11,4,9,0,7,6,12,7,17,6
"COG4102",159,195,83,183,186,138,124,92,110,134
"COG4103",55,38,31,37,31,40,36,21,38,32
"COG4104",5,5,2,1,0,4,3,2,2,1
"COG4105",224,245,166,283,99,219,165,159,190,205
"COG4106",1,3,1,0,2,1,1,0,2,1
"COG4107",1,1,4,1,10,0,0,1,0,7
"COG4108",113,244,208,244,197,130,95,40,214,140
"COG4110",0,0,0,0,1,0,0,4,0,0
"COG4111",0,0,0,0,32,0,0,1,0,1
"COG4112",5,5,1,0,0,2,0,0,2,0
"COG4113",0,0,0,0,2,0,0,0,0,1
"COG4114",0,0,0,0,6,0,0,0,0,0
"COG4115",0,3,0,0,1,0,0,2,1,0
"COG4117",1,1,0,0,23,1,0,0,1,0
"COG4118",0,0,1,0,0,0,0,0,0,0
"COG4119",0,0,0,0,1,0,0,0,0,1
"COG4120",1,0,0,0,5,3,0,0,0,0
"COG4121",117,142,126,135,90,125,61,36,108,89
"COG4122",134,110,117,62,24,119,142,216,114,133
"COG4123",37,75,23,68,26,43,14,12,21,20
"COG4124",2,1,0,2,0,6,0,3,2,0
"COG4125",0,0,0,0,6,1,0,0,0,0
"COG4126",14,24,22,6,15,28,15,44,23,19
"COG4127",4,0,1,1,5,4,5,6,2,3
"COG4128",0,0,0,0,0,0,0,0,2,0
"COG4130",10,11,0,0,1,0,3,1,0,3
"COG4132",0,0,0,0,6,0,0,1,0,0
"COG4133",23,52,21,22,25,49,40,57,66,56
"COG4134",14,22,6,10,23,27,12,7,10,21
"COG4135",23,16,14,12,38,24,5,5,12,26
"COG4136",3,1,3,1,6,4,3,2,3,6
"COG4137",10,40,9,73,21,12,8,17,11,21
"COG4138",1,0,1,1,0,1,0,7,0,0
"COG4139",0,0,0,0,0,0,0,0,0,0
"COG4143",64,34,33,30,14,71,71,62,61,45
"COG4145",12,34,23,43,5,21,34,23,32,17
"COG4146",239,352,155,227,35,226,157,167,192,242
"COG4147",360,225,305,510,130,311,310,157,280,386
"COG4148",15,56,25,83,48,21,12,48,14,23
"COG4149",21,48,19,41,22,29,36,37,23,25
"COG4150",1,0,1,0,23,1,0,2,1,0
"COG4152",21,86,19,58,104,73,16,12,25,21
"COG4154",30,14,13,22,4,16,15,12,18,27
"COG4158",2,2,5,1,3,6,0,4,3,4
"COG4160",58,38,80,87,15,60,76,80,64,77
"COG4161",0,0,0,0,0,0,0,0,0,0
"COG4166",274,316,183,137,219,226,203,197,246,179
"COG4167",1,0,0,0,6,1,0,14,2,3
"COG4168",0,0,0,0,0,0,0,0,0,0
"COG4170",0,0,3,0,13,2,0,4,2,11
"COG4171",1,0,2,0,9,3,0,4,2,12
"COG4172",220,222,112,110,94,163,130,100,165,125
"COG4174",96,73,56,8,46,26,18,12,18,11
"COG4175",331,263,287,408,53,187,303,328,240,327
"COG4176",527,416,431,523,52,233,595,548,393,522
"COG4177",568,381,548,292,380,482,600,598,553,546
"COG4178",80,16,210,3,17,89,123,3,214,93
"COG4181",77,84,61,124,53,62,64,66,67,64
"COG4185",2,0,0,1,8,3,0,5,1,0
"COG4186",1,11,0,0,5,1,0,3,0,0
"COG4187",0,0,0,0,3,0,0,0,0,0
"COG4188",79,79,181,103,30,120,138,69,190,140
"COG4189",0,1,0,0,0,0,0,0,0,0
"COG4190",0,0,0,0,10,0,0,0,2,0
"COG4191",14,97,14,43,152,27,7,22,28,7
"COG4193",1,8,0,0,0,1,0,0,0,2
"COG4195",0,0,5,0,1,10,16,16,5,2
"COG4196",0,2,4,1,70,15,4,26,7,5
"COG4198",91,121,91,76,13,77,144,117,96,80
"COG4199",0,1,0,0,0,0,0,0,0,0
"COG4200",0,0,0,0,7,0,0,0,0,0
"COG4206",272,428,198,596,361,362,153,186,169,261
"COG4208",0,0,0,0,18,1,0,5,3,0
"COG4209",1,3,1,0,1,1,3,1,0,2
"COG4213",2,25,1,19,29,3,2,3,1,4
"COG4214",4,36,3,22,57,2,2,3,4,5
"COG4215",86,43,76,62,23,67,80,87,70,103
"COG4219",3,6,6,0,155,3,5,8,5,18
"COG4220",1,3,2,0,4,0,0,0,1,5
"COG4221",85,133,149,103,154,160,130,220,180,104
"COG4222",0,26,7,14,31,11,3,17,8,17
"COG4223",16,28,4,4,14,16,2,1,5,5
"COG4225",11,7,12,10,11,13,4,14,6,19
"COG4226",0,0,0,0,8,3,0,0,0,0
"COG4227",16,14,7,0,490,24,64,33,6,12
"COG4228",0,1,0,0,2,0,0,0,0,0
"COG4229",2,6,19,0,14,8,1,0,7,2
"COG4230",189,378,100,532,375,129,87,150,94,111
"COG4231",129,140,102,33,221,163,122,105,141,106
"COG4232",297,466,217,374,315,119,77,51,93,98
"COG4233",163,172,113,23,219,137,126,54,121,118
"COG4235",44,96,22,51,72,44,13,35,31,25
"COG4239",71,54,40,5,43,83,59,40,55,48
"COG4240",149,65,221,98,17,114,139,88,158,163
"COG4241",18,5,46,0,0,9,14,1,44,23
"COG4242",16,4,10,1,5,18,6,10,10,5
"COG4243",42,6,109,1,10,43,38,9,117,64
"COG4244",46,2,34,0,8,20,0,7,22,6
"COG4245",1,0,0,0,4,1,0,2,0,0
"COG4246",6,0,8,1,79,2,4,3,6,6
"COG4247",45,43,31,15,79,34,27,26,33,63
"COG4248",1,3,3,0,12,1,0,4,1,4
"COG4249",41,24,32,54,172,24,14,18,8,11
"COG4251",10,28,14,165,312,26,8,55,15,31
"COG4252",203,140,148,87,718,180,278,148,148,182
"COG4253",0,0,0,0,23,0,0,0,1,0
"COG4254",7,4,21,9,53,16,20,21,11,13
"COG4255",0,1,1,9,0,1,0,0,3,0
"COG4256",0,0,0,0,2,0,0,0,0,0
"COG4257",2,33,48,2,12,11,8,517,61,10
"COG4258",2,1,0,4,26,4,0,7,5,0
"COG4259",0,1,0,1,0,0,0,2,0,2
"COG4260",10,5,5,6,17,9,7,0,8,3
"COG4261",0,2,0,2,16,0,1,7,3,0
"COG4262",0,13,6,5,0,4,0,6,7,0
"COG4263",1,11,0,0,14,7,0,2,2,0
"COG4264",1,1,1,1,15,6,0,5,4,1
"COG4266",80,47,65,83,15,25,37,22,24,20
"COG4267",0,0,2,0,2,0,0,1,2,0
"COG4268",10,11,3,12,20,10,4,15,5,3
"COG4269",4,1,3,15,46,9,3,18,11,5
"COG4270",24,40,20,12,1,55,35,17,41,44
"COG4271",0,0,0,0,17,0,1,3,3,0
"COG4273",0,0,0,0,1,0,0,2,1,0
"COG4274",49,13,26,73,0,24,35,43,18,34
"COG4275",0,1,1,0,13,0,0,5,0,0
"COG4276",34,26,39,31,3,71,41,21,87,55
"COG4277",1,4,2,0,25,0,1,12,4,0
"COG4278",0,0,3,0,3,7,9,1,9,3
"COG4279",0,1,14,0,0,21,1,0,7,4
"COG4280",0,0,0,0,0,0,0,0,0,0
"COG4281",1,2,5,1,4,5,7,11,11,5
"COG4282",1,0,1,0,0,0,0,0,1,2
"COG4283",0,0,0,0,2,0,0,0,0,0
"COG4284",12,10,31,0,0,28,9,2,13,10
"COG4285",0,0,0,7,0,0,0,0,0,0
"COG4286",0,6,1,8,2,2,5,1,4,0
"COG4287",17,35,10,1,0,34,22,23,27,20
"COG4288",2,0,1,0,0,2,0,2,1,2
"COG4289",0,0,0,0,0,1,0,37,0,1
"COG4290",0,0,0,0,0,0,0,0,0,0
"COG4291",0,0,0,0,4,0,0,0,2,1
"COG4292",1,0,0,0,3,2,0,2,1,0
"COG4293",7,1,11,0,0,2,4,49,7,7
"COG4294",63,117,36,5,414,39,92,5,22,81
"COG4295",1,0,0,2,0,1,0,1,0,0
"COG4297",1,0,0,0,0,0,0,1,0,0
"COG4298",0,0,1,0,0,1,0,1,0,0
"COG4299",39,39,34,2,23,42,35,35,50,35
"COG4300",0,0,0,0,3,0,0,2,0,0
"COG4301",10,17,44,3,56,25,23,185,39,31
"COG4302",0,4,3,0,11,3,1,5,2,1
"COG4303",0,1,6,1,15,1,0,7,3,0
"COG4304",0,0,0,0,0,0,0,0,0,0
"COG4305",0,0,0,0,0,4,0,0,2,1
"COG4307",3,1,3,0,40,2,4,4,2,1
"COG4308",6,16,11,17,12,8,10,1,9,4
"COG4310",23,11,38,77,3,34,38,82,60,54
"COG4311",74,52,67,130,4,16,20,18,16,24
"COG4312",0,2,1,0,3,1,0,2,0,0
"COG4313",2,1,0,0,0,3,0,1,0,0
"COG4314",0,0,1,0,2,0,0,0,1,0
"COG4315",0,0,2,25,1,3,2,2,3,2
"COG4317",0,0,0,0,0,0,1,0,0,0
"COG4318",3,3,10,0,9,17,0,0,9,1
"COG4319",1,4,0,0,8,7,2,10,4,4
"COG4320",3,0,9,2,3,1,1,5,6,16
"COG4321",8,10,1,9,6,10,4,3,2,7
"COG4322",1,0,1,0,1,0,1,0,0,2
"COG4323",30,23,4,18,33,12,7,10,12,5
"COG4324",5,8,12,2,21,14,8,23,12,7
"COG4325",2,0,5,1,157,4,1,19,5,10
"COG4326",0,0,0,0,0,0,0,0,3,0
"COG4327",46,52,44,74,36,40,39,26,44,55
"COG4328",1,3,2,0,0,2,0,1,0,0
"COG4329",0,0,0,0,0,0,0,0,0,0
"COG4330",0,0,1,0,0,0,0,0,0,0
"COG4331",0,0,0,0,0,0,0,0,0,0
"COG4332",0,0,0,0,0,0,0,0,0,0
"COG4333",18,15,18,11,11,24,8,7,48,33
"COG4334",0,0,0,0,0,0,0,0,0,0
"COG4335",0,7,3,0,13,2,0,1,2,1
"COG4336",15,24,16,53,6,12,20,17,14,14
"COG4337",55,62,60,3,1,78,22,7,48,41
"COG4338",3,9,1,0,0,10,5,4,0,6
"COG4339",0,0,1,1,1,4,3,1,2,1
"COG4340",1,1,1,0,2,0,4,1,0,0
"COG4341",149,93,112,116,69,34,57,61,50,44
"COG4347",0,0,0,0,0,0,0,0,0,0
"COG4352",0,0,3,1,0,3,0,0,1,2
"COG4353",0,0,0,0,0,0,0,0,1,0
"COG4354",8,8,36,1,0,34,0,1,13,10
"COG4357",0,0,0,0,0,0,0,0,0,0
"COG4359",0,0,1,0,0,0,6,0,1,0
"COG4360",28,3,90,0,3,21,16,4,67,39
"COG4362",11,10,1,0,0,3,0,0,1,3
"COG4365",65,184,32,105,13,110,10,18,46,44
"COG4370",104,12,209,0,0,74,115,4,198,134
"COG4371",2,2,28,0,0,12,3,0,30,7
"COG4372",31,1,109,0,0,28,37,1,87,38
"COG4373",2,1,3,1,29,6,0,0,3,2
"COG4374",0,0,0,0,0,0,0,0,0,0
"COG4377",0,0,0,0,0,0,0,0,0,0
"COG4379",0,1,0,0,6,0,0,0,0,0
"COG4380",0,2,2,5,0,0,0,1,1,4
"COG4381",0,3,0,0,0,0,0,0,0,0
"COG4382",1,0,4,0,10,0,0,0,1,0
"COG4383",1,1,3,0,50,3,0,1,0,2
"COG4384",0,0,0,0,0,0,2,0,0,0
"COG4385",0,0,0,0,3,0,0,0,0,0
"COG4386",0,0,0,0,12,0,0,2,0,0
"COG4387",0,0,3,0,6,0,0,2,0,0
"COG4388",2,0,3,0,34,1,0,3,0,0
"COG4389",0,0,0,0,11,0,0,0,0,0
"COG4390",0,0,1,2,0,0,0,0,0,0
"COG4391",5,1,1,7,6,2,4,0,3,4
"COG4392",0,4,0,11,0,0,0,0,4,0
"COG4393",0,0,0,0,0,1,0,0,0,0
"COG4394",1,0,0,0,1,0,0,4,0,0
"COG4395",40,19,37,32,23,102,77,64,74,100
"COG4396",0,0,0,0,0,0,0,0,0,0
"COG4397",3,0,4,0,13,1,0,3,0,0
"COG4398",19,10,47,0,10,51,13,43,38,9
"COG4399",6,5,10,1,7,8,2,15,3,12
"COG4401",29,13,30,0,0,16,17,6,41,16
"COG4402",3,2,1,1,23,5,0,0,2,0
"COG4403",1,4,2,0,20,0,0,0,2,0
"COG4405",0,14,4,2,4,0,0,0,5,3
"COG4409",50,40,24,5,3,9,1,7,9,9
"COG4412",64,18,77,7,3,199,151,97,243,125
"COG4413",0,1,0,0,0,0,0,0,0,0
"COG4420",0,0,1,0,15,0,2,5,0,6
"COG4421",43,15,52,23,40,16,44,55,43,43
"COG4422",1,0,0,0,21,4,0,4,0,0
"COG4423",0,0,0,0,0,0,0,0,0,0
"COG4424",0,0,0,0,8,0,1,0,1,4
"COG4425",0,1,1,0,1,0,0,0,0,2
"COG4427",1,16,0,0,73,0,0,0,0,2
"COG4430",1,2,1,0,11,3,1,2,1,3
"COG4445",52,63,79,81,31,46,33,20,65,53
"COG4446",40,1,88,15,7,25,14,10,80,30
"COG4447",59,62,127,72,68,67,71,46,90,61
"COG4448",117,67,154,18,21,99,169,104,175,112
"COG4449",0,0,0,0,0,0,0,0,1,0
"COG4451",29,20,80,32,0,25,14,3,38,22
"COG4452",5,5,0,1,35,10,1,2,2,7
"COG4453",0,0,0,0,1,1,0,1,0,0
"COG4454",22,3,34,7,44,11,5,9,8,16
"COG4455",0,0,0,1,0,0,0,0,0,0
"COG4456",0,0,0,0,3,0,1,0,0,1
"COG4457",1,5,3,4,0,2,0,0,3,0
"COG4458",1,7,1,8,0,0,0,0,2,0
"COG4459",0,0,0,0,0,0,0,0,0,0
"COG4460",0,0,0,0,0,0,0,0,0,0
"COG4461",0,5,0,0,0,0,0,0,0,1
"COG4464",18,22,14,13,0,31,10,6,6,16
"COG4468",0,0,0,0,0,0,0,0,0,0
"COG4469",0,0,0,0,0,0,0,0,0,0
"COG4474",0,0,0,0,0,0,0,0,0,0
"COG4481",0,0,0,0,0,0,0,0,0,0
"COG4485",0,0,0,0,0,0,0,1,0,0
"COG4487",78,44,163,152,1,25,11,10,42,18
"COG4496",1,7,2,3,0,2,0,0,5,2
"COG4502",0,19,0,0,0,0,0,0,0,1
"COG4517",13,37,17,46,9,17,16,8,23,22
"COG4519",0,0,0,0,0,1,0,0,0,0
"COG4520",6,12,3,1,16,9,3,8,8,8
"COG4521",28,31,31,65,1,62,106,139,74,123
"COG4525",23,22,26,48,1,50,83,115,63,103
"COG4529",9,3,6,0,10,3,5,2,7,4
"COG4530",4,2,1,0,25,5,1,1,2,4
"COG4531",121,75,132,70,48,78,119,56,116,134
"COG4533",0,0,0,2,0,0,0,0,1,1
"COG4535",78,97,33,76,30,37,33,34,53,47
"COG4536",193,231,107,173,115,110,93,67,100,109
"COG4538",1,0,0,0,2,0,0,0,1,0
"COG4539",8,5,6,24,12,3,4,1,9,7
"COG4540",0,0,0,0,3,0,0,3,0,0
"COG4541",0,0,0,0,1,0,0,0,0,0
"COG4542",0,0,0,0,0,0,0,1,0,2
"COG4544",5,2,5,0,55,4,4,1,4,2
"COG4547",402,209,300,293,168,266,305,222,285,339
"COG4548",12,60,25,118,31,28,29,100,13,27
"COG4549",0,2,2,0,12,0,0,0,0,2
"COG4551",1,1,0,0,17,0,0,1,0,0
"COG4552",1,0,1,0,11,5,6,6,2,1
"COG4553",16,29,3,0,116,8,2,7,9,10
"COG4555",26,16,21,35,18,47,32,40,34,43
"COG4558",83,2,18,42,27,91,19,19,20,31
"COG4559",66,7,5,88,16,83,15,16,17,6
"COG4564",1,9,1,84,14,2,0,11,1,2
"COG4565",0,0,1,3,2,0,0,4,1,0
"COG4566",0,9,3,11,145,6,1,6,2,4
"COG4567",92,43,79,82,46,67,99,73,71,75
"COG4568",1,0,0,0,0,0,2,2,1,0
"COG4569",6,26,12,15,20,10,1,11,7,6
"COG4570",1,6,0,0,72,0,1,3,0,6
"COG4572",0,0,0,0,0,0,0,0,0,0
"COG4573",6,30,6,2,15,2,2,1,3,2
"COG4574",0,2,4,0,0,0,0,1,1,0
"COG4575",0,0,0,0,0,0,0,0,0,1
"COG4576",3,2,1,2,0,1,0,1,0,0
"COG4577",28,6,54,0,0,28,9,6,44,25
"COG4579",7,71,18,183,13,35,48,90,31,24
"COG4580",0,0,0,0,0,0,1,3,1,0
"COG4581",191,133,395,11,38,166,263,113,325,251
"COG4582",7,1,14,10,6,4,11,11,9,8
"COG4583",86,83,69,64,10,49,73,53,75,79
"COG4584",25,55,38,12,234,15,2,32,15,48
"COG4585",20,20,12,13,213,21,10,61,10,19
"COG4586",48,15,114,2,0,54,28,7,92,49
"COG4587",23,8,69,0,0,28,26,2,68,38
"COG4588",0,0,0,0,19,0,0,0,1,0
"COG4589",5,18,3,0,2,8,2,2,6,6
"COG4590",5,14,10,4,43,14,5,34,18,26
"COG4591",440,599,353,462,233,502,335,618,363,405
"COG4592",0,0,0,0,0,0,0,0,0,0
"COG4594",0,0,0,8,4,0,0,1,0,0
"COG4597",291,167,212,178,65,188,339,188,243,242
"COG4598",15,12,7,21,15,9,11,49,6,11
"COG4603",253,203,128,136,90,146,244,239,148,161
"COG4604",0,0,0,0,8,0,0,1,0,2
"COG4605",0,0,0,0,19,0,0,0,0,0
"COG4606",0,0,0,0,5,0,0,0,0,0
"COG4607",1,0,0,0,14,0,0,2,0,0
"COG4608",98,147,98,77,110,103,181,381,121,103
"COG4615",1,4,1,0,7,1,0,7,2,2
"COG4618",3,8,0,12,19,6,4,12,3,4
"COG4619",2,0,0,0,3,1,0,12,0,2
"COG4623",38,69,33,101,112,32,17,46,35,46
"COG4624",1,0,4,1,10,13,1,0,2,2
"COG4625",11,13,18,22,88,47,14,7,7,20
"COG4626",2,24,1,1,274,2,3,5,3,1
"COG4627",17,13,9,23,5,7,16,2,1,13
"COG4628",0,20,0,31,2,2,0,4,3,1
"COG4630",182,78,133,116,33,118,168,150,123,136
"COG4631",263,142,216,150,62,195,264,269,174,213
"COG4632",4,1,5,0,10,10,3,8,6,5
"COG4633",0,0,1,0,2,4,3,5,4,4
"COG4634",0,0,0,0,2,0,0,0,0,0
"COG4635",116,33,33,157,2,106,10,32,33,16
"COG4636",0,0,0,0,0,0,0,1,0,0
"COG4637",4,5,2,0,63,7,0,5,3,0
"COG4638",545,925,923,529,332,683,914,780,895,780
"COG4639",3,0,1,0,6,16,4,0,2,0
"COG4641",8,13,13,3,112,12,9,24,6,7
"COG4642",103,242,156,192,21,138,126,371,126,113
"COG4643",11,25,3,1,429,21,4,31,8,35
"COG4644",53,10,74,6,196,108,20,210,46,235
"COG4645",0,0,0,0,24,1,0,3,1,2
"COG4646",2,14,4,0,102,8,5,10,8,7
"COG4647",0,0,0,0,1,0,0,0,0,0
"COG4648",0,0,0,0,11,0,0,3,1,1
"COG4649",1,6,2,1,3,8,17,1,13,13
"COG4650",0,0,0,0,16,0,0,6,0,0
"COG4651",9,17,22,1,45,22,5,18,22,18
"COG4653",5,17,3,0,330,5,7,6,4,0
"COG4654",2,4,5,0,5,9,2,5,2,2
"COG4655",0,0,0,0,15,0,0,0,1,0
"COG4656",5,12,16,98,70,9,3,59,5,19
"COG4657",4,10,2,42,20,4,2,26,3,4
"COG4658",4,19,5,87,41,16,4,24,1,13
"COG4659",3,12,5,58,22,8,5,23,2,8
"COG4660",5,13,4,50,27,7,1,17,3,4
"COG4662",54,33,24,20,15,72,37,21,32,26
"COG4663",539,378,439,554,277,399,471,384,391,497
"COG4664",732,499,579,645,368,498,634,471,543,691
"COG4665",249,156,199,271,97,163,191,174,160,240
"COG4666",244,267,312,464,283,226,284,259,261,261
"COG4667",16,13,19,16,6,25,8,23,12,24
"COG4668",9,8,2,0,17,9,16,14,2,13
"COG4669",0,0,0,0,0,0,0,1,0,0
"COG4670",5,5,1,4,12,9,2,7,3,4
"COG4671",1,2,4,0,7,6,5,2,6,4
"COG4672",25,19,18,0,467,12,42,3,3,25
"COG4674",33,18,85,4,58,18,8,14,77,52
"COG4675",28,19,8,1,50,25,29,3,0,10
"COG4676",0,0,0,0,0,16,0,1,1,0
"COG4677",4,0,19,0,3,10,2,49,11,71
"COG4678",1,3,8,0,1,9,2,0,18,5
"COG4679",0,0,1,0,1,0,0,2,0,0
"COG4680",0,0,1,1,8,4,1,0,0,1
"COG4681",5,13,4,22,20,0,2,7,1,11
"COG4682",1,0,0,0,0,0,1,2,1,1
"COG4683",0,0,0,0,2,1,0,0,0,0
"COG4688",2,0,8,0,7,6,1,10,4,30
"COG4689",1,3,1,0,0,1,3,1,0,4
"COG4690",0,4,4,2,8,4,2,5,2,2
"COG4691",0,0,0,0,2,0,0,1,0,0
"COG4692",6,9,90,0,17,14,10,10,45,30
"COG4693",0,0,0,0,0,0,0,0,0,0
"COG4694",0,0,0,1,22,0,0,4,2,0
"COG4695",31,71,18,2,585,15,50,21,10,31
"COG4696",1,5,0,0,9,1,4,0,0,0
"COG4700",1,3,0,1,0,0,0,7,2,0
"COG4701",0,0,1,5,0,0,0,0,0,0
"COG4702",0,0,0,0,4,0,1,0,0,0
"COG4704",15,47,12,37,29,17,17,15,19,20
"COG4705",0,0,1,1,6,0,0,0,1,0
"COG4706",0,0,0,0,8,0,0,1,0,0
"COG4710",0,0,0,0,0,0,0,0,0,0
"COG4711",0,0,0,0,0,0,0,0,0,0
"COG4712",1,0,0,0,8,2,0,3,0,1
"COG4713",0,0,0,0,2,1,0,3,0,0
"COG4714",2,2,0,7,5,4,0,2,0,0
"COG4715",0,0,0,0,0,1,0,0,1,0
"COG4716",1,0,0,0,2,1,0,1,0,1
"COG4717",0,4,4,0,6,12,1,5,0,5
"COG4718",1,3,1,0,44,2,17,0,0,3
"COG4719",0,0,1,0,2,0,0,1,0,0
"COG4720",0,0,0,0,0,0,0,0,0,0
"COG4721",0,0,0,0,3,0,1,0,0,1
"COG4723",10,10,2,0,257,8,4,2,0,2
"COG4724",0,0,1,1,1,0,0,0,0,0
"COG4725",12,16,25,4,198,19,38,19,10,22
"COG4726",0,0,0,0,0,0,0,1,0,0
"COG4727",0,0,0,0,0,0,0,0,0,0
"COG4728",1,3,4,13,5,2,2,4,1,7
"COG4729",0,0,0,0,3,0,0,1,0,0
"COG4731",24,34,7,78,27,16,4,4,11,6
"COG4733",116,129,37,2,2046,64,179,27,9,69
"COG4734",0,2,0,0,75,1,0,2,0,3
"COG4735",0,0,0,0,1,0,0,2,2,1
"COG4736",0,0,0,0,0,0,0,1,0,1
"COG4737",0,0,0,0,4,0,1,3,0,0
"COG4738",0,0,2,0,0,7,0,0,1,4
"COG4741",3,3,9,0,15,1,4,18,5,13
"COG4742",0,0,1,0,0,0,0,26,0,0
"COG4743",0,0,0,0,0,0,0,0,0,0
"COG4744",1,0,0,0,0,0,0,0,0,0
"COG4745",0,0,0,0,0,4,3,1,4,3
"COG4746",0,0,0,0,0,0,0,0,0,0
"COG4747",5,0,2,0,0,4,2,1,1,2
"COG4748",4,4,3,10,2,10,0,0,2,3
"COG4750",1,1,0,1,0,0,0,7,1,1
"COG4752",1,1,2,0,0,2,3,1,1,1
"COG4753",18,47,26,13,9,26,5,38,5,37
"COG4754",0,0,0,0,0,0,0,0,0,0
"COG4757",5,2,5,1,34,1,2,10,2,7
"COG4759",0,0,3,0,5,1,10,12,6,5
"COG4760",72,73,51,82,16,117,81,40,104,79
"COG4762",0,0,1,0,5,1,0,0,2,0
"COG4763",0,0,0,0,61,0,0,2,1,1
"COG4764",153,90,99,148,27,83,96,82,91,117
"COG4765",28,14,45,41,33,35,33,30,34,46
"COG4766",7,9,10,53,0,2,2,47,13,13
"COG4767",0,0,0,0,0,0,0,0,0,0
"COG4769",0,0,1,1,0,0,0,0,1,0
"COG4770",349,363,307,353,554,362,348,366,313,261
"COG4771",286,751,202,489,184,637,305,187,275,313
"COG4772",210,514,163,426,279,297,144,115,204,206
"COG4773",6,4,18,6,86,7,6,47,13,31
"COG4774",135,31,60,0,201,89,70,49,43,95
"COG4775",680,760,621,773,448,665,619,400,666,623
"COG4776",0,0,0,0,5,1,0,1,1,1
"COG4778",1,3,0,1,11,1,1,1,1,6
"COG4779",0,0,1,0,1,2,0,3,0,0
"COG4781",0,0,0,0,0,0,0,0,0,0
"COG4782",1,7,2,4,15,0,0,2,5,4
"COG4783",164,190,91,159,221,114,69,86,111,110
"COG4784",18,38,19,99,92,34,35,18,28,45
"COG4785",3,0,4,0,6,3,0,5,3,9
"COG4786",43,54,37,42,139,79,33,52,39,42
"COG4787",32,24,15,31,44,37,10,10,16,21
"COG4789",0,0,0,0,0,3,1,1,0,0
"COG4790",0,0,0,0,0,0,0,0,0,0
"COG4791",1,0,0,0,0,1,1,0,0,1
"COG4792",0,0,0,0,0,0,0,0,0,0
"COG4794",0,0,0,0,0,0,0,0,0,0
"COG4795",6,15,8,16,21,3,4,16,4,9
"COG4796",111,47,110,154,82,136,149,111,133,121
"COG4797",0,0,0,0,0,3,0,0,0,0
"COG4798",67,73,50,57,123,15,10,6,12,20
"COG4799",566,627,434,474,536,746,661,697,618,493
"COG4801",0,0,0,0,0,0,0,0,0,0
"COG4802",0,1,14,1,0,10,0,0,2,3
"COG4803",0,1,1,0,0,0,0,1,1,0
"COG4804",0,1,0,0,2,3,0,9,0,1
"COG4805",320,326,173,447,734,224,187,195,205,233
"COG4806",0,4,1,0,0,0,0,0,0,3
"COG4807",2,26,1,26,3,3,0,4,1,4
"COG4809",0,0,0,0,0,0,0,0,0,0
"COG4813",11,5,8,0,1,10,4,1,9,5
"COG4815",0,0,0,0,0,0,0,0,0,0
"COG4819",2,0,2,0,0,3,1,0,0,1
"COG4821",18,4,18,0,11,6,17,5,17,15
"COG4823",3,1,1,0,10,3,0,1,0,2
"COG4825",0,0,1,0,0,1,1,1,2,2
"COG4826",2,0,1,0,7,1,1,4,3,0
"COG4828",0,0,0,0,0,1,0,0,0,0
"COG4829",0,0,1,0,1,1,0,1,0,0
"COG4830",0,0,6,0,0,0,2,36,4,1
"COG4832",0,0,1,1,6,0,0,5,0,0
"COG4833",0,15,0,2,0,0,0,1,0,0
"COG4834",0,2,0,0,25,1,0,1,0,0
"COG4842",0,0,0,0,0,0,0,0,0,0
"COG4843",23,16,9,2,0,25,16,7,8,14
"COG4845",0,13,1,5,0,0,0,0,0,0
"COG4848",0,0,0,0,0,0,0,0,0,0
"COG4849",1,0,2,0,1,1,0,1,0,1
"COG4850",0,1,2,1,86,4,0,3,1,3
"COG4852",16,18,4,0,11,10,7,3,6,13
"COG4856",0,0,2,0,0,0,0,1,0,0
"COG4857",29,15,18,3,15,30,7,6,13,15
"COG4859",0,0,0,0,5,0,0,0,0,0
"COG4860",0,0,1,0,0,0,0,0,4,0
"COG4861",0,0,1,0,2,1,0,2,0,6
"COG4864",24,32,15,0,0,53,35,42,25,20
"COG4865",0,0,0,0,0,0,1,0,0,0
"COG4866",0,0,0,0,1,2,0,0,1,0
"COG4867",31,91,18,92,8,58,36,19,31,30
"COG4869",0,4,0,0,0,5,0,0,1,2
"COG4870",7,17,12,7,3,36,15,22,22,11
"COG4872",0,0,0,0,17,0,0,1,0,1
"COG4874",96,130,48,99,9,98,30,28,51,36
"COG4875",1,9,4,0,7,1,6,51,9,3
"COG4877",0,0,0,0,0,1,2,0,0,1
"COG4878",1,0,0,0,32,0,0,0,0,0
"COG4880",34,19,31,19,0,94,104,70,107,45
"COG4886",123,184,285,88,69,285,247,106,177,140
"COG4887",0,0,0,0,0,0,0,0,0,0
"COG4888",0,0,0,1,0,2,0,0,0,0
"COG4889",105,39,65,50,245,66,456,14,31,144
"COG4890",0,0,0,0,0,0,1,0,0,2
"COG4891",0,0,0,0,0,3,0,0,0,0
"COG4892",0,0,0,0,0,0,0,0,0,0
"COG4894",0,13,0,6,0,1,0,0,0,0
"COG4895",0,4,7,3,0,0,0,1,1,1
"COG4898",0,24,0,0,10,1,2,0,1,1
"COG4899",0,0,0,0,0,2,0,0,0,0
"COG4901",0,0,0,0,0,3,0,0,0,0
"COG4902",0,0,0,1,0,0,0,5,0,1
"COG4906",1,0,1,0,0,0,2,0,0,1
"COG4907",6,3,3,0,0,7,9,3,12,4
"COG4908",0,0,0,0,0,3,0,0,0,0
"COG4909",4,7,2,1,0,3,1,0,1,0
"COG4910",0,1,1,1,0,1,0,0,0,0
"COG4911",0,3,5,0,0,4,1,71,10,2
"COG4912",1,5,1,0,6,2,12,22,2,8
"COG4913",6,2,3,2,6,12,5,23,1,4
"COG4916",0,0,0,0,0,0,0,0,0,1
"COG4922",0,1,0,0,12,4,0,3,1,0
"COG4923",14,12,4,2,9,21,14,3,5,13
"COG4924",0,0,1,0,2,1,0,15,0,1
"COG4925",0,0,1,0,0,0,0,0,0,0
"COG4926",0,1,0,0,0,0,0,0,0,0
"COG4927",0,0,0,0,13,0,0,0,1,0
"COG4928",30,41,13,30,33,22,9,14,13,15
"COG4929",2,0,0,0,6,0,0,1,0,1
"COG4930",1,4,1,5,7,12,0,14,0,1
"COG4932",1,0,0,0,0,0,0,0,0,0
"COG4933",0,0,0,0,0,0,0,0,0,0
"COG4934",4,3,3,3,0,0,0,0,1,1
"COG4935",38,4,41,10,32,87,97,37,116,86
"COG4937",0,0,0,0,0,0,0,0,0,0
"COG4938",10,6,3,8,6,11,8,13,2,8
"COG4941",0,0,0,0,19,1,0,6,1,1
"COG4942",80,221,65,192,180,131,58,47,71,77
"COG4943",0,0,13,1,8,4,2,12,3,9
"COG4944",0,0,0,0,0,0,0,2,0,0
"COG4945",56,0,7,0,0,84,49,4,35,48
"COG4946",27,42,31,65,41,94,33,57,29,60
"COG4947",0,0,0,0,0,0,0,0,0,0
"COG4948",630,570,607,672,247,643,693,625,675,566
"COG4949",8,38,7,54,108,11,3,7,5,13
"COG4950",3,0,1,0,0,2,1,2,3,1
"COG4951",7,6,3,0,91,2,34,5,4,2
"COG4952",51,15,15,9,12,44,22,13,26,29
"COG4953",29,21,11,5,84,28,4,9,2,7
"COG4954",2,2,0,0,1,3,1,0,2,2
"COG4955",0,2,2,0,0,0,0,0,0,0
"COG4956",54,10,114,0,0,41,52,4,109,64
"COG4957",1,1,4,0,53,8,1,0,1,1
"COG4959",0,0,0,0,66,1,0,2,1,1
"COG4960",0,0,0,0,19,1,0,1,0,0
"COG4961",1,16,4,0,153,3,1,3,3,2
"COG4962",13,4,9,2,331,46,9,17,30,24
"COG4963",0,2,4,2,174,1,1,2,3,1
"COG4964",5,0,2,1,235,13,0,7,5,7
"COG4965",1,0,3,0,117,4,2,2,3,1
"COG4966",4,3,3,21,11,4,1,2,4,4
"COG4967",0,5,1,22,2,0,0,2,0,0
"COG4968",0,0,1,2,8,3,2,8,4,0
"COG4969",4,4,5,0,21,9,4,12,7,6
"COG4970",0,4,3,16,6,1,2,3,4,0
"COG4972",37,33,27,37,52,35,28,37,28,29
"COG4973",71,90,58,62,54,80,46,64,66,59
"COG4974",262,424,138,246,279,319,234,193,199,200
"COG4976",21,61,19,51,17,24,13,11,19,16
"COG4977",67,285,51,188,178,61,20,58,47,35
"COG4978",0,0,1,0,1,0,0,0,0,1
"COG4981",0,0,0,0,0,0,0,0,0,0
"COG4982",0,0,0,0,0,0,0,0,0,3
"COG4983",9,39,83,18,766,81,57,14,35,26
"COG4984",3,0,0,0,2,0,0,0,0,0
"COG4985",0,1,1,1,4,3,1,11,3,15
"COG4986",0,0,0,0,0,0,0,0,0,0
"COG4987",5,1,13,2,29,5,2,13,3,12
"COG4988",5,0,8,2,61,4,4,17,5,24
"COG4989",25,83,18,47,24,33,25,18,14,25
"COG4991",0,0,0,0,8,0,0,0,0,0
"COG4992",469,538,484,580,225,535,417,498,516,439
"COG4993",137,250,239,313,368,340,290,380,306,252
"COG4994",0,0,0,0,1,0,0,0,0,0
"COG4995",31,30,79,36,127,57,25,59,33,64
"COG4997",1,0,1,0,10,3,2,1,4,1
"COG4999",0,0,0,0,0,0,0,0,0,0
"COG5000",287,406,251,335,232,327,239,206,229,285
"COG5001",112,89,204,14,2484,272,101,514,182,362
"COG5002",22,91,17,115,140,41,16,62,22,20
"COG5004",0,0,0,0,0,0,0,0,0,0
"COG5005",0,0,1,0,9,0,0,0,0,0
"COG5006",1,2,2,0,10,4,7,7,1,7
"COG5007",5,7,7,20,3,8,12,11,5,6
"COG5008",1,9,9,1,38,12,4,23,6,10
"COG5009",644,697,469,761,369,601,472,375,449,567
"COG5010",0,0,2,0,48,0,1,0,0,2
"COG5011",12,7,52,0,0,50,20,2,33,14
"COG5012",33,89,36,79,21,43,43,57,42,20
"COG5013",4,24,7,0,37,14,16,23,21,9
"COG5014",0,2,1,6,1,4,8,1,4,1
"COG5015",0,0,0,0,0,0,0,0,0,0
"COG5016",76,141,72,176,95,80,30,121,64,63
"COG5017",1,2,1,1,0,4,0,0,0,2
"COG5018",0,3,3,2,5,3,1,3,1,0
"COG5019",0,0,2,0,0,1,0,0,1,0
"COG5020",1,9,5,8,14,0,9,1,1,2
"COG5021",6,4,76,27,0,142,59,0,36,33
"COG5022",11,16,51,23,0,22,10,2,20,23
"COG5023",12,1,59,8,0,37,7,1,6,20
"COG5024",0,1,21,2,0,18,8,0,9,6
"COG5026",2,0,0,0,0,0,0,0,0,0
"COG5027",0,1,18,3,0,29,11,0,8,13
"COG5028",1,0,20,2,0,24,5,0,9,6
"COG5029",7,1,7,2,0,12,3,0,6,1
"COG5030",1,0,8,3,0,10,5,0,1,4
"COG5031",4,6,13,1,38,6,3,3,5,4
"COG5032",27,17,169,19,1,304,101,3,49,67
"COG5033",0,0,4,0,0,2,2,0,3,0
"COG5034",2,0,9,0,0,5,1,0,2,0
"COG5035",0,1,5,1,0,5,1,0,1,2
"COG5036",0,1,9,0,0,8,2,0,2,0
"COG5038",5,2,50,9,0,49,15,0,16,6
"COG5039",1,0,2,1,0,0,0,0,0,0
"COG5040",1,0,9,3,0,16,4,0,1,3
"COG5041",1,0,9,0,0,3,2,0,1,1
"COG5042",3,3,10,0,0,7,5,3,3,15
"COG5043",3,1,7,9,0,80,28,0,3,2
"COG5044",4,0,10,3,0,17,7,0,4,5
"COG5045",2,0,2,0,0,1,0,0,0,0
"COG5046",0,0,4,0,0,3,2,0,5,0
"COG5047",2,0,24,0,0,27,14,0,12,5
"COG5048",3,2,26,5,0,5,1,0,6,11
"COG5049",45,84,49,9,2,57,31,4,25,30
"COG5050",0,0,4,2,0,14,4,16,3,1
"COG5051",0,0,2,2,0,0,0,0,0,2
"COG5052",0,0,1,0,0,0,0,0,0,1
"COG5053",6,18,10,16,0,4,5,1,6,4
"COG5054",9,30,14,2,0,3,10,0,6,10
"COG5055",0,0,1,0,45,1,2,0,1,0
"COG5056",1,0,0,0,0,0,0,0,1,1
"COG5057",0,0,3,2,0,0,0,0,0,0
"COG5058",1,0,9,3,0,0,0,0,4,3
"COG5059",52,12,283,66,1,218,58,0,83,86
"COG5061",1,0,9,1,0,13,3,0,3,3
"COG5062",0,0,2,0,0,6,2,0,2,3
"COG5063",0,0,3,0,0,7,2,0,0,0
"COG5064",4,1,20,11,0,8,3,0,7,8
"COG5065",0,0,1,0,0,0,0,0,0,0
"COG5066",4,0,5,0,0,2,0,0,2,4
"COG5068",0,1,8,0,0,6,4,0,1,1
"COG5069",0,0,3,2,0,0,0,0,1,1
"COG5070",0,2,10,2,0,5,3,0,0,0
"COG5071",0,0,6,2,0,10,4,1,1,1
"COG5072",1,7,11,0,0,8,8,0,8,4
"COG5074",1,1,9,0,0,7,2,0,0,2
"COG5075",1,0,7,3,0,9,0,0,1,2
"COG5076",4,7,77,9,0,96,24,0,19,35
"COG5077",2,18,40,13,0,37,30,0,29,26
"COG5078",19,30,61,15,0,49,24,4,21,28
"COG5079",0,0,13,0,0,1,0,0,3,2
"COG5080",0,1,6,1,0,11,2,0,2,2
"COG5082",1,0,8,1,0,4,3,0,3,0
"COG5083",2,0,6,0,0,9,3,0,4,2
"COG5084",0,0,2,0,0,1,0,0,0,2
"COG5086",0,0,2,1,0,8,3,0,0,1
"COG5088",0,0,1,1,0,1,0,0,1,1
"COG5090",1,0,4,0,0,3,0,0,3,1
"COG5091",1,1,5,0,0,5,1,0,5,1
"COG5092",2,43,10,0,0,2,0,0,2,2
"COG5093",0,0,2,0,0,0,0,0,4,0
"COG5094",0,1,1,0,0,0,0,0,3,0
"COG5095",0,1,3,0,0,6,3,0,3,1
"COG5096",13,1,70,6,0,68,14,0,17,26
"COG5097",1,0,0,0,0,0,0,0,0,0
"COG5098",1,0,6,1,0,8,2,0,2,1
"COG5099",0,0,6,3,0,13,4,0,5,6
"COG5100",0,0,1,0,0,0,0,0,0,0
"COG5101",1,0,17,3,0,20,3,0,10,4
"COG5102",0,0,1,0,0,0,0,0,2,0
"COG5103",1,2,3,0,0,32,10,0,2,3
"COG5104",0,2,4,0,0,9,3,0,3,3
"COG5105",0,0,3,0,0,2,0,0,2,0
"COG5106",0,0,0,1,0,4,1,0,2,2
"COG5107",0,1,9,2,0,9,0,0,6,2
"COG5108",82,116,67,16,931,90,354,30,46,109
"COG5109",0,0,0,0,0,0,0,0,0,0
"COG5110",4,0,29,1,0,16,3,0,12,4
"COG5111",0,0,12,0,0,9,1,0,1,1
"COG5112",0,0,0,0,0,0,0,0,0,0
"COG5113",1,4,20,4,0,20,4,0,12,4
"COG5114",0,0,3,1,0,2,2,0,3,2
"COG5116",3,1,29,1,0,6,1,0,2,2
"COG5117",1,0,8,0,0,7,5,0,2,4
"COG5118",0,0,6,0,0,2,1,0,4,2
"COG5119",0,0,0,0,0,0,0,0,0,0
"COG5120",0,0,1,0,0,3,1,0,0,2
"COG5122",1,1,4,0,0,3,1,0,2,0
"COG5123",0,0,2,0,0,3,2,0,0,0
"COG5124",1,0,5,0,0,4,0,0,0,1
"COG5125",0,0,2,0,0,0,0,0,0,0
"COG5126",12,2,109,52,4,58,18,1,21,30
"COG5127",2,0,10,0,0,4,0,0,1,2
"COG5128",2,0,2,1,0,3,1,0,1,0
"COG5129",0,0,2,0,0,0,0,0,0,0
"COG5132",0,0,8,1,0,1,1,0,2,1
"COG5133",0,0,1,0,0,1,1,0,1,2
"COG5134",0,1,5,0,0,11,1,0,1,4
"COG5135",8,0,16,0,7,22,27,4,59,21
"COG5137",0,0,3,1,0,3,1,0,0,1
"COG5138",0,0,3,0,0,0,0,0,0,0
"COG5139",0,0,7,0,0,6,1,0,1,2
"COG5140",2,1,7,2,0,7,4,0,8,8
"COG5141",0,5,44,1,0,78,23,0,18,8
"COG5142",0,1,4,3,0,8,3,0,1,3
"COG5143",2,0,23,2,0,3,1,1,4,3
"COG5144",1,0,5,0,0,11,3,0,4,4
"COG5145",0,0,0,0,0,1,0,0,0,0
"COG5146",1,5,10,0,0,5,2,0,7,5
"COG5147",3,1,71,142,0,64,20,0,27,28
"COG5148",0,0,0,0,0,0,0,0,0,1
"COG5149",0,0,1,0,0,0,0,0,1,1
"COG5150",0,0,2,0,0,1,0,0,0,0
"COG5151",0,1,7,0,0,4,3,0,2,2
"COG5152",0,0,10,0,0,7,1,0,3,3
"COG5154",1,0,3,0,0,8,5,0,3,2
"COG5155",3,0,12,0,0,27,8,0,2,1
"COG5156",0,0,0,0,0,5,4,0,0,2
"COG5157",0,1,9,1,0,10,1,0,0,0
"COG5158",9,1,37,1,0,38,10,0,6,10
"COG5159",6,1,31,2,0,11,5,0,6,5
"COG5160",2,2,16,6,0,22,8,0,11,8
"COG5161",0,0,7,0,0,17,5,0,2,3
"COG5162",0,0,2,0,0,1,0,0,0,0
"COG5163",1,0,7,1,0,21,5,0,3,4
"COG5164",2,0,20,1,0,19,4,0,6,5
"COG5165",0,0,7,0,0,11,5,0,10,5
"COG5167",0,0,2,0,0,0,0,0,1,0
"COG5169",0,0,5,1,0,5,4,0,1,4
"COG5170",1,0,8,0,0,4,4,0,4,2
"COG5171",1,0,4,0,0,6,3,0,0,2
"COG5173",2,0,0,0,0,0,0,0,0,0
"COG5174",0,0,0,0,0,0,0,0,0,0
"COG5175",0,0,5,0,0,4,1,0,0,0
"COG5176",0,2,19,0,0,7,8,0,4,7
"COG5177",1,0,8,0,0,20,0,0,5,2
"COG5178",0,0,10,0,0,44,14,0,10,9
"COG5179",1,3,15,0,0,35,12,0,6,6
"COG5180",0,0,7,0,0,5,1,0,1,0
"COG5181",0,0,20,2,0,18,9,0,2,2
"COG5182",0,0,5,0,0,7,1,0,3,2
"COG5183",0,3,0,0,0,0,0,1,0,1
"COG5184",202,112,165,24,59,417,602,63,209,284
"COG5185",0,0,0,0,0,0,0,0,0,0
"COG5186",1,1,8,1,0,13,4,0,7,2
"COG5187",2,1,14,0,0,7,3,0,4,3
"COG5188",1,0,4,0,0,10,4,0,2,1
"COG5190",4,3,25,3,0,34,15,0,10,14
"COG5191",0,0,4,2,0,6,5,0,3,1
"COG5192",0,0,26,0,0,21,6,0,11,6
"COG5193",0,0,4,0,0,4,0,0,1,2
"COG5194",0,0,1,2,0,1,2,0,1,1
"COG5196",2,0,13,1,0,9,2,0,2,4
"COG5197",0,0,4,0,0,4,4,0,1,0
"COG5198",0,0,10,0,2,4,2,0,1,0
"COG5199",0,0,1,2,0,0,0,0,0,0
"COG5200",1,0,6,0,0,1,0,0,0,1
"COG5201",0,2,2,133,0,4,0,0,3,0
"COG5202",0,1,0,0,0,6,2,0,2,2
"COG5204",0,0,3,0,0,0,0,0,0,1
"COG5206",2,0,5,2,0,7,2,0,3,2
"COG5207",2,0,8,1,0,8,4,0,1,5
"COG5208",0,0,2,1,0,4,1,0,2,0
"COG5209",1,1,9,1,0,12,4,0,3,2
"COG5210",3,1,45,6,0,47,20,0,19,20
"COG5211",0,0,0,0,0,1,2,0,1,0
"COG5212",0,3,0,0,0,0,0,0,0,0
"COG5213",0,0,0,0,0,0,0,0,1,0
"COG5214",0,0,4,1,0,10,2,0,1,3
"COG5215",4,1,26,3,0,38,12,0,11,11
"COG5216",0,0,0,0,0,1,0,0,1,0
"COG5217",0,0,3,2,0,12,4,0,1,2
"COG5218",0,0,4,1,0,13,4,0,2,6
"COG5219",0,2,13,2,0,17,6,0,2,3
"COG5220",0,0,3,1,0,0,0,0,0,0
"COG5222",1,0,1,2,0,12,4,0,3,0
"COG5223",0,0,5,0,0,3,3,0,0,1
"COG5224",0,0,2,0,0,0,0,0,0,0
"COG5225",2,0,0,0,0,0,0,0,0,2
"COG5226",11,97,21,6,2,32,32,1,10,12
"COG5227",1,0,6,2,0,0,0,0,0,2
"COG5228",1,0,7,2,0,10,2,0,3,0
"COG5229",0,1,5,2,0,13,3,0,2,1
"COG5230",0,0,2,0,0,5,2,0,2,2
"COG5231",0,0,4,0,0,3,2,0,0,1
"COG5232",0,0,7,0,0,8,2,0,2,1
"COG5233",0,0,0,1,0,0,0,0,0,0
"COG5234",6,0,27,1,0,25,6,0,10,3
"COG5235",0,0,3,1,0,5,1,0,0,0
"COG5236",1,0,2,1,0,0,0,0,0,0
"COG5237",0,0,1,0,0,0,0,0,0,2
"COG5238",0,0,16,1,0,26,7,0,7,10
"COG5239",1,0,19,6,0,31,8,0,14,6
"COG5240",2,1,20,1,0,5,0,0,4,5
"COG5241",0,0,2,0,0,2,1,0,3,1
"COG5242",1,0,0,0,0,5,1,0,2,1
"COG5243",0,1,5,2,0,6,0,0,0,1
"COG5244",0,0,0,1,0,0,1,0,0,0
"COG5245",89,4,418,89,0,133,30,3,98,70
"COG5246",1,1,6,1,0,7,2,0,0,3
"COG5247",0,0,3,0,0,4,2,0,2,2
"COG5248",0,0,1,0,0,4,1,0,2,3
"COG5249",0,0,0,0,0,2,3,0,0,2
"COG5250",0,0,1,0,0,2,2,0,0,1
"COG5251",0,0,0,0,0,3,2,0,2,0
"COG5252",0,0,7,0,0,0,0,0,3,2
"COG5253",7,3,41,4,0,26,7,0,10,8
"COG5254",0,0,0,0,0,0,0,0,0,0
"COG5255",9,11,6,0,5,4,14,3,3,10
"COG5256",18,11,55,5,0,88,55,217,69,40
"COG5257",18,12,46,1,0,41,38,234,59,28
"COG5258",5,32,5,0,0,10,6,2,6,7
"COG5259",0,1,7,1,0,6,2,0,0,0
"COG5260",8,2,23,9,0,73,23,0,23,23
"COG5261",0,0,1,0,0,0,0,0,0,0
"COG5262",1,5,12,10,0,10,3,0,5,2
"COG5263",0,0,0,0,0,0,0,4,0,0
"COG5264",1,0,2,0,0,0,0,0,0,0
"COG5265",76,121,63,288,181,101,33,34,55,70
"COG5266",0,0,0,0,4,2,0,0,0,0
"COG5267",138,216,96,160,12,143,150,105,99,114
"COG5268",0,0,0,0,15,1,0,3,0,1
"COG5269",0,0,1,0,0,18,3,0,1,5
"COG5271",13,3,32,0,52,61,58,1,19,29
"COG5272",15,64,37,7,1,27,10,3,15,20
"COG5273",2,0,59,3,0,56,22,0,23,11
"COG5274",3,6,31,4,1,56,33,0,13,17
"COG5275",0,1,3,0,0,0,0,0,1,1
"COG5276",32,52,22,56,6,22,7,16,19,4
"COG5277",6,2,45,13,0,34,15,1,14,18
"COG5278",4,1,5,0,63,8,2,13,4,0
"COG5279",4,1,0,2,1,2,1,9,0,1
"COG5280",0,11,0,0,13,2,0,0,0,3
"COG5281",34,21,13,14,631,17,34,9,6,12
"COG5282",0,2,12,0,9,18,59,52,25,21
"COG5283",7,67,8,1,344,7,9,12,4,7
"COG5285",283,383,319,351,62,253,473,549,365,360
"COG5290",0,0,11,0,0,19,7,0,8,5
"COG5291",0,1,14,3,0,8,4,0,2,3
"COG5293",0,4,0,0,4,1,2,4,2,0
"COG5295",47,33,27,9,184,28,22,3,5,14
"COG5296",2,1,2,0,0,9,1,0,3,2
"COG5297",5,3,2,3,9,0,4,4,1,6
"COG5301",127,202,21,2,580,37,253,33,16,68
"COG5302",0,0,0,0,0,0,0,2,1,0
"COG5304",0,0,0,0,0,0,0,0,0,0
"COG5305",7,2,6,2,1,10,30,27,7,6
"COG5306",13,4,11,0,22,8,3,14,8,3
"COG5307",2,1,41,1,0,66,29,0,24,18
"COG5308",0,1,6,0,0,11,2,0,5,5
"COG5309",9,194,1,69,32,15,2,3,1,1
"COG5310",0,1,0,0,0,1,1,2,2,2
"COG5314",2,0,1,0,80,1,1,5,1,1
"COG5316",9,22,17,0,13,35,49,35,32,23
"COG5317",0,0,0,0,13,1,0,0,0,1
"COG5319",62,35,55,55,32,47,49,37,47,52
"COG5321",2,4,2,0,9,13,1,2,8,3
"COG5322",53,9,107,1,3,45,38,4,87,40
"COG5323",4,20,4,1,140,0,4,1,5,4
"COG5324",0,0,0,0,0,0,0,0,0,0
"COG5325",0,0,11,1,0,5,3,0,5,2
"COG5328",14,19,10,2,48,12,8,3,15,16
"COG5329",0,1,8,1,0,22,8,0,7,6
"COG5330",0,2,1,0,106,6,2,0,5,5
"COG5331",14,10,6,16,24,12,5,8,8,12
"COG5333",2,1,15,2,0,6,0,0,0,4
"COG5336",27,12,25,33,14,15,26,19,24,45
"COG5337",92,157,122,25,15,109,84,27,149,74
"COG5338",0,1,1,0,64,0,0,0,0,0
"COG5339",0,0,0,3,7,0,0,2,0,0
"COG5340",0,0,0,0,1,0,0,1,0,1
"COG5342",17,11,5,4,11,12,1,1,5,7
"COG5343",0,1,0,0,17,3,0,1,0,0
"COG5345",9,16,6,54,43,7,7,13,7,11
"COG5346",0,0,0,0,0,1,0,0,0,0
"COG5347",2,0,21,7,0,19,4,2,6,10
"COG5349",3,11,1,5,64,10,2,2,4,2
"COG5350",7,1,5,0,4,4,4,5,8,3
"COG5351",0,1,1,2,1,1,1,0,1,0
"COG5352",78,43,75,92,68,61,92,56,64,108
"COG5354",0,0,20,1,0,6,3,0,6,1
"COG5360",236,152,236,284,165,216,224,153,220,230
"COG5361",5,66,47,1,33,11,5,3,25,13
"COG5362",86,98,47,11,5019,42,76,34,16,37
"COG5368",13,8,7,30,24,45,0,4,8,8
"COG5369",0,0,1,0,0,0,0,0,0,0
"COG5371",2,0,28,1,0,25,8,0,12,6
"COG5373",1,1,11,5,10,1,4,9,8,24
"COG5375",3,2,1,1,46,1,4,4,2,2
"COG5377",16,17,3,5,208,7,38,16,6,3
"COG5379",1,5,12,0,32,19,9,3,10,9
"COG5380",2,0,1,0,16,5,0,4,0,1
"COG5381",0,0,0,0,0,0,0,0,0,0
"COG5383",0,0,0,0,8,1,2,0,1,0
"COG5384",0,0,2,0,0,5,1,0,4,3
"COG5385",0,6,0,2,63,0,0,4,2,4
"COG5387",37,32,15,6,47,12,5,3,15,9
"COG5388",0,2,0,0,35,1,0,0,0,0
"COG5389",14,26,14,9,20,11,6,2,16,16
"COG5391",1,0,7,3,0,20,8,0,1,5
"COG5393",0,0,0,0,0,0,0,0,0,0
"COG5394",5,8,3,1,16,5,5,4,6,6
"COG5395",1,17,1,24,43,3,8,0,2,2
"COG5397",0,0,0,0,2,1,0,0,0,1
"COG5398",75,21,97,0,15,39,351,4,77,91
"COG5400",1,2,0,0,31,0,0,1,0,0
"COG5401",0,0,0,0,0,0,0,0,1,1
"COG5402",4,2,4,5,7,0,3,4,2,9
"COG5403",0,0,0,0,13,0,0,0,0,0
"COG5404",1,0,0,5,6,0,0,5,0,0
"COG5405",94,41,98,87,53,23,32,34,30,27
"COG5406",4,1,31,0,0,5,3,0,0,1
"COG5407",3,0,33,1,0,12,1,0,5,10
"COG5409",1,0,12,0,0,9,7,0,4,3
"COG5410",93,165,74,14,7532,61,131,35,27,46
"COG5411",0,0,15,8,0,20,9,0,9,6
"COG5412",3,0,0,0,20,0,3,2,0,0
"COG5413",3,1,37,0,0,18,1,0,16,5
"COG5419",0,0,2,0,50,2,0,5,0,1
"COG5421",12,0,9,0,1,27,0,43,7,2
"COG5422",0,0,3,6,0,0,0,0,1,1
"COG5423",0,0,0,0,0,0,0,0,0,0
"COG5424",18,22,46,6,12,42,35,175,38,36
"COG5425",1,0,1,0,7,0,4,3,2,6
"COG5426",0,2,1,0,5,5,2,1,2,5
"COG5427",1,0,7,0,0,36,55,17,10,13
"COG5428",0,0,0,0,0,0,0,0,0,0
"COG5429",6,10,3,3,40,1,3,6,4,4
"COG5430",0,12,1,1,14,0,0,1,0,0
"COG5431",0,0,0,0,0,0,0,0,0,0
"COG5432",0,0,0,0,0,7,1,0,0,0
"COG5433",17,0,14,3,12,25,0,44,19,26
"COG5434",9,6,4,1,4,13,1,20,4,22
"COG5436",6,7,4,4,2,1,5,2,2,11
"COG5437",2,5,3,0,27,0,0,0,2,0
"COG5438",0,0,0,0,0,3,2,0,8,2
"COG5439",0,0,0,0,0,0,0,0,1,0
"COG5440",0,0,5,0,0,6,5,0,14,3
"COG5441",26,42,9,8,19,16,4,0,7,8
"COG5442",1,1,1,0,14,1,0,0,1,0
"COG5443",0,1,2,0,32,2,2,1,0,1
"COG5444",0,0,0,0,2,0,0,0,0,0
"COG5446",2,5,3,6,9,4,0,7,5,1
"COG5447",5,13,7,4,10,4,3,0,2,6
"COG5448",0,0,0,0,95,0,1,0,0,1
"COG5449",1,2,0,0,46,1,0,0,1,0
"COG5450",1,0,0,0,0,0,0,0,0,0
"COG5451",0,0,0,0,4,0,0,0,0,0
"COG5452",12,5,16,3,39,10,13,7,8,10
"COG5453",0,0,0,2,3,0,0,0,0,0
"COG5454",0,0,0,0,6,0,0,1,0,0
"COG5455",0,0,0,0,1,0,0,0,0,0
"COG5456",0,10,0,0,39,1,0,0,0,2
"COG5457",0,0,0,0,5,0,0,0,1,0
"COG5458",18,22,13,10,43,22,12,2,12,10
"COG5459",1,1,9,2,1,13,1,0,10,2
"COG5460",1,0,1,0,0,2,2,4,1,4
"COG5461",0,0,0,0,24,0,0,0,0,0
"COG5462",1,0,0,0,0,1,0,0,0,0
"COG5463",2,1,3,0,0,0,0,3,2,1
"COG5464",0,2,0,0,12,2,0,1,0,1
"COG5465",25,26,19,1,50,18,16,8,10,12
"COG5466",0,0,0,0,0,0,0,0,0,0
"COG5467",14,1,21,5,23,5,19,12,13,14
"COG5468",0,0,0,0,4,0,0,0,0,0
"COG5469",14,6,3,0,2,4,1,1,4,5
"COG5470",88,54,72,50,5,54,70,38,80,84
"COG5471",0,1,0,0,1,0,0,0,0,0
"COG5472",0,0,0,0,10,0,1,1,0,1
"COG5473",1,4,2,2,18,4,1,10,4,3
"COG5474",0,0,7,0,0,7,0,0,3,5
"COG5476",36,34,24,20,15,74,72,46,75,57
"COG5477",9,11,6,2,7,3,7,9,4,7
"COG5478",0,0,0,0,0,0,0,0,0,0
"COG5479",3,3,4,0,11,8,22,15,5,5
"COG5480",0,1,0,0,20,0,0,2,0,0
"COG5481",0,0,0,0,12,0,0,1,0,0
"COG5482",0,29,5,8,2,1,0,0,1,0
"COG5483",1,0,0,0,23,0,2,0,0,0
"COG5484",0,0,0,0,2,3,0,2,1,0
"COG5485",12,26,11,22,5,35,7,6,14,19
"COG5486",35,19,10,18,1,15,13,15,26,15
"COG5488",10,1,4,0,15,16,6,5,4,5
"COG5489",4,0,0,0,92,0,3,2,0,1
"COG5490",0,0,0,0,10,1,0,0,1,0
"COG5491",0,0,13,0,0,11,11,352,25,6
"COG5492",1,2,1,3,2,0,10,1,0,4
"COG5493",0,0,1,1,0,1,1,0,0,1
"COG5495",16,41,6,86,6,35,12,5,14,9
"COG5496",0,3,1,0,0,6,7,4,3,3
"COG5497",0,0,0,0,5,0,0,0,1,0
"COG5498",20,75,13,133,9,33,10,5,22,24
"COG5499",0,2,1,0,9,1,1,1,1,1
"COG5500",1,3,1,0,23,0,1,0,0,0
"COG5501",18,18,12,20,21,45,28,8,17,15
"COG5502",1,0,0,0,5,0,0,0,0,1
"COG5504",0,5,0,0,0,0,0,0,0,0
"COG5505",37,107,33,117,62,95,21,31,33,28
"COG5507",2,0,1,0,17,0,1,0,0,3
"COG5508",0,0,0,0,0,0,0,0,0,0
"COG5509",0,0,0,0,0,0,0,0,0,0
"COG5511",27,23,5,2,292,15,17,10,4,21
"COG5512",0,1,4,0,5,4,0,2,1,3
"COG5513",0,2,0,0,1,0,2,1,0,0
"COG5514",0,0,4,0,0,4,0,0,3,4
"COG5515",4,7,2,4,2,3,2,2,2,4
"COG5516",0,0,2,0,1,1,0,0,0,10
"COG5517",0,3,4,1,14,9,2,11,6,2
"COG5518",3,10,0,0,62,0,2,6,0,1
"COG5519",8,51,9,1,471,12,13,10,9,28
"COG5520",26,109,14,160,12,47,22,3,22,30
"COG5522",130,126,61,64,3,88,82,54,89,90
"COG5523",9,13,4,5,0,10,2,2,4,13
"COG5524",0,0,0,0,0,0,0,0,0,0
"COG5525",29,27,10,2,233,12,38,9,4,37
"COG5526",0,0,0,0,0,0,0,0,0,0
"COG5527",0,2,0,1,3,0,0,3,2,1
"COG5528",3,3,0,0,6,1,0,1,0,0
"COG5529",0,0,0,6,3,0,0,0,0,0
"COG5530",0,0,0,0,19,0,1,0,1,0
"COG5531",12,21,5,1,2,5,7,0,1,7
"COG5532",0,1,0,0,1,0,0,0,0,0
"COG5533",16,75,27,8,1,31,16,2,7,21
"COG5534",0,14,2,11,72,8,2,9,0,3
"COG5535",0,0,4,0,0,9,3,0,1,4
"COG5536",0,1,17,1,0,10,5,0,6,5
"COG5537",3,1,14,2,0,16,7,0,0,6
"COG5539",0,1,5,0,0,6,3,0,4,3
"COG5540",4,5,10,0,0,1,1,0,0,1
"COG5541",0,0,4,0,0,5,0,0,1,1
"COG5542",2,1,7,1,0,14,5,3,2,6
"COG5543",1,0,12,0,0,22,4,0,4,7
"COG5545",25,38,16,2,610,43,34,25,18,38
"COG5549",3,3,11,0,0,14,0,0,5,1
"COG5551",0,0,0,0,0,0,0,0,0,0
"COG5552",0,0,0,0,0,0,0,1,0,0
"COG5553",2,6,5,0,11,6,5,3,13,4
"COG5555",0,0,1,0,0,3,1,0,2,1
"COG5556",0,0,0,0,1,0,0,2,0,0
"COG5557",108,177,66,160,18,148,52,57,73,78
"COG5560",3,11,19,0,1,22,7,0,5,10
"COG5562",0,0,0,0,0,0,0,0,0,0
"COG5563",4,12,7,18,22,7,2,0,3,2
"COG5564",2,1,1,0,4,5,0,1,5,2
"COG5565",0,8,1,0,170,1,10,8,0,2
"COG5566",0,0,0,0,0,0,0,0,0,0
"COG5568",0,0,0,0,1,0,0,0,0,0
"COG5569",0,0,0,0,2,0,0,4,0,0
"COG5571",0,0,0,0,1,0,0,5,0,0
"COG5572",0,5,0,0,4,3,0,1,1,0
"COG5573",0,0,0,0,1,0,0,2,0,0
"COG5574",0,0,4,1,0,4,1,0,0,1
"COG5575",1,0,4,1,0,7,5,0,2,1
"COG5576",0,0,0,0,0,0,0,0,0,0
"COG5579",0,0,0,2,8,0,1,1,0,0
"COG5580",1,2,6,1,0,11,4,0,1,1
"COG5581",0,0,1,0,3,4,0,4,0,0
"COG5583",0,0,0,0,0,0,0,1,0,0
"COG5585",1,1,0,0,7,0,2,0,0,0
"COG5586",0,0,0,0,1,0,0,0,0,0
"COG5587",8,52,2,55,16,11,1,11,4,6
"COG5588",31,12,14,16,1,17,6,19,18,24
"COG5589",0,1,2,0,3,4,0,2,1,0
"COG5590",26,33,12,16,65,26,27,9,8,14
"COG5591",2,0,1,0,2,1,0,5,0,0
"COG5593",2,1,5,1,0,27,11,0,1,6
"COG5594",0,0,10,1,0,55,17,0,9,21
"COG5595",0,0,0,0,1,0,0,0,0,0
"COG5596",1,0,9,1,0,9,3,0,4,2
"COG5597",8,6,13,10,17,3,1,2,2,8
"COG5598",222,424,112,372,27,204,185,473,140,94
"COG5599",2,0,0,4,0,0,0,0,1,0
"COG5600",0,0,3,0,0,3,1,0,4,2
"COG5601",0,0,3,0,0,4,2,0,0,1
"COG5602",5,1,18,6,0,22,6,0,9,8
"COG5603",0,0,1,0,0,3,2,0,0,1
"COG5604",2,0,5,1,0,7,6,0,6,5
"COG5605",0,12,23,16,4,5,25,18,22,26
"COG5606",0,0,1,0,4,0,0,1,1,0
"COG5607",0,1,0,0,0,1,0,0,1,2
"COG5608",0,0,1,0,8,0,0,1,0,1
"COG5610",0,1,5,0,3,1,0,6,1,0
"COG5611",1,0,0,1,2,0,0,0,0,0
"COG5613",0,0,0,0,0,1,0,0,0,0
"COG5614",3,2,0,0,7,0,0,0,1,0
"COG5615",0,0,0,6,13,2,0,2,0,0
"COG5616",208,205,201,61,153,274,215,206,215,173
"COG5618",0,0,1,0,7,0,0,0,1,0
"COG5619",0,0,0,0,1,1,0,5,0,0
"COG5620",0,0,0,0,0,0,0,0,0,0
"COG5621",32,45,7,22,7,19,10,9,10,16
"COG5622",2,0,1,0,31,0,0,0,0,0
"COG5623",0,0,2,0,0,10,1,0,3,2
"COG5624",0,0,2,0,0,3,0,0,0,0
"COG5626",0,2,2,15,8,2,0,2,0,0
"COG5628",0,5,0,8,0,0,0,0,0,0
"COG5630",7,35,2,12,0,3,1,0,4,2
"COG5631",1,2,0,0,13,3,1,0,0,0
"COG5632",5,3,1,0,12,0,0,0,0,1
"COG5633",0,0,0,0,0,0,0,0,0,1
"COG5635",16,2,24,0,70,5,7,1,3,2
"COG5636",0,0,3,0,0,2,0,0,1,0
"COG5637",18,4,56,1,26,13,20,4,47,30
"COG5638",1,0,8,0,0,10,1,0,2,4
"COG5639",1,0,0,0,9,0,0,3,0,0
"COG5640",15,20,18,4,147,32,14,9,24,14
"COG5641",0,0,1,0,0,3,4,0,4,1
"COG5642",0,1,0,0,16,0,0,1,0,0
"COG5644",0,0,3,1,0,12,3,0,1,3
"COG5645",0,0,0,0,1,0,0,1,0,0
"COG5646",0,0,0,0,0,0,0,1,0,1
"COG5647",5,1,41,6,0,46,11,0,16,16
"COG5648",4,11,12,6,0,2,3,0,4,0
"COG5649",0,0,0,0,0,0,0,0,0,0
"COG5650",1,0,0,0,0,1,0,0,0,0
"COG5651",7,7,1,0,28,6,0,0,2,2
"COG5652",1,0,1,0,0,1,3,1,3,0
"COG5653",5,0,8,11,8,3,2,3,8,3
"COG5654",0,0,0,0,20,1,0,4,0,0
"COG5655",0,1,0,0,9,0,1,0,0,0
"COG5656",0,1,10,1,0,13,10,0,3,6
"COG5657",2,0,38,2,0,16,7,0,4,8
"COG5658",1,5,0,4,8,0,0,1,0,0
"COG5659",0,2,2,0,2,2,0,0,0,2
"COG5660",5,10,6,0,0,11,18,18,13,4
"COG5661",0,2,3,0,5,0,0,1,2,1
"COG5662",0,0,0,0,4,1,0,0,0,0
"COG5663",3,6,1,0,36,0,9,0,0,2
"COG5664",0,0,0,0,5,0,0,0,0,0
"COG5665",2,0,16,1,0,4,5,0,4,2
